0.000000,0.000000,0.000000,0.000000,0.000000,0.000000,0.000000,0.000000,0.000000,0.000000,0.000000,0.000000,0.000000,0.000000,0.000000,0.000000,0.000000,0.000000,0.000000,0.000000,0.000000,0.000000,0.000000,0.000000,0.000000,0.000000,0.000000,0.000000,0.000000,0.000000,0.000000,0.000000,0.000000,0.000000,0.000000,0.000000,0.000000,0.000000,0.000000,0.000000,0.000000,0.000000,0.000000,0.000000,0.000000,0.000000,0.000000,0.000000,0.000000,0.000000,0.000000,0.000000,0.000000,0.000000,0.000000,0.000000,0.000000,0.000000,0.000000,0.000000,0.000000,0.000000,0.000000,0.000000,0.000000,0.000000,0.000000,0.000000,0.000000,0.000000,0.000000,0.000000,0.000000,0.000000,0.000000,0.000000,0.000000,0.000000,0.000000,0.000000,0.000000,0.000000,0.000000,0.000000,0.000000,0.000000,0.000000,0.000000,0.000000,0.000000,0.000000,0.000000,0.000000,0.000000,0.000000,0.000000,0.000000,0.000000,0.000000,0.000000,0.000000,0.000000,0.000000
0.000000,0.000000,0.000000,0.000000,0.000000,0.000000,0.000000,0.000000,0.000000,0.000000,0.000000,0.000000,0.000000,0.000000,0.000000,0.000000,0.000000,0.000000,0.000000,0.000000,0.000000,0.000000,0.000000,0.000000,0.000000,0.000000,0.000000,0.000000,0.000000,0.000000,0.000000,0.000000,0.000000,0.000000,0.000000,0.000000,0.000000,0.000000,0.000000,0.000000,0.000000,0.000000,0.000000,0.000000,0.000000,0.000000,0.000000,0.000000,0.000000,0.000000,0.000000,0.000000,0.000000,0.000000,0.000000,0.000000,0.000000,0.000000,0.000000,0.000000,0.000000,0.000000,0.000000,0.000000,0.000000,0.000000,0.000000,0.000000,0.000000,0.000000,0.000000,0.000000,0.000000,0.000000,0.000000,0.000000,0.000000,0.000000,0.000000,0.000000,0.000000,0.000000,0.000000,0.000000,0.000000,0.000000,0.000000,0.000000,0.000000,0.000000,0.000000,0.000000,0.000000,0.000000,0.000000,0.000000,0.000000,0.000000,0.000000,0.000000,0.000000,0.000000,0.000000
0.000000,0.000000,0.000000,0.000000,0.000000,0.000000,0.000000,0.000000,0.000000,0.000000,0.000000,0.000000,0.000000,0.000000,0.000000,0.000000,0.000000,0.000000,0.000000,0.000000,0.000000,0.000000,0.000000,0.000000,0.000000,0.000000,0.000000,0.000000,0.000000,0.000000,0.000000,0.000000,0.000000,0.000000,0.000000,0.000000,0.000000,0.000000,0.000000,0.000000,0.000000,0.000000,-278714.122746,-275366.256235,-272715.833000,-270922.874466,-268834.257397,-267483.632120,-266109.348795,-264385.333982,-264565.459736,-267373.958378,-270609.986229,-272287.070923,-272186.534338,-270670.496647,-269861.329588,-271335.624705,-272381.039841,-271382.506731,-271674.143585,0.000000,0.000000,0.000000,0.000000,0.000000,0.000000,0.000000,0.000000,0.000000,0.000000,0.000000,0.000000,0.000000,0.000000,0.000000,0.000000,0.000000,0.000000,0.000000,0.000000,0.000000,0.000000,0.000000,0.000000,0.000000,0.000000,0.000000,0.000000,0.000000,0.000000,0.000000,0.000000,0.000000,0.000000,0.000000,0.000000,0.000000,0.000000,0.000000,0.000000,0.000000,0.000000
0.000000,0.000000,0.000000,0.000000,0.000000,0.000000,0.000000,0.000000,0.000000,0.000000,0.000000,0.000000,0.000000,0.000000,0.000000,0.000000,0.000000,0.000000,0.000000,0.000000,0.000000,0.000000,0.000000,0.000000,0.000000,0.000000,0.000000,0.000000,0.000000,0.000000,0.000000,0.000000,0.000000,0.000000,0.000000,0.000000,0.000000,0.000000,-280812.073655,-278809.303462,-276248.675366,-274635.595348,-274634.591168,-273031.108018,-270081.081311,-267989.983245,-266519.186108,-265809.362691,-264952.085748,-263676.601482,-263780.071782,-265211.415698,-267438.756605,-269706.779609,-269920.277763,-269411.648131,-269643.133729,-269949.529886,-270284.808571,-270224.657506,-270717.144382,-272820.157209,-274780.397709,-274941.036461,-274638.512646,0.000000,0.000000,0.000000,0.000000,0.000000,0.000000,0.000000,0.000000,0.000000,0.000000,0.000000,0.000000,0.000000,0.000000,0.000000,0.000000,0.000000,0.000000,0.000000,0.000000,0.000000,0.000000,0.000000,0.000000,0.000000,0.000000,0.000000,0.000000,0.000000,0.000000,0.000000,0.000000,0.000000,0.000000,0.000000,0.000000,0.000000,0.000000
0.000000,0.000000,0.000000,0.000000,0.000000,0.000000,0.000000,0.000000,0.000000,0.000000,0.000000,0.000000,0.000000,0.000000,0.000000,0.000000,0.000000,0.000000,0.000000,0.000000,0.000000,0.000000,0.000000,0.000000,0.000000,0.000000,0.000000,0.000000,0.000000,0.000000,0.000000,0.000000,0.000000,0.000000,-274570.275373,-275370.677741,-276072.362702,-276665.876403,-276510.048368,-275045.186598,-272952.838686,-271752.685191,-271857.753494,-270203.639540,-267015.690263,-265627.321492,-265327.252143,-264623.107134,-264275.557751,-263562.537972,-262375.350341,-262458.753589,-264554.779404,-267069.589128,-268057.248282,-268221.274638,-268237.532227,-268230.886138,-268709.066969,-269468.367591,-270473.500359,-271555.341964,-271930.960371,-271287.071124,-270384.552393,-270631.156846,-270751.500334,-270058.605737,-270833.404645,0.000000,0.000000,0.000000,0.000000,0.000000,0.000000,0.000000,0.000000,0.000000,0.000000,0.000000,0.000000,0.000000,0.000000,0.000000,0.000000,0.000000,0.000000,0.000000,0.000000,0.000000,0.000000,0.000000,0.000000,0.000000,0.000000,0.000000,0.000000,0.000000,0.000000,0.000000,0.000000,0.000000,0.000000
0.000000,0.000000,0.000000,0.000000,0.000000,0.000000,0.000000,0.000000,0.000000,0.000000,0.000000,0.000000,0.000000,0.000000,0.000000,0.000000,0.000000,0.000000,0.000000,0.000000,0.000000,0.000000,0.000000,0.000000,0.000000,0.000000,0.000000,0.000000,0.000000,0.000000,0.000000,0.000000,-277683.190089,-274815.020587,-273417.683279,-272564.427460,-271945.189357,-272063.678183,-271847.796192,-270649.576840,-269096.681303,-269110.288399,-268734.675596,-266526.965642,-264251.230373,-262492.018877,-261702.716821,-261424.620936,-260497.218251,-258760.130863,-257872.294784,-257531.815565,-257984.985987,-259819.967955,-261473.960474,-262926.194773,-264001.098705,-265087.284136,-266353.409295,-267644.990390,-269233.473676,-269969.607470,-269820.708208,-269552.000941,-268684.077138,-267496.059651,-266684.617612,-266784.882082,-268078.499894,-270353.556870,-273228.037951,0.000000,0.000000,0.000000,0.000000,0.000000,0.000000,0.000000,0.000000,0.000000,0.000000,0.000000,0.000000,0.000000,0.000000,0.000000,0.000000,0.000000,0.000000,0.000000,0.000000,0.000000,0.000000,0.000000,0.000000,0.000000,0.000000,0.000000,0.000000,0.000000,0.000000,0.000000,0.000000
0.000000,0.000000,0.000000,0.000000,0.000000,0.000000,0.000000,0.000000,0.000000,0.000000,0.000000,0.000000,0.000000,0.000000,0.000000,0.000000,0.000000,0.000000,0.000000,0.000000,0.000000,0.000000,0.000000,0.000000,0.000000,0.000000,0.000000,0.000000,0.000000,0.000000,-275474.234972,-273996.767511,-273035.164977,-272038.486171,-271360.792181,-270363.576486,-268930.395319,-267187.923886,-266194.178332,-265688.848995,-264714.213622,-264926.442061,-265066.998393,-263061.478479,-260087.337516,-255967.909789,-252851.428063,-252460.873512,-249494.904159,-245553.112048,-244971.139852,-244010.695220,-244021.003421,-246993.098710,-249635.484757,-253147.817654,-256437.218615,-257763.788361,-260373.739526,-263737.077012,-265908.411434,-266563.749515,-266501.005169,-266910.504978,-266814.446793,-265648.366284,-264510.539938,-264525.754024,-266034.755991,-268012.509868,-269587.317948,-271658.784109,-274764.670056,0.000000,0.000000,0.000000,0.000000,0.000000,0.000000,0.000000,0.000000,0.000000,0.000000,0.000000,0.000000,0.000000,0.000000,0.000000,0.000000,0.000000,0.000000,0.000000,0.000000,0.000000,0.000000,0.000000,0.000000,0.000000,0.000000,0.000000,0.000000,0.000000,0.000000
0.000000,0.000000,0.000000,0.000000,0.000000,0.000000,0.000000,0.000000,0.000000,0.000000,0.000000,0.000000,0.000000,0.000000,0.000000,0.000000,0.000000,0.000000,0.000000,0.000000,0.000000,0.000000,0.000000,0.000000,0.000000,0.000000,0.000000,0.000000,-270890.870333,-270897.781623,-270632.291740,-269983.737464,-269538.527770,-269152.841234,-268646.711801,-267602.447647,-265074.171372,-261905.738989,-260900.579448,-259927.513717,-258452.821876,-259270.976463,-259514.081914,-257045.533940,-250740.799337,-242977.183296,-237503.462113,-230791.817875,-225307.504406,-222451.539219,-216607.977092,-212094.630317,-215032.718667,-223016.763908,-231687.510890,-238612.154281,-242820.283066,-246232.140161,-250408.100203,-254223.321771,-257477.560797,-260246.516037,-261829.474682,-262486.350747,-262868.940569,-262626.280864,-262315.594863,-262794.106350,-263903.736766,-265391.242642,-266965.296300,-269299.939512,-272093.329247,-272960.315294,-273005.451659,0.000000,0.000000,0.000000,0.000000,0.000000,0.000000,0.000000,0.000000,0.000000,0.000000,0.000000,0.000000,0.000000,0.000000,0.000000,0.000000,0.000000,0.000000,0.000000,0.000000,0.000000,0.000000,0.000000,0.000000,0.000000,0.000000,0.000000,0.000000
0.000000,0.000000,0.000000,0.000000,0.000000,0.000000,0.000000,0.000000,0.000000,0.000000,0.000000,0.000000,0.000000,0.000000,0.000000,0.000000,0.000000,0.000000,0.000000,0.000000,0.000000,0.000000,0.000000,0.000000,0.000000,0.000000,-271872.055845,-269945.535980,-267967.060188,-267690.881854,-267475.494230,-266700.005181,-265921.841902,-264942.044384,-264169.418628,-261918.044896,-258122.192351,-255625.003281,-252301.706344,-247885.913121,-247872.730183,-249529.089959,-249080.009445,-245065.079133,-234421.306111,-219470.641985,-204828.631374,-192358.911763,-182800.136393,-175688.797309,-167355.217070,-159811.848515,-162553.287684,-180227.642255,-199514.115043,-208930.521134,-216485.538019,-225861.004716,-233165.505005,-237708.474104,-242002.289090,-246485.640830,-251070.846625,-256308.673454,-258906.613756,-258519.178489,-258343.673879,-259866.930028,-261766.473417,-262783.380563,-264248.877499,-267647.483194,-271244.175702,-272540.938265,-271454.140250,-270561.044963,-272601.015670,0.000000,0.000000,0.000000,0.000000,0.000000,0.000000,0.000000,0.000000,0.000000,0.000000,0.000000,0.000000,0.000000,0.000000,0.000000,0.000000,0.000000,0.000000,0.000000,0.000000,0.000000,0.000000,0.000000,0.000000,0.000000,0.000000
0.000000,0.000000,0.000000,0.000000,0.000000,0.000000,0.000000,0.000000,0.000000,0.000000,0.000000,0.000000,0.000000,0.000000,0.000000,0.000000,0.000000,0.000000,0.000000,0.000000,0.000000,0.000000,0.000000,0.000000,-274808.832880,-271998.556123,-270570.268632,-268441.592877,-266918.406805,-266232.784319,-265075.578711,-263766.068171,-261862.160527,-259304.123552,-256040.331338,-251955.530260,-246438.187144,-240408.599137,-234700.157558,-227906.519756,-225635.807493,-230653.209066,-232822.475109,-225229.003049,-210795.908933,-185493.781847,-155008.943227,-137361.601275,-123002.830402,-111639.366753,-104573.278298,-92697.514845,-98203.842149,-122906.165178,-144887.900178,-157473.007492,-166863.116507,-182262.861330,-198809.917999,-209035.429928,-215161.782244,-223103.161075,-232313.414717,-241080.345089,-249880.825461,-253453.980178,-251903.708202,-252213.067957,-255972.699882,-258695.648050,-260187.629968,-264010.908884,-268850.594650,-271063.427188,-269823.586324,-268189.868490,-269150.904324,-272034.055939,-274809.799741,0.000000,0.000000,0.000000,0.000000,0.000000,0.000000,0.000000,0.000000,0.000000,0.000000,0.000000,0.000000,0.000000,0.000000,0.000000,0.000000,0.000000,0.000000,0.000000,0.000000,0.000000,0.000000,0.000000,0.000000
0.000000,0.000000,0.000000,0.000000,0.000000,0.000000,0.000000,0.000000,0.000000,0.000000,0.000000,0.000000,0.000000,0.000000,0.000000,0.000000,0.000000,0.000000,0.000000,0.000000,0.000000,0.000000,0.000000,-272231.103276,-270988.047720,-270622.210672,-269898.801969,-268187.695777,-266730.056456,-265172.907549,-263185.301066,-260891.434473,-256156.557880,-248465.435339,-242505.021040,-235765.924289,-224220.690443,-212240.226644,-204257.757092,-197539.930443,-196235.254623,-204943.012377,-207166.041555,-195588.355322,-171995.167048,-139716.525255,-105725.482040,-76149.407964,-60165.498329,-53573.267097,-43717.314384,-31741.151090,-39158.225297,-62651.583486,-80030.154244,-88216.100988,-94956.403969,-115170.334705,-145518.253709,-166668.550773,-177278.740296,-190292.258184,-203904.592890,-217502.697595,-232055.656900,-239280.849327,-239230.458731,-238068.087282,-240099.876245,-246119.145505,-252598.056586,-258248.208383,-263924.499967,-266767.291556,-266882.171816,-266503.578406,-267937.694336,-270850.517329,-273839.780069,-276771.981559,0.000000,0.000000,0.000000,0.000000,0.000000,0.000000,0.000000,0.000000,0.000000,0.000000,0.000000,0.000000,0.000000,0.000000,0.000000,0.000000,0.000000,0.000000,0.000000,0.000000,0.000000,0.000000,0.000000
0.000000,0.000000,0.000000,0.000000,0.000000,0.000000,0.000000,0.000000,0.000000,0.000000,0.000000,0.000000,0.000000,0.000000,0.000000,0.000000,0.000000,0.000000,0.000000,0.000000,0.000000,0.000000,-268888.407995,-267995.054753,-268536.380591,-269488.432397,-268829.978606,-267541.242352,-265881.201316,-263260.615265,-260018.042778,-253507.575653,-241755.231463,-229406.835073,-217450.941349,-202510.160658,-183519.625932,-168265.734194,-161223.351121,-160477.954286,-169240.112688,-175856.643235,-167705.600144,-147932.974022,-115537.658094,-80329.159264,-53653.389868,-28758.934936,-14182.975453,-4502.951723,8427.199947,16495.668716,15268.573917,-3020.219099,-17837.580550,-17546.254526,-20513.143844,-41732.040039,-78622.561611,-111355.897366,-137590.793505,-154770.380217,-165654.064518,-186211.576914,-206115.799356,-215112.272483,-213617.362951,-208066.514988,-211463.632667,-222485.673168,-234801.519687,-247219.204255,-256608.841138,-261555.800986,-263759.254276,-264635.635007,-266738.928341,-270615.994236,-273259.770180,-273427.042362,-274011.432783,0.000000,0.000000,0.000000,0.000000,0.000000,0.000000,0.000000,0.000000,0.000000,0.000000,0.000000,0.000000,0.000000,0.000000,0.000000,0.000000,0.000000,0.000000,0.000000,0.000000,0.000000,0.000000
0.000000,0.000000,0.000000,0.000000,0.000000,0.000000,0.000000,0.000000,0.000000,0.000000,0.000000,0.000000,0.000000,0.000000,0.000000,0.000000,0.000000,0.000000,0.000000,0.000000,-271993.675055,-269375.663710,-266935.724987,-265731.420639,-266575.978567,-267278.684529,-266283.226572,-264832.310941,-262680.496450,-258629.358389,-252178.793278,-239961.537762,-220301.807344,-196481.521535,-171500.291857,-148094.248669,-121743.820291,-101631.792541,-104020.229370,-118042.590093,-130202.050783,-133218.132142,-114491.350919,-79221.925462,-47181.874718,-17813.856192,2137.190277,10810.510300,22825.128544,37226.645820,52957.987310,65510.877326,65626.995131,55091.595896,43936.163042,40397.773213,40005.318382,23105.827319,-12015.510969,-53460.507700,-90001.083704,-113333.621284,-128993.100463,-147216.724679,-170161.523500,-182014.066927,-175197.968914,-164109.525098,-166103.663412,-183013.488575,-207083.968442,-228840.418941,-242482.276330,-251343.808932,-258038.132946,-262400.208740,-265050.831866,-267990.707768,-270455.212234,-270761.833783,-270856.647727,-272747.664317,-275378.172410,0.000000,0.000000,0.000000,0.000000,0.000000,0.000000,0.000000,0.000000,0.000000,0.000000,0.000000,0.000000,0.000000,0.000000,0.000000,0.000000,0.000000,0.000000,0.000000,0.000000
0.000000,0.000000,0.000000,0.000000,0.000000,0.000000,0.000000,0.000000,0.000000,0.000000,0.000000,0.000000,0.000000,0.000000,0.000000,0.000000,0.000000,0.000000,0.000000,-270074.548802,-269025.953807,-267932.978657,-266362.143370,-264424.971571,-263393.796200,-262667.715478,-261385.418980,-259922.402092,-255464.555023,-248335.691188,-240213.801644,-225616.367656,-196674.422631,-156275.939546,-119879.087676,-86270.956978,-50879.390506,-29259.377488,-32309.126474,-51677.030954,-65178.918715,-63628.279760,-42905.467812,-6946.675769,22050.092289,38119.675783,46888.755039,53656.553867,64602.408439,77584.594168,91762.596430,104087.776694,105647.864854,99997.373536,92541.672252,86820.681892,83065.926210,70799.875199,39778.808423,-3203.487521,-37867.767265,-62739.068741,-82883.493068,-101471.226167,-123011.586604,-133441.529692,-126557.239560,-115005.022989,-113047.901064,-135269.658535,-172506.479224,-201480.147760,-219991.190011,-233180.870774,-243263.490023,-253521.272269,-260409.746786,-262938.251997,-265437.006252,-266864.622047,-267905.007542,-270008.330429,-271834.013422,-274265.146809,0.000000,0.000000,0.000000,0.000000,0.000000,0.000000,0.000000,0.000000,0.000000,0.000000,0.000000,0.000000,0.000000,0.000000,0.000000,0.000000,0.000000,0.000000,0.000000
0.000000,0.000000,0.000000,0.000000,0.000000,0.000000,0.000000,0.000000,0.000000,0.000000,0.000000,0.000000,0.000000,0.000000,0.000000,0.000000,0.000000,0.000000,-268580.114139,-267334.477693,-266898.274785,-267282.631715,-265569.734408,-262230.269541,-259113.938765,-256394.563788,-253605.643107,-246907.618804,-238282.143123,-231516.084789,-221484.166857,-202834.393170,-171138.524949,-126221.149392,-78943.131636,-36491.113292,-187.397036,25174.534653,33151.015676,24885.003086,15006.078733,18652.984930,35025.050890,54632.347618,72672.673010,80176.365104,81495.249858,89673.273904,99973.403005,110305.789800,119164.778754,124613.670966,127653.859917,125877.870226,121466.265105,116771.033001,111735.505711,100877.949522,77812.025468,45583.122454,12195.500185,-9233.916814,-20014.032889,-40955.646589,-62743.032387,-70266.868021,-66599.687728,-55115.467012,-59646.944241,-88078.080727,-125563.646880,-160039.714028,-182956.801019,-199969.910534,-218692.601876,-235831.758132,-248037.932335,-255421.612606,-258814.993675,-260968.849574,-263554.998848,-266270.677588,-267620.386504,-269115.673563,-271981.045967,0.000000,0.000000,0.000000,0.000000,0.000000,0.000000,0.000000,0.000000,0.000000,0.000000,0.000000,0.000000,0.000000,0.000000,0.000000,0.000000,0.000000,0.000000
0.000000,0.000000,0.000000,0.000000,0.000000,0.000000,0.000000,0.000000,0.000000,0.000000,0.000000,0.000000,0.000000,0.000000,0.000000,0.000000,0.000000,-268837.773475,-267206.590575,-265801.876620,-265569.117989,-265917.487226,-263384.806763,-258061.113930,-251973.648898,-245027.673173,-234724.472954,-219533.119098,-205110.849437,-195656.413983,-184990.032665,-165212.913111,-134399.161952,-92890.164412,-43522.344474,-4208.484886,25993.883099,57928.037675,75632.996903,79324.139141,79231.555367,81151.160570,90141.201342,99489.324743,105162.449349,107504.311389,109498.364301,115000.679602,122551.851060,128892.197619,133249.623494,135739.203949,136731.427440,137428.099877,135946.153775,132542.427556,129602.193572,121693.128128,106362.109278,85876.527677,64416.951876,49421.562732,39730.598011,23075.619968,5796.739779,-793.245361,981.287188,7379.369362,399.232022,-27218.823649,-64640.157211,-100784.439180,-127342.287678,-151946.698289,-184868.751012,-213669.778608,-230770.183363,-241678.025859,-249302.026432,-254528.434482,-257807.843231,-261105.192252,-263301.906604,-265444.185869,-268862.788975,-272961.544113,0.000000,0.000000,0.000000,0.000000,0.000000,0.000000,0.000000,0.000000,0.000000,0.000000,0.000000,0.000000,0.000000,0.000000,0.000000,0.000000,0.000000
0.000000,0.000000,0.000000,0.000000,0.000000,0.000000,0.000000,0.000000,0.000000,0.000000,0.000000,0.000000,0.000000,0.000000,0.000000,0.000000,-270587.128808,-268101.845569,-266622.498017,-264938.718224,-263775.725477,-261633.713671,-256398.302539,-248495.958442,-237053.030263,-223209.937936,-202096.037692,-175186.566848,-153265.772784,-139443.766661,-130030.076742,-112935.331143,-84410.268401,-50374.732609,-10763.313908,26036.744900,53196.687213,80570.575004,101473.653766,110341.820776,113856.591150,115124.459883,118742.789540,124051.971891,127168.402599,127015.676222,127786.744522,131510.769505,135426.716871,137850.060820,140054.739870,142151.210643,142904.716523,142021.073125,140959.503271,140154.628656,138207.164389,134642.191195,126811.980178,114707.648123,103953.644780,96112.908430,86564.554510,75375.999461,65355.504381,60480.098241,61876.081301,61558.517915,51974.095679,28292.135436,-4757.201000,-36258.825301,-72857.235517,-113261.181249,-149533.723108,-186675.962630,-211369.965975,-222068.355975,-232615.914366,-243159.452246,-250938.272736,-256040.124508,-259897.435638,-262934.797466,-266670.850838,-270744.945701,-274697.694214,0.000000,0.000000,0.000000,0.000000,0.000000,0.000000,0.000000,0.000000,0.000000,0.000000,0.000000,0.000000,0.000000,0.000000,0.000000,0.000000
0.000000,0.000000,0.000000,0.000000,0.000000,0.000000,0.000000,0.000000,0.000000,0.000000,0.000000,0.000000,0.000000,0.000000,0.000000,-269157.970605,-268462.440524,-267123.665972,-265101.138644,-262667.153771,-258760.777339,-252778.064714,-244519.639211,-231587.787470,-212361.166452,-190095.603461,-159468.396071,-119284.773027,-90795.448691,-80696.713090,-66736.275100,-46943.497913,-32877.344197,-9658.909866,26901.472417,60028.463233,83997.698708,103994.878212,120406.333252,127777.100681,129725.324897,131733.672073,133718.120222,135527.610430,137534.656855,138472.194060,138518.719107,140055.763575,141261.618383,141830.176403,143742.724682,145268.843578,145209.108931,144145.642374,143448.235714,143310.583133,142409.323454,140521.812626,138022.538981,133251.709058,126283.709260,121614.154095,117807.544384,111113.772392,104872.984244,102667.226144,101916.116864,98812.829042,85116.440249,61783.688546,35502.149427,1107.271379,-40696.137436,-83601.662214,-122567.684300,-156742.003571,-179311.373143,-190012.675005,-204421.008822,-223740.927310,-239582.689544,-250648.158407,-257565.748516,-261660.135385,-264790.644324,-267944.243192,-270942.828936,-272771.387255,0.000000,0.000000,0.000000,0.000000,0.000000,0.000000,0.000000,0.000000,0.000000,0.000000,0.000000,0.000000,0.000000,0.000000,0.000000
0.000000,0.000000,0.000000,0.000000,0.000000,0.000000,0.000000,0.000000,0.000000,0.000000,0.000000,0.000000,0.000000,0.000000,-265616.162793,-265994.299458,-265799.307216,-264447.592032,-262393.398392,-258341.085122,-251386.966630,-241068.362156,-225410.111066,-202193.345735,-172767.383624,-140386.909928,-105142.131457,-63256.900884,-31195.584829,-17522.374426,-1521.995997,16642.946258,25123.435126,37312.991226,65154.229861,91464.038034,109092.879127,123484.045117,132902.647103,136104.646034,136908.865635,139106.363533,140973.345125,141639.703383,142125.007613,143063.191334,143354.056150,143427.828670,143766.319391,144702.100748,145996.372864,146176.172012,145426.200364,144747.441560,144702.101677,145209.084930,145351.034442,144397.456091,142549.274666,140910.109771,138588.100362,135928.139832,133542.753547,130057.770940,127444.852897,126528.177282,124245.032281,119034.672805,107238.670842,87834.387538,61390.996995,21427.601745,-18680.261517,-50093.793450,-82690.833087,-112398.904790,-131291.496677,-143046.651264,-164072.671921,-195214.535069,-223877.734400,-243487.465313,-254272.354787,-260032.358719,-262909.297372,-265176.075472,-267648.091409,-269635.396418,-271365.688167,0.000000,0.000000,0.000000,0.000000,0.000000,0.000000,0.000000,0.000000,0.000000,0.000000,0.000000,0.000000,0.000000,0.000000
0.000000,0.000000,0.000000,0.000000,0.000000,0.000000,0.000000,0.000000,0.000000,0.000000,0.000000,0.000000,0.000000,-264561.839481,-263609.287415,-263608.569619,-263195.959721,-261901.643417,-259220.502921,-252491.702901,-240041.778610,-222514.103567,-195518.506895,-156745.770486,-113274.671348,-74898.261223,-40570.657615,-4867.296124,21025.615904,37006.318054,53159.315185,68600.666956,77785.118691,83883.114789,98543.901791,116256.891927,126723.602016,133556.139951,138164.434524,139682.803924,140854.180974,141625.165838,142566.217111,143776.388260,144563.192969,145001.940475,144891.820024,144867.276717,145091.672196,145973.262551,146875.183483,146728.092265,146048.078444,145453.066615,145205.693901,145285.394951,145916.743737,146099.802301,144972.911945,144266.236654,143837.545602,142496.231150,140879.582743,139257.897244,137770.275942,136526.118904,135290.946034,132063.300602,124008.483187,108909.451428,86440.276733,54997.478654,19203.442007,-5610.886382,-23493.981625,-53256.321681,-83862.867612,-104877.625129,-132481.358827,-170393.702543,-208049.325035,-234787.418365,-249240.882043,-256213.567382,-259530.492231,-261647.382392,-263494.395865,-266293.238003,-269123.775081,-271661.288000,0.000000,0.000000,0.000000,0.000000,0.000000,0.000000,0.000000,0.000000,0.000000,0.000000,0.000000,0.000000,0.000000
0.000000,0.000000,0.000000,0.000000,0.000000,0.000000,0.000000,0.000000,0.000000,0.000000,0.000000,0.000000,-267213.137388,-264886.649531,-263530.573900,-263062.897799,-261754.479540,-259230.976342,-253429.148143,-241396.841569,-223032.198682,-194445.148478,-153680.492855,-102706.064704,-51053.934436,-13666.581856,14845.332682,44535.372929,62920.093928,71977.408019,89203.231437,104693.851354,110041.184334,115308.930444,124125.572709,131667.297423,135631.971215,138737.879296,141044.143087,142003.748688,142812.146013,142621.004100,142544.890400,143694.119342,144721.940299,145283.215450,145379.052567,145486.113859,146029.350279,146993.802012,147478.357359,147137.164645,146484.876006,145996.632320,145966.802700,146085.859487,146150.320219,146304.024311,145861.871439,145558.269451,145640.443747,144948.408644,144264.999436,143185.935359,141878.112851,140856.129500,139738.844789,138301.947275,134124.297675,125457.261627,111239.438705,90143.320274,67776.886469,50235.269555,30973.105740,-6133.386832,-51535.413070,-88668.282554,-127177.193040,-165177.066702,-197808.353858,-224844.109221,-241334.760574,-249390.779728,-254729.384395,-258296.014253,-260035.789769,-262987.192040,-265969.663469,-268920.406293,-273560.681403,0.000000,0.000000,0.000000,0.000000,0.000000,0.000000,0.000000,0.000000,0.000000,0.000000,0.000000,0.000000
0.000000,0.000000,0.000000,0.000000,0.000000,0.000000,0.000000,0.000000,0.000000,0.000000,0.000000,0.000000,-268774.798992,-266325.738560,-264439.731573,-262681.850606,-259583.241844,-254216.230172,-244719.490188,-225672.363547,-198665.332381,-163643.558500,-115001.542615,-59089.095184,-8305.627634,25130.178210,48348.624479,74839.221864,92947.233137,101534.292801,112688.902649,123592.916728,129271.387291,133468.277378,137865.618434,139763.557158,140822.248756,142488.911516,143038.584660,143044.285872,143338.633754,143335.401633,143377.264104,143683.902667,144621.852133,145534.690290,145571.783816,146068.472971,147118.479984,147936.472466,148113.125424,147578.189775,146634.412485,145948.140430,146101.759113,146631.579764,146923.181515,146892.838659,146743.021982,146652.601696,146596.859780,145874.634273,144892.968099,144080.722614,143781.409394,143710.786058,143189.146085,141480.175957,138188.674397,135305.710261,129213.512832,116910.051369,104515.740855,92410.264336,70780.633427,30110.886619,-24769.390049,-78072.627917,-123074.213059,-157655.875485,-183508.163794,-206950.913685,-226317.540344,-237719.839731,-245593.741807,-253879.688932,-258602.535863,-260850.690642,-264300.855107,-267551.696869,-270858.443737,0.000000,0.000000,0.000000,0.000000,0.000000,0.000000,0.000000,0.000000,0.000000,0.000000,0.000000,0.000000
0.000000,0.000000,0.000000,0.000000,0.000000,0.000000,0.000000,0.000000,0.000000,0.000000,0.000000,-273061.658981,-270218.398107,-267312.757582,-264266.823611,-260603.594638,-256108.466614,-247807.537986,-233170.318756,-208515.777117,-176047.198251,-138600.213346,-90311.749092,-33338.374538,17125.892552,49551.977009,75002.081278,98161.261480,113914.867725,123118.250050,129413.504250,135325.262130,139041.870686,141744.967368,143393.008453,143637.529258,144222.844603,144417.468389,143922.418106,144109.615040,144314.137553,144375.337400,144387.418118,144277.933904,145071.835917,146169.740071,146459.933637,146913.401569,147915.931196,148295.397600,147870.308369,147336.493825,146414.374252,145684.495413,145699.756349,146220.035032,147136.223392,147690.847573,147786.253825,147832.050196,147642.888573,146643.199914,145378.780612,144676.509261,144542.082592,144783.370708,145132.969205,144620.978447,142481.817879,139976.935064,137709.022111,133655.811818,125625.583931,115482.972844,98098.896585,64665.727513,13363.752972,-45343.987943,-94264.741111,-125793.319369,-149060.186602,-177199.547659,-199942.601346,-213942.084630,-228467.065501,-242532.203847,-253327.624296,-259787.898973,-263760.486449,-266705.616255,-270086.642319,-274489.531150,0.000000,0.000000,0.000000,0.000000,0.000000,0.000000,0.000000,0.000000,0.000000,0.000000,0.000000
0.000000,0.000000,0.000000,0.000000,0.000000,0.000000,0.000000,0.000000,0.000000,0.000000,-276557.736778,-272715.917105,-270694.085602,-267258.751846,-262159.698012,-257259.535812,-248881.346676,-236391.038890,-218929.320352,-192407.991090,-160148.288017,-121638.936182,-71896.595749,-14910.562938,37030.227378,74414.214357,99659.503977,118102.876265,129426.307673,134841.058920,139403.435016,141961.382369,142855.231706,144318.529611,144938.992519,145289.766440,145598.985372,145474.881715,145390.856623,145561.310444,145705.603311,145975.420023,145796.118909,145597.874350,146087.541656,146528.799928,146731.670275,147032.023578,147641.803287,147841.756079,147321.065458,146926.816664,146381.475158,145873.123192,145776.495176,146147.650442,147382.416948,148259.611372,148687.545827,148685.203974,148045.267453,147094.257969,146345.409907,146018.431542,145732.624843,145764.393826,145555.808074,145367.831469,145262.017570,144163.560309,142297.670110,140723.766290,137211.462324,129721.089151,117230.343343,93558.917807,56679.263190,9595.928294,-36586.070410,-69303.046991,-97163.842763,-132711.104969,-162806.385978,-180874.873080,-202717.525897,-225984.018707,-243244.350444,-255061.587391,-261484.838121,-265277.896663,-268603.377742,-271915.255394,-275853.967313,0.000000,0.000000,0.000000,0.000000,0.000000,0.000000,0.000000,0.000000,0.000000,0.000000
0.000000,0.000000,0.000000,0.000000,0.000000,0.000000,0.000000,0.000000,0.000000,-276798.827369,-273967.355322,-272019.297148,-269667.508002,-265098.351642,-259039.375249,-250407.855266,-235925.275573,-217017.640111,-199174.794651,-175367.581965,-141314.608923,-102849.840394,-55295.317890,111.279105,54804.465548,94899.812321,117181.815581,131354.064603,138450.556975,141853.856397,144527.832790,145182.578796,145439.107273,145773.354830,145673.544313,145883.914384,146232.773303,146583.414754,147174.182719,147122.799613,146932.628581,147711.645740,147850.487877,147254.238450,146924.890524,146483.725018,146307.830943,146490.705236,146595.088708,146728.081826,146800.651779,146987.011094,147214.513643,147101.739015,146792.489021,147017.611142,147918.232490,148727.840445,149262.034328,149097.266378,148448.599213,147616.243448,147106.194262,147004.305468,146752.864493,146497.984814,145801.114300,145206.594444,145431.725027,146009.179989,145371.151112,144404.309661,142748.354603,137463.590583,129161.957993,115659.565472,93221.445087,62901.896613,30579.143685,-530.753257,-35300.465744,-79166.404966,-124607.389752,-153329.300921,-177671.119223,-210708.337387,-233915.352848,-247510.356888,-257842.086269,-262614.882336,-265944.497703,-269786.204887,-273461.163725,-277747.248645,0.000000,0.000000,0.000000,0.000000,0.000000,0.000000,0.000000,0.000000,0.000000
0.000000,0.000000,0.000000,0.000000,0.000000,0.000000,0.000000,0.000000,0.000000,-272999.161699,-271401.534706,-269791.903222,-267101.048787,-262578.725231,-255701.397921,-240300.981838,-216875.936551,-192818.329238,-173130.623854,-153769.016622,-119987.760569,-70946.698680,-21064.493442,25942.907400,73803.047545,109345.948470,128557.961208,138440.685416,142657.064353,146123.477454,147864.623703,147337.448912,146813.517225,146313.090866,145896.163109,146367.333623,146785.974678,147493.598359,148325.418705,148357.675090,148469.338320,149153.313229,149298.780806,148527.439514,147458.304722,146599.244447,146087.222221,145866.313369,145778.484897,145950.956718,146345.287036,147283.023738,148238.124745,148417.158684,148229.434543,148095.570860,148471.986926,149066.455387,149269.315145,148844.327373,148332.415941,147920.839678,147667.473184,147573.764775,147062.697021,146347.373966,145900.409704,145752.745186,145717.639510,146217.074570,146283.896692,145693.802285,145235.972406,142325.468298,136307.774522,128927.117163,118148.660086,102188.333623,80894.741713,56612.843884,20899.801592,-31877.899875,-83231.152043,-124335.411218,-160276.390680,-194846.379209,-222724.999900,-239582.640234,-251461.646082,-258995.980460,-263536.112328,-267585.865065,-271110.198608,-275152.965478,0.000000,0.000000,0.000000,0.000000,0.000000,0.000000,0.000000,0.000000,0.000000
0.000000,0.000000,0.000000,0.000000,0.000000,0.000000,0.000000,0.000000,-271003.860876,-270213.137316,-269575.913538,-267189.791394,-264473.810242,-260564.560271,-249373.936197,-229004.403370,-197532.997146,-167889.113953,-152996.480260,-130831.681511,-86413.255283,-28432.286949,24811.634557,64959.649729,97893.133040,122709.135538,136088.381384,141928.692458,145388.886575,147652.964893,148018.097600,147134.412806,146687.001526,146352.370739,146488.785880,146971.475472,147297.811153,147879.998905,148614.593949,148885.729368,149175.038590,149598.220936,149597.714801,149121.344627,148097.077519,147055.888458,146059.751650,145475.696941,145470.625208,145526.450990,146259.792270,147568.808222,148434.269284,148713.742099,148319.773486,148016.080514,148639.788349,149118.986301,149022.916585,148498.543838,147867.718303,147510.319690,147470.607770,147621.435441,147225.011981,146537.906838,146156.871633,146173.341178,146217.766761,146221.482396,146051.080166,145770.362610,146030.542210,145072.306871,141880.430350,137138.395214,131817.824898,124299.772114,110939.439586,92225.082263,61381.086766,10530.655130,-43284.987516,-89814.066003,-134113.487918,-170099.322037,-200389.441334,-226671.149436,-244104.805401,-254527.468165,-260646.611876,-265007.626102,-268769.714133,-272200.425297,-275506.145847,0.000000,0.000000,0.000000,0.000000,0.000000,0.000000,0.000000,0.000000
0.000000,0.000000,0.000000,0.000000,0.000000,0.000000,0.000000,0.000000,-268887.679711,-268047.201514,-266749.880828,-264298.384309,-261675.882315,-255536.013991,-240174.398710,-216694.165205,-182913.486265,-151896.555138,-138167.678261,-109816.647044,-51208.467318,11621.587576,61885.769140,95861.389262,117899.696437,132591.824534,139881.833916,143344.640787,146103.169030,147202.294115,146807.578900,146503.549247,146276.061320,145960.205591,146270.325695,146329.533932,146361.713929,147105.187767,148015.875157,148512.643642,148645.837559,148956.188654,149093.469250,149026.515846,148372.219919,147103.516607,145953.668324,145341.417226,145187.685070,145378.119402,146329.275686,147636.195344,148414.727186,148253.406354,147605.800122,147599.208190,148402.944451,148821.871283,148616.004734,148073.832314,147339.763734,146828.621487,146637.880503,146864.554845,147246.451850,147121.416944,146585.045136,146442.895923,146276.383113,145729.461554,145547.594385,145759.408643,146008.331519,145759.025818,144680.582584,142770.224597,139826.006020,135215.008474,127187.373399,112316.207899,85598.646909,42610.296037,-14326.941772,-62597.693416,-101093.289873,-141913.272827,-174903.395943,-207251.468779,-236079.785924,-250661.674678,-258135.667046,-262969.324203,-266600.145945,-270059.523465,-273792.829294,0.000000,0.000000,0.000000,0.000000,0.000000,0.000000,0.000000,0.000000
0.000000,0.000000,0.000000,0.000000,0.000000,0.000000,0.000000,-268775.580315,-266510.324946,-265163.019375,-263196.321186,-261098.850676,-256435.080911,-246020.352679,-230880.618176,-204382.649915,-170619.483178,-146154.655977,-122275.024181,-83318.481048,-23327.131081,42487.218571,88045.632785,113169.432858,129060.761447,138265.735312,141750.953223,144164.264935,146081.449297,146682.656023,146381.637087,145830.468030,145394.353118,144986.905190,145090.577648,145058.456490,145046.283362,145749.252930,146745.215440,146997.766412,147034.067490,147254.387395,147485.853923,148018.196406,147848.761903,146788.343837,145755.095037,145231.290361,145201.185343,145575.618844,146452.940019,147588.702826,148175.545383,147705.296430,147238.865539,147502.051879,148170.036235,148483.206583,148142.691951,147480.961363,146759.176396,146142.654210,145784.828671,146153.126933,146713.845005,146768.568321,146565.409577,146517.393142,146354.365993,145707.944714,145435.916570,146062.132188,146643.400522,146163.887791,145298.159676,144961.218054,143989.432749,141180.486670,135720.179166,123887.285329,99039.516288,60343.551819,8297.483936,-41534.724963,-78969.314391,-116966.727380,-153312.721730,-189593.635837,-224392.948828,-246208.826688,-256245.043525,-261069.366074,-265296.938527,-268847.766492,-271868.026732,-275192.449259,0.000000,0.000000,0.000000,0.000000,0.000000,0.000000,0.000000
0.000000,0.000000,0.000000,0.000000,0.000000,0.000000,0.000000,-266612.761040,-264637.218296,-262952.628566,-260321.973831,-256439.763019,-248270.695704,-233657.103620,-215022.442263,-189366.197811,-157240.128961,-129165.354390,-98621.580310,-49766.659616,12026.009292,67215.114349,103641.503680,124577.914718,136496.957478,141845.640561,143386.522885,144393.001267,145386.506651,145907.349453,145884.147199,145146.650636,144831.966101,144670.683521,144460.261439,144391.000036,144556.761710,145244.829498,145792.621449,145814.384235,145471.340943,145447.322633,145950.264628,146703.899562,146889.877005,146135.258926,145475.739989,145469.536226,145699.685236,145851.445262,146694.824672,147636.703950,147554.490677,147086.491371,146853.527346,147165.044461,147688.093866,147594.974667,147149.266090,146984.955689,146622.164636,145784.631098,145194.706213,145424.727495,145795.460370,146003.024802,146187.281461,146306.213835,146551.341167,146034.605308,145568.984536,146265.205231,146970.131951,146581.169149,145804.187295,145855.675190,145763.660760,144093.352495,139867.825109,130158.012865,111533.111202,74534.606673,26596.717813,-19686.885311,-65702.369594,-102076.285668,-135801.456391,-174819.116354,-211856.477319,-239609.420461,-253155.579668,-259771.783197,-264667.171772,-268172.486827,-270992.459162,-274003.243515,0.000000,0.000000,0.000000,0.000000,0.000000,0.000000,0.000000
0.000000,0.000000,0.000000,0.000000,0.000000,0.000000,-268285.448985,-265787.784156,-264686.073096,-262609.091903,-259140.122898,-252380.931977,-240058.189822,-220591.038723,-194800.747032,-167843.783685,-131409.343349,-91636.434029,-59503.265839,-12535.457678,46260.980910,88891.367392,115570.973890,132205.406169,140182.369455,143152.018920,143654.319067,143937.902143,144592.600499,145575.307157,145776.715669,145493.762420,145222.336457,145001.934763,144758.780021,144410.972859,144644.892094,145282.906359,145728.743215,145590.280542,145012.148419,144821.100984,145245.955774,145998.415061,146306.152676,145911.468109,145849.367777,146361.276289,146524.620311,146590.876854,147280.841032,147595.404796,147004.524163,146285.299759,146255.887995,146659.642861,146701.943809,146335.792065,146168.231987,146783.670905,147071.528651,146262.624250,145155.096176,144737.160291,145137.828619,145575.084970,145917.174810,146533.730718,146959.235907,146337.934377,145905.038609,146397.848132,146717.457384,146383.096484,146060.505728,146543.983281,146955.784619,145956.464157,142283.866441,134500.455180,120060.929904,90064.542155,46983.561820,-954.021813,-52025.987538,-96753.400222,-130977.940941,-164388.435522,-202479.762145,-232971.625592,-250129.075363,-258961.426457,-263723.035912,-267884.996096,-270935.363173,-273777.183955,-277310.525316,0.000000,0.000000,0.000000,0.000000,0.000000,0.000000
0.000000,0.000000,0.000000,0.000000,0.000000,0.000000,-265726.453022,-265714.544434,-265734.697520,-263579.235197,-259508.216836,-249608.282719,-231962.498294,-208248.438458,-176834.879128,-137881.159568,-89775.400721,-43438.500917,-7402.641871,33378.928375,75414.295022,106823.508371,126069.211326,135864.566592,141269.645225,143368.168827,143745.688975,143560.416443,144092.931343,145091.578158,145464.763890,145812.136235,145953.098871,145731.049117,145380.733570,144934.964347,144632.787167,144837.101661,145537.132872,145481.591718,145114.193520,145065.642362,145118.331303,145535.429693,145810.194375,146128.179155,146636.664025,147094.874647,147193.091258,147222.854520,147572.396908,147370.610770,146563.515449,145964.408195,146159.540923,146470.886199,146179.083302,145818.242056,146120.626939,147236.677804,147987.089601,147463.589439,146128.722961,145230.318936,145238.861842,145543.764341,146372.776224,147465.665113,147794.999655,147226.601005,146591.070145,146751.846774,146928.430924,146230.741248,145983.480640,147015.901547,147647.800144,146797.653804,144170.992749,138413.759947,125962.867025,105154.435264,69005.485764,21974.446271,-27820.366246,-81174.687204,-120683.498997,-153942.586958,-195117.959167,-228054.432243,-247208.384781,-257524.184596,-263207.518625,-267175.332433,-270197.712790,-272920.154102,-275382.512095,0.000000,0.000000,0.000000,0.000000,0.000000,0.000000
0.000000,0.000000,0.000000,0.000000,0.000000,-265308.562332,-265097.549408,-265890.363674,-265458.243005,-263525.842503,-257450.636755,-243852.975293,-221804.362874,-189663.735370,-149933.220493,-98922.554448,-40679.788889,6742.431438,44484.613131,76541.514612,102149.211779,122288.591270,133913.143884,139244.813152,142366.377034,143552.292882,143421.784716,143188.747112,143386.050305,144060.809779,144725.931920,145441.046647,146073.794764,146313.288094,145925.260629,145260.625879,144579.464180,144582.470145,145177.816638,145484.246745,145729.276092,145559.541106,145198.259315,145181.286583,145388.786889,146061.377667,146982.869508,147442.038156,147352.628044,147229.707444,147371.967202,147190.432996,146389.459688,146096.563277,146541.118030,146713.705389,146241.019739,145792.579340,146307.776980,147651.507108,148685.737987,148556.538932,147679.697470,146682.882452,146058.694122,146375.612119,147369.518985,148395.700557,148933.547733,148371.512063,147532.310545,147321.133988,146911.328626,146167.626617,146129.452688,147110.277781,147986.292295,147101.449647,144669.815031,140881.801514,133054.887059,117324.313490,92054.456692,56726.529122,8693.343693,-44405.952680,-87717.232321,-130553.464209,-181333.203215,-221151.560566,-243053.101548,-255371.960682,-262528.455163,-266441.628584,-268823.911535,-271189.172466,-273187.122478,-275330.964695,0.000000,0.000000,0.000000,0.000000,0.000000
0.000000,0.000000,0.000000,0.000000,0.000000,-268040.712870,-266463.534555,-265982.183767,-264593.695458,-262370.221529,-253719.514715,-237784.418956,-209620.615176,-167379.054856,-118987.937637,-61141.648878,-3731.202236,42322.535115,76872.772406,102600.280415,122043.888366,133153.811338,139219.479375,142921.473660,144014.814430,143636.080097,143419.270490,143379.032565,143361.799827,143697.667429,144351.922969,145005.377900,145614.185033,146191.313784,146217.088980,145673.495691,145185.346348,145095.572923,145410.217918,145992.938497,146406.814210,146224.841819,145680.272480,145273.949149,145383.523689,145982.000856,146738.151588,147227.928259,147147.479174,146968.253943,146971.307818,146621.579370,146184.452861,146321.874076,146829.960461,146954.253135,146415.119106,146070.295638,146447.415456,147525.517144,148652.544480,149034.964621,148797.496743,148054.754797,147305.769394,147351.578773,148176.456559,149203.043684,149600.815611,148872.258586,148218.130375,147918.062211,147090.289983,146472.294303,146477.792033,147139.524124,147950.713244,147380.409945,145217.915316,142720.151900,138368.932308,127795.972790,111393.633405,86301.781055,47053.711312,3166.400517,-41856.458762,-96952.608598,-157735.333727,-208454.363813,-237794.755087,-251490.235037,-260197.222569,-265116.232794,-266997.847007,-268755.510366,-270277.286906,-271815.040381,0.000000,0.000000,0.000000,0.000000,0.000000
0.000000,0.000000,0.000000,0.000000,-276415.238880,-271480.532644,-268307.388134,-266934.706519,-265083.249114,-261358.464725,-252958.147114,-233985.850412,-200970.378538,-153894.694933,-93631.846938,-34958.833199,13135.055452,56026.749008,88959.221715,114436.570637,131350.662181,138433.739595,143309.062093,145707.530054,145294.661719,144037.437652,143489.732983,143415.315764,143584.717279,144011.636189,144481.296070,145036.413159,145519.663199,145972.397840,146088.889917,146006.266528,145935.613135,145631.422412,145766.718453,146083.106655,146265.453725,146526.834669,146199.878636,145601.611786,145617.789931,146154.847951,146588.812239,146821.801667,146755.891800,146349.540628,146183.329309,145872.049553,145569.958987,145946.858806,146708.171875,147047.756276,146586.323607,146293.017280,146796.652338,147773.339326,148413.985933,148910.989543,149183.426005,148658.455982,148002.708822,147938.734986,148836.578477,149736.987863,149554.717665,148721.757280,148169.499413,147994.415495,147774.060032,147327.750690,147150.518852,147378.920559,147670.237531,147434.737828,146226.773461,144542.311185,141926.329390,136048.564141,123616.763725,106092.142128,79155.920886,42665.451353,2816.740996,-54824.806352,-127616.522833,-188876.781516,-227395.781509,-246843.508043,-256394.889853,-262241.921181,-265280.586769,-265982.979816,-267349.856448,-269818.699582,-271983.372838,0.000000,0.000000,0.000000,0.000000
0.000000,0.000000,0.000000,0.000000,-277917.757209,-273241.997610,-269623.778214,-268180.598886,-265810.396887,-260846.204060,-252300.679151,-231788.009498,-194546.216571,-140998.255160,-77413.638385,-18130.141638,27650.296742,62952.095405,95994.983664,121035.894829,134352.297547,141799.541097,145958.234010,146808.685469,145377.747497,143914.841792,143116.263680,143272.130528,143902.301383,144802.546346,145466.339686,145569.828912,145718.214611,145918.300565,145981.631643,146149.955337,146193.211383,146049.197385,145747.096729,145585.714198,145894.919637,146222.643710,146193.109468,146170.564948,146346.589635,146643.219677,146925.769612,146963.461179,146594.863170,145891.289293,145362.038308,145205.630639,144937.230690,145057.082436,146019.794928,146688.059419,146409.506339,146233.233874,147033.422948,148068.852921,148606.240038,148815.283073,148892.394372,148444.011475,147872.086465,148091.749466,148883.429602,149375.398589,148993.124624,148144.153364,147697.609497,147799.405061,147873.856014,147853.966577,147635.597670,147208.123869,147250.054398,147359.682015,146971.514750,145924.917014,144288.853426,140914.823237,133544.310798,121356.780226,102576.385044,75602.187356,41643.985663,-11969.457870,-89791.522334,-161395.924369,-209660.969395,-238968.021522,-252551.032735,-259395.824510,-263870.781672,-264685.809318,-265847.890880,-268919.966673,-272015.312272,0.000000,0.000000,0.000000,0.000000
0.000000,0.000000,0.000000,0.000000,-278054.832713,-273233.127798,-269769.494373,-267518.076478,-265448.568448,-260810.122002,-250249.342391,-228839.374813,-188397.446333,-134233.286430,-75755.914600,-13118.301247,38247.230083,74855.879408,105908.905157,126761.465460,137242.469866,143481.495324,146416.083732,146334.291285,145248.823259,143776.486369,143107.946310,143485.859156,144585.920784,145726.906907,146407.143679,146423.845906,146367.761876,146483.820212,146442.688252,146452.635249,146463.221781,146460.912849,146073.742512,145916.719482,146136.854928,146414.220357,146850.498914,147050.863334,147091.659011,146990.125463,146917.091125,146813.298489,146293.193441,145563.129394,145000.278400,144777.121998,144544.183256,144499.944803,145157.956158,145921.469491,145964.067183,145983.704805,146992.722021,148067.617331,148648.529781,148813.690832,148597.902089,148263.660094,147885.465361,147731.952266,148009.163548,148412.216721,148092.669994,147313.046965,147273.478747,147688.259440,147672.481493,147553.895987,147096.124876,146351.317731,146358.874053,146724.199932,146814.860675,146424.957132,145362.674261,143473.214467,139773.603192,131802.226667,118396.333535,100634.045401,71699.695436,21034.688451,-52634.659224,-130084.414516,-188450.895279,-226646.602177,-247696.801284,-256779.204790,-261386.891885,-263674.671586,-265329.350758,-267680.881190,-271854.389188,0.000000,0.000000,0.000000,0.000000
0.000000,0.000000,0.000000,0.000000,-276945.526075,-272478.615150,-268866.261354,-266347.826079,-264264.891210,-259488.351326,-247293.459530,-223385.960832,-188382.411329,-139787.283924,-81347.769286,-20667.580126,39471.147625,85071.136688,114195.716587,131873.160864,140006.419300,144551.118078,146141.307342,145820.810317,145030.112481,143871.664263,143412.207802,143792.081800,144921.943479,146308.867383,147062.659536,147368.896121,147353.617319,147248.571858,146795.490056,146540.438123,146732.694527,146758.682982,146707.548313,146628.155891,146782.433916,147309.519994,147908.650734,147993.452301,147408.780279,146637.209703,146080.156583,145906.898349,145582.817288,145079.936642,145006.654217,144904.138140,144478.365198,144254.130145,144710.886113,145523.652667,145739.352698,145940.534259,146856.351328,147939.491042,148371.628178,148512.218738,148737.074024,148396.367051,147965.290371,147502.115830,147022.328782,147129.544012,146971.055370,146691.351704,147096.233441,147421.106743,147211.871828,146732.425885,146175.247092,145571.376049,145525.314515,145858.807740,146031.448014,146283.563690,146119.580098,145174.155951,143198.522139,138677.763040,128812.168542,112884.109666,86680.525711,36752.680391,-34664.251516,-109476.818803,-172585.726979,-214711.767566,-240376.731124,-254091.681629,-259110.737637,-262240.597662,-264917.651989,-266882.913513,-269255.102146,0.000000,0.000000,0.000000,0.000000
0.000000,0.000000,0.000000,-278137.136797,-275778.666447,-272403.318434,-269351.228041,-267105.943448,-263463.011652,-256025.320075,-241401.768020,-216061.370922,-179433.724985,-133716.007690,-81299.320308,-19575.689035,45772.035989,93537.489648,120562.305137,135616.556050,142463.314366,145321.658015,145937.777592,145583.783674,144993.503997,144465.920047,144289.166734,144399.026452,145169.913458,146620.332990,147626.019320,147803.682240,147692.602568,147160.427006,146387.013210,146246.943595,146531.412843,146905.935948,146867.905002,146468.908361,146645.894959,147227.931156,147849.503205,148093.648198,147295.153508,145905.708054,145096.990847,145150.980197,145413.997273,145329.720800,145239.009636,145263.801929,144912.266067,144481.272346,144851.379878,145663.131596,146159.168187,146830.183748,147556.378128,148008.265002,148240.615824,148329.449077,148664.514229,148594.683608,147901.808778,147247.417345,146565.141796,146132.096233,146032.974172,146224.342223,146897.380496,146956.263825,146117.247222,145604.926757,145520.576115,145321.518798,145250.985298,145510.175674,145730.173067,145939.162307,146625.641470,146938.190577,145347.859819,141758.668948,134427.518415,119004.946201,91291.067161,39687.324442,-33029.581842,-103183.605200,-161164.136275,-204706.363307,-232998.635915,-249565.484681,-257071.816254,-260818.096855,-263826.716633,-266046.751397,-266697.954121,-266822.420569,0.000000,0.000000,0.000000
0.000000,0.000000,0.000000,-277908.409550,-274730.017281,-272306.429252,-270391.657191,-267930.213503,-263126.710092,-252511.186376,-235036.085903,-205137.250129,-157120.935428,-107145.520269,-56055.501949,4062.560361,60835.478220,103763.883094,127534.061535,138327.532095,144165.999515,145849.237960,145921.183022,145626.949567,145421.915300,145324.175315,144864.782578,144399.143776,144957.164488,146373.729698,147446.341322,147771.340855,147359.508968,146538.293107,145833.708364,145836.269450,146412.491368,146674.430696,146283.941744,145774.004537,145421.958559,145687.924850,146635.228209,147311.334763,146728.658700,145666.304595,145174.730158,145392.148839,145934.497756,146190.555007,146042.250520,145686.766058,145514.161420,145334.876786,145515.574391,146165.220539,147133.579121,148327.567516,149117.999390,149018.426674,148637.419234,148566.961045,148509.448404,148523.324267,148058.911120,147195.859231,146668.667841,146258.311771,145962.052599,146223.419207,146905.824410,146815.005545,145842.123855,145121.658185,145285.224164,145532.544587,145176.839087,145141.141354,145443.050447,145793.394910,146596.009490,147420.014440,146348.476973,142946.823517,137589.904161,124588.517025,96903.700698,48037.997846,-22210.241718,-90686.731176,-146001.880977,-192904.939152,-223831.500699,-241898.240522,-253228.485481,-258982.526899,-262627.418540,-264907.566403,-265995.277269,-267137.126912,0.000000,0.000000,0.000000
0.000000,0.000000,0.000000,-277047.862228,-273967.105307,-271828.093504,-269897.741463,-267444.631380,-262193.574794,-251584.766489,-229738.298511,-192500.440996,-139126.894205,-75200.878643,-17060.141240,31474.834981,76514.913683,111683.129529,131147.275973,140786.893233,145379.918515,146310.306673,146102.192835,145569.605952,145434.223979,145502.907304,144670.170010,143851.675561,144168.863596,145544.542763,146791.873736,147271.891364,146959.556848,146136.757798,145629.621821,145746.195005,146228.955039,146270.680035,145615.508729,144946.102601,144549.497275,144538.158300,145341.788498,146430.885332,146556.003375,146072.758862,145887.600307,146232.623321,146878.028616,147080.386391,146725.322316,146246.441854,146047.601123,146074.360717,146066.544494,146416.312375,147634.893125,149260.082686,150353.584276,150260.992901,149397.169559,149060.236878,148872.247455,148339.430583,147997.415053,147451.969018,146923.446292,146636.387071,146269.024018,146505.570400,147206.246837,147163.518068,146479.415078,145927.293335,145962.067336,145939.856144,145235.729440,144696.369403,145059.310267,145906.280295,146446.582047,146890.933007,146382.028806,144189.125847,139788.073010,130149.448869,107624.554350,66716.371116,7156.994125,-62437.313497,-124632.801717,-174739.391848,-211448.488483,-233287.128124,-247515.169449,-256937.283428,-261687.074168,-264269.197604,-266527.941100,-269312.486211,0.000000,0.000000,0.000000
0.000000,0.000000,0.000000,-274985.792645,-272812.147883,-271048.874472,-269644.675438,-267163.868673,-260826.854276,-248112.443656,-223387.522411,-182667.192972,-122807.214184,-50441.112910,8907.078455,52092.622872,90539.834931,117562.117982,133017.627876,142315.925316,146209.171519,146724.875773,146342.057690,145770.472941,145563.339991,145699.396540,144808.326321,143724.083914,143774.391231,144959.098203,146099.163515,146422.007029,146350.637973,145898.330456,145600.831723,145652.379983,145663.088298,145692.854169,145113.854507,144423.136138,144216.092165,144157.070778,144762.080438,145939.114717,146582.396534,146349.755890,146190.727313,146748.280312,147698.969782,147770.582070,147068.599590,146771.671145,146544.856287,146350.764812,146146.732155,146190.455032,147310.554052,149101.364596,150383.229198,150602.837409,150139.693680,149743.536093,149452.503513,148725.064788,147765.820144,147157.058383,146830.036042,146484.976682,146124.991422,146366.171741,147198.901318,147327.191491,147008.844429,147145.029205,147068.126643,146242.236001,145192.972140,144586.886490,144776.775349,145605.890270,146351.902565,146633.230072,146284.133561,145350.841066,141659.654056,133415.762693,118681.974349,86958.715420,37378.701386,-25058.569132,-92883.764960,-149253.388796,-191750.965123,-221568.012100,-240587.173675,-253559.110307,-260546.818500,-264476.529718,-267780.833741,-271683.939656,0.000000,0.000000,0.000000
0.000000,0.000000,-274249.982285,-273005.759930,-271593.375425,-270071.680196,-269265.851908,-266261.903897,-257200.059845,-240143.162863,-211394.782153,-166734.586119,-104113.192518,-32845.835775,27897.805812,72049.687110,103189.402424,124580.774753,137904.236832,144258.086710,146873.333482,147439.738950,146774.044147,146117.854483,146084.167806,146075.343027,145200.513371,144113.787184,144118.370408,145027.830574,145656.601489,145660.228962,145523.239630,145555.418845,145583.104291,145614.390762,145539.499795,144971.943944,144462.051986,144127.695029,143833.353012,143942.885424,144698.360272,145924.497466,146466.306927,146190.616635,146138.229638,146759.261121,147727.231874,147921.158662,147273.093481,146740.073068,146548.360090,146333.245856,146047.898978,146123.639081,146930.822559,148391.619796,149504.847615,150049.489696,150461.297690,150342.821436,149843.022372,149171.675053,147848.418449,146612.873589,146173.668860,145930.072390,145704.160227,145943.015707,146657.682678,147223.976077,147497.939265,147786.862730,147788.754980,146859.630396,145397.693822,144831.077097,145185.794129,145784.109038,146380.482649,146454.048183,146292.816103,146117.537335,143895.453621,136986.660499,123556.401149,98566.486179,55115.575823,625.614303,-61845.723011,-125046.709253,-171977.352340,-209484.540492,-236671.193349,-250977.543196,-259837.946365,-264812.927630,-268956.027315,-274240.282956,-280553.704018,0.000000,0.000000
0.000000,0.000000,-274635.536633,-271991.697036,-270538.026237,-269193.706594,-267644.986895,-263636.338211,-253040.051309,-233160.573659,-196249.434376,-142547.999804,-81375.439068,-12713.501736,48508.835170,88315.144940,114673.949457,132546.625214,141950.227075,145722.893636,147704.828264,148153.231060,147293.109380,146911.267080,147176.170589,147006.943303,145939.271877,145023.181135,145005.937249,145390.258703,145318.603851,145040.583160,145149.612810,145646.317864,146013.851700,146076.090556,145898.322843,145112.618865,144286.143064,143656.546579,143438.965097,143838.856955,144743.109483,146017.457733,146525.979687,146190.455326,146022.417837,146513.962889,147291.886208,147272.323325,146644.552572,146234.417545,145978.677673,145630.883913,145552.008083,145979.006800,146655.864883,147650.677879,148631.406886,149464.836797,150142.170293,150479.038009,150232.163453,149247.201021,147726.208163,146261.963570,145641.643928,145541.987715,145376.923237,145565.063697,146266.867037,147145.339749,147721.803884,147785.989663,147687.044311,147115.177226,145983.784504,145580.035777,146105.885860,146432.657585,146676.404379,146758.736532,146488.766173,146350.841442,145349.277364,139626.300102,124269.037827,99368.976137,59821.387449,9176.796131,-46104.043341,-109477.804387,-165637.711915,-207040.668860,-236318.240745,-251579.594444,-259045.818362,-264052.055967,-268776.788823,-274309.431558,-279670.657007,0.000000,0.000000
0.000000,0.000000,-274591.552646,-271449.756882,-269633.575767,-268581.846575,-266246.653021,-261004.437887,-250587.289895,-225236.934669,-182503.331693,-124465.651408,-53171.959332,13699.851245,65070.314675,101099.910869,123689.456897,136553.958164,142582.972038,146062.395787,148162.249654,148142.860162,147735.679196,148067.559157,148526.259954,148483.272666,147432.346682,146360.338332,145988.791468,145900.659460,145523.203602,145136.546813,145512.499534,146338.581243,146899.685637,147032.645048,146616.520443,145725.871776,144545.487841,143542.991478,143190.248368,143514.527066,144651.706850,145824.949348,146290.363255,146218.796502,145936.453413,146128.559843,146460.929310,146080.337698,145664.629334,145684.679336,145378.844722,144753.748088,144698.681694,145180.577868,145941.503822,146912.219020,147943.761739,149200.430974,150068.619909,150193.563352,149899.491138,148885.569729,147387.216449,146310.853485,146041.608398,146084.691318,145674.299700,145617.223089,146437.574555,147094.540991,147489.518092,147522.424466,147191.423412,146933.448362,146520.305682,146395.260586,146620.101751,146666.688950,146634.204928,146718.979571,146849.203829,146424.253856,145323.934299,140195.350201,127559.001331,100972.171769,65657.910463,23426.039069,-34325.893576,-99980.673367,-163674.564897,-209387.203076,-235602.528056,-250830.155112,-258196.009225,-263406.362681,-267655.299661,-272663.821728,-278463.098836,0.000000,0.000000
0.000000,0.000000,-272807.696896,-270379.364348,-268666.097245,-267474.903375,-264960.371633,-257994.778354,-243814.559487,-216151.756754,-169474.642754,-104660.323881,-32946.831431,29603.910671,75995.211954,106909.198346,126364.957099,137010.428727,142681.855929,146429.621912,147676.630328,147547.244406,147418.726961,147925.592965,148874.978703,149214.390169,148458.128917,147594.762283,146987.491760,146638.954832,146400.581822,146201.789700,146556.657537,147119.853789,147627.568266,147931.720300,147557.966463,146385.223063,145025.305750,144129.544627,143753.904874,143951.893477,144639.674064,145265.392619,145710.662292,145927.644283,145768.111303,145675.573134,145578.622293,145143.674271,145007.722440,145229.719079,145073.413160,144498.208843,143954.678843,144097.668713,144779.474704,145807.797466,147284.889067,148674.614763,149580.807212,149416.819085,148576.740366,147896.011830,147044.173599,146712.895416,147215.349670,147349.801640,146842.050690,146410.313190,146683.958246,147291.176485,147471.033720,147135.824121,146820.320924,146921.679082,147135.852506,147175.997593,146943.901820,146765.277886,146399.058555,146232.609934,146927.238404,146963.278734,145219.524746,141153.928150,131759.785584,112382.497538,83941.516076,45576.401358,-14054.147786,-89844.276666,-158726.617059,-207578.855618,-234914.373739,-248299.406511,-256982.315176,-263327.436373,-268115.958963,-273179.670973,-278015.342241,0.000000,0.000000
0.000000,0.000000,-271642.340249,-269478.312029,-267915.148100,-266170.918402,-263149.898352,-253985.724798,-235002.716307,-204211.600479,-151069.749605,-83207.116866,-20510.113820,34963.234014,75522.582777,103480.125497,124689.648451,136199.513118,142528.141686,145845.391984,147020.495164,147186.283758,146701.754190,146951.964801,147895.738651,148456.840849,148271.286416,147614.496762,147292.595090,147317.827882,147237.857759,147181.610564,147402.328382,147732.508134,148036.198557,148280.488823,148298.058380,147332.254930,146002.438480,145325.282033,145095.741707,145193.875302,145166.707974,145096.615355,145255.004846,145621.918746,145929.060053,145806.208964,145400.265642,144890.222444,144708.564245,144977.647252,144955.087745,144272.607642,143579.265387,143567.842432,144002.932820,144731.768082,146268.295519,147751.483439,148336.042670,148244.057981,147381.040119,146675.246161,146811.687071,147521.821564,148371.359851,148453.600261,147961.949676,147525.578306,147276.774660,147543.900961,147791.629850,147277.642743,146899.543588,147250.367666,147794.309706,147990.464796,147508.253284,146907.454619,146556.736234,146488.126362,147021.733390,147311.745920,146217.840012,142598.925783,135296.550626,123739.437727,102132.425252,66706.282599,8165.783518,-74090.963962,-147516.258832,-197455.473378,-230415.904125,-247591.909881,-256834.404122,-264024.149998,-269912.467236,-274690.175398,-278604.639520,0.000000,0.000000
0.000000,0.000000,-272710.179237,-269664.736539,-267748.654942,-265376.735641,-260914.806926,-250256.490936,-230123.020694,-190553.314808,-132803.156075,-69228.405094,-4871.892445,40447.369442,69859.456489,100138.812687,123008.802461,135574.030054,142142.453256,145613.522532,147431.674539,147355.465705,146161.285566,145705.158889,146013.010421,146534.491529,146649.007746,146322.933079,146625.658538,147116.775314,147333.308572,147289.354834,147444.739156,147820.638755,148084.368534,148643.611322,148948.081787,148342.244097,147569.172868,147017.553083,146708.614358,146457.377780,145942.554620,145475.438519,145309.915118,145772.573394,146334.224741,146214.110105,145901.017695,145379.155103,144804.305962,144870.433762,144705.560195,143842.742923,143514.388687,143739.699917,143991.873336,144547.750711,145482.283159,146771.180090,147626.439918,147454.912047,146881.871260,146642.552136,147247.400335,148323.349960,148813.636385,148630.786626,148320.721485,148175.795311,148073.401816,148012.162489,148114.726716,147813.092020,147213.457911,147387.386802,148039.348276,148426.047264,148272.403730,147543.007497,146984.152563,146923.045586,147053.996473,147153.071683,146382.672509,143521.103818,138604.182378,130067.408389,114300.231008,84515.777101,28673.152562,-48185.870578,-121873.780045,-178576.080220,-217758.534357,-243706.354466,-258668.099821,-266210.229861,-271769.482671,-275650.133818,-279158.334149,0.000000,0.000000
0.000000,0.000000,-273112.084221,-269687.713772,-266698.825547,-264019.385636,-258408.998764,-247923.418384,-227481.724115,-187218.539250,-126682.571047,-56964.585616,2710.967178,43383.937736,72874.606039,99767.727156,122625.739090,135881.931395,142330.100578,146515.059123,148340.622812,147795.631620,146258.310420,145249.836578,144842.697895,144584.861641,144498.494570,144906.136775,145704.897881,146272.388297,146416.729057,146430.139744,146998.641092,147600.138269,147987.438453,148752.567171,149512.071527,149667.354151,149294.185067,148645.389894,148092.652814,147567.523568,146870.070232,146255.644505,146068.280455,146322.000635,146339.984411,146174.265460,146118.076616,145749.364671,145185.232106,144894.469804,144477.165960,143747.249600,143702.505700,144480.865798,145030.732310,145270.740591,145695.807753,146487.306880,147291.755459,147319.263964,147041.788321,147087.803096,147609.766808,148148.783268,148019.018514,147630.040649,147598.384708,147935.081124,148126.494795,148366.039785,148531.531558,148004.301550,146968.854341,146827.485389,147732.768499,148305.388297,148418.973416,147996.247664,147193.217048,146561.874740,146385.115060,146496.937539,146020.896186,144494.025219,141241.441417,134342.338680,121708.349313,96576.648405,46922.861249,-21729.859229,-92643.880816,-156824.912393,-205295.752561,-237496.724028,-257413.500750,-267465.772512,-272089.259104,-274646.222982,-278196.661305,0.000000,0.000000
0.000000,0.000000,-273039.625333,-269206.004034,-266065.264688,-263471.763694,-257706.818483,-247036.976699,-225644.310898,-186841.730195,-125531.354018,-53971.878100,5516.048866,49538.099856,78796.074277,103463.106747,124934.124563,136726.644818,143032.465854,146844.641415,148457.149597,148066.914767,146994.720023,145755.905867,144697.642781,143833.644188,143728.123003,144334.082073,145272.146382,145880.474406,145544.948778,145496.587073,146278.463085,147106.016217,147759.610488,148396.271816,149531.696920,150312.281338,150169.878544,149524.765891,148503.086732,147926.208036,147806.756986,147176.333312,146463.896997,146066.870953,145718.078266,145645.305455,145653.837654,145773.915658,145727.178265,145298.703217,144833.835408,144038.362028,144048.210069,145404.472016,146192.247275,146153.975124,146499.528229,146870.719508,147069.562270,147288.693820,146994.163654,146742.352878,147161.142026,147336.699479,146796.157406,146301.293829,146385.643239,147099.301484,147710.648320,148315.132671,148825.007910,148264.259744,147012.335236,146482.693022,147048.746280,147622.950003,147807.969292,147370.526873,146350.349240,145533.502306,145182.311668,145276.111887,145354.083310,144543.331304,142251.497277,136321.711080,124585.377487,102436.025886,58827.252964,-8275.331597,-78508.229633,-142426.034058,-199452.935181,-235735.625556,-254948.685076,-266341.151313,-270468.043851,-272194.758570,-275499.474189,0.000000,0.000000
0.000000,0.000000,-273755.615175,-269432.203653,-266699.915646,-263889.998610,-258018.036153,-245881.512990,-222936.957774,-180782.287508,-119291.825192,-48197.234745,18329.623110,63091.166601,90990.092970,113776.592862,129696.040043,138831.058415,143959.381244,146911.729653,148265.257340,148254.832354,147462.768187,146477.072036,145337.067751,144418.635658,144279.954871,144832.606136,145845.761219,146094.157337,145410.249502,145289.179552,145707.300423,146190.892454,146852.492075,147601.976210,148534.264282,149395.683787,149680.674576,149151.286942,148269.888941,147916.004197,147922.685228,147316.964930,146046.882101,145090.768188,144837.482993,144889.616165,145450.574945,146148.397523,146245.542857,145941.505255,145257.655722,144336.456582,144313.782614,145529.800961,146307.375070,146501.561689,146869.267824,146912.396581,146909.056913,146799.756080,146319.728621,146169.124252,146433.286002,146808.124884,146574.232774,145864.740924,145712.268624,146130.003817,147142.282817,148332.362688,148989.745029,148721.010323,147551.708985,146705.973723,146751.670774,146990.557091,146800.440789,145883.213936,144770.509241,144174.664454,143980.697661,144050.833977,143996.040469,143616.249830,141758.971835,136449.344058,126029.832624,103835.460860,64132.055072,3126.302640,-71691.654131,-141165.859416,-197621.431521,-235595.983384,-255102.839845,-264927.827657,-268855.551387,-270286.287267,-272926.286978,0.000000,0.000000
0.000000,0.000000,-273621.833891,-269636.863983,-266327.460007,-263352.480488,-257601.850445,-243944.614861,-219434.792657,-175454.777588,-111620.296850,-38231.206006,29802.447736,75714.400143,104562.809379,124067.513560,134740.607950,141161.304247,145032.242110,147193.223233,148348.444869,148383.230300,147844.748600,147201.420225,146241.358008,145386.649484,145129.665311,145623.844127,146322.843137,146242.771964,145530.411630,145067.528384,145238.317723,145335.843637,145432.013500,145969.602496,146561.523849,147370.340988,147956.475980,147860.787547,147867.387264,147938.903497,147707.722388,147061.853299,145817.146447,144868.478862,144745.894185,144972.914923,145763.349040,146630.342264,146649.989105,146201.690927,145300.758373,144321.831345,144401.366864,145297.487726,146059.893016,146402.559336,146547.623090,146692.438907,146592.797799,146166.185501,145544.957760,145372.612991,146009.172130,146701.598282,146855.995241,146216.888512,145502.843434,145520.302380,146444.840289,147880.103467,148822.377226,148849.927297,148033.407759,147330.878970,147119.173038,146690.891697,145843.611254,144727.951094,143731.395400,143530.339698,143669.411442,143434.221086,143622.061225,143110.328401,140134.520191,134193.949246,123622.261314,102440.993148,62504.869012,4984.358018,-67914.058861,-143991.573432,-200974.832315,-236669.394290,-256043.208529,-264214.201339,-267509.040261,-268919.295696,-271638.005968,0.000000,0.000000
0.000000,0.000000,-272994.402298,-268887.813613,-265715.168821,-262401.029841,-255857.260250,-241097.431940,-215239.050803,-172497.533462,-111126.689876,-39967.501041,29331.150989,79389.737428,107864.907536,126784.565205,137595.954839,142731.238057,146279.782470,148056.929575,148763.560844,148706.755187,148194.896197,147371.180005,146703.421390,146232.094021,145919.758010,146128.718823,146195.798066,145984.771187,145513.270419,144944.491626,144708.209300,144601.438706,144537.669758,144521.379763,144560.526658,145058.542265,145963.714526,146797.735141,147440.759087,147831.448492,147914.394673,147534.031435,146723.072939,146099.729424,146009.479006,146118.495399,146533.994258,147119.333704,146938.369446,146251.068320,145545.627447,144771.827068,144863.517402,145824.650274,146300.338020,146186.481473,146136.082531,146203.941411,146188.281250,145826.291740,145118.037632,144801.821350,145588.776518,146595.085485,146849.507726,146408.150518,145488.961102,145380.919535,146124.760386,146920.759944,147872.454947,148309.232180,148232.266290,148045.920349,147708.892350,146992.229570,145896.689551,144722.480567,143891.363567,143993.129380,144094.601570,143633.046900,143335.406129,141929.334941,137935.787671,131381.566682,116312.846710,91575.406655,50207.221670,-11245.425753,-80937.532844,-153272.232129,-209365.030621,-240997.586743,-258003.083131,-264983.310985,-267306.494311,-268416.959784,-270489.162118,0.000000,0.000000
0.000000,0.000000,-272970.698466,-269099.609641,-266582.096719,-262488.509693,-253350.933709,-237508.999652,-207938.769000,-164823.596149,-110575.610005,-43503.638095,20641.257140,69270.082320,103526.739079,125254.757492,137482.410643,143613.759194,146872.621193,148464.427227,148894.287372,148590.646760,147989.233881,147505.453415,147161.857010,146779.016878,146545.056568,146295.428759,146077.934503,145931.912896,145495.341632,145000.393149,144486.386404,144207.447581,144225.161912,143965.889671,143679.597659,143873.619934,144786.178266,146202.023104,147370.581414,147978.514711,148216.708924,148404.623440,148286.031155,147822.203097,147404.615877,147092.639972,147082.990894,147322.032054,147064.253800,146270.429775,145875.572029,145855.404515,145984.178659,146648.201542,146717.273804,146007.994873,145623.099778,145589.063662,145807.977844,145684.411141,145057.777301,144763.620231,145520.196216,146694.870101,146951.163378,146555.262728,145958.210810,145710.841208,146129.374737,146343.325095,146764.924493,147507.902386,148026.249335,148442.718580,148137.273577,147334.429477,146351.749572,144977.231272,144473.484881,144602.506244,144401.659529,144124.572395,142941.085047,140324.914343,135995.831425,126193.706832,104969.236685,69039.719068,22467.642111,-35666.901105,-106224.401349,-171677.469691,-218044.378175,-245366.083343,-259507.884615,-266244.950645,-268178.352040,-268729.837782,-270634.225399,0.000000,0.000000
0.000000,0.000000,-273267.175431,-270317.380639,-267151.599575,-262758.976474,-252352.250486,-233851.825524,-199181.761034,-151642.046183,-104482.310212,-47180.886871,11587.807685,56907.340744,95363.594405,121979.756044,135636.314726,143174.543548,146809.413203,147993.599285,148322.836468,148056.952090,147682.155649,147684.390219,147570.411658,147356.537470,146869.776318,146287.161156,146051.248068,145970.812503,145593.973970,145023.225193,144291.080625,143867.977381,143940.326032,143896.700801,143864.179743,144096.252611,144581.432259,145764.229378,147196.449570,147957.794196,148342.783208,148813.865454,148967.267142,148350.824456,147514.924116,147073.639361,146913.443674,146883.820698,146507.487116,145901.016315,146119.311703,146612.508176,146978.132419,147283.743814,146831.201065,145958.208478,145363.766371,145517.927633,145855.272796,145617.528730,145011.267168,144958.055722,145888.636484,146898.586018,147302.222542,146977.761978,146574.767958,146369.933257,146435.294182,146381.162120,146261.041067,147016.977722,147907.637511,148381.568767,148059.238294,147047.743613,146117.380165,145185.230581,144783.198692,144935.641487,144891.347096,144279.765951,142446.331967,138878.299229,131610.439944,115625.858009,87857.079146,41723.095402,-13429.084675,-67605.588296,-130086.782811,-187285.717592,-225478.881132,-248011.455065,-259992.296202,-266401.518373,-268446.315689,-269084.701794,-271757.872895,0.000000,0.000000
0.000000,0.000000,-273816.546460,-269991.962958,-266447.218902,-261931.686903,-252818.702010,-231132.291831,-195317.206530,-146646.592067,-96002.389067,-47845.336045,5739.668760,51176.774626,88309.510245,118884.088084,134144.982219,141783.139104,146291.245289,147521.519618,147522.752656,147395.490877,147681.764911,148022.792121,148038.618301,147862.625623,147198.641219,146503.212994,145935.075569,145607.720100,145580.815200,145085.311106,144111.521260,143767.983731,144083.941661,144312.948577,144479.786635,144739.420020,145109.174932,145719.263919,146675.730587,147532.176596,148173.419380,148640.726614,148425.906503,147558.989708,146679.072645,146215.607267,146034.570640,145794.825079,145188.497900,144982.302400,145883.561308,146922.848018,147575.749596,147742.916571,147152.254662,146355.302275,146027.312615,146193.669559,146329.982891,145878.011349,145185.602287,145068.540040,145893.569954,147084.089036,147574.165651,147184.217672,146678.432142,146795.238022,147109.554093,146821.313998,146405.815346,146841.882243,147760.715129,148038.029728,147595.876716,146674.202481,145678.779150,145176.672860,144936.115255,145048.564654,145376.265969,144364.832777,141695.933294,137501.136341,127500.690323,108352.765310,73728.330449,21552.499958,-35623.498119,-90334.015271,-144513.972677,-195334.687529,-230610.323513,-249512.347214,-260873.474981,-266577.370566,-268759.937973,-270126.759985,-272529.311278,0.000000,0.000000
0.000000,0.000000,-272352.582263,-268413.041288,-265860.837954,-261273.757307,-252892.860244,-232962.102674,-196363.853958,-147343.072155,-96024.054151,-46493.755220,4200.033357,47693.980659,85818.168640,116935.749655,133056.529803,140750.602122,145236.709291,146623.620662,146496.507040,146599.594113,147340.944274,148076.316922,148290.699881,148074.544982,147533.318012,146858.186813,145954.436320,145356.823914,145184.220096,144889.695677,144416.769764,144154.899607,144223.648555,144593.726030,144894.267367,145143.103616,145459.753113,145717.436170,146270.081051,146991.936423,147595.312680,147858.928398,147192.775957,146371.442601,145802.326906,145047.035408,144469.859474,144161.382172,143695.313302,143815.221565,145274.892685,146971.622236,147847.923890,147944.622287,147674.404640,147242.076038,147068.857184,147181.956091,147004.750863,146571.005945,145997.404879,145615.185208,146111.184830,147050.041030,147583.313623,147429.772920,147001.958922,147408.185919,148014.240004,147676.671768,147121.221780,147028.462391,147380.884494,147583.781636,147042.930279,146335.598921,145731.540992,145042.201505,144947.845680,145383.331956,145486.081160,144441.441949,141948.926042,136638.809378,125921.358007,106717.169584,70224.861819,14674.657834,-47767.842294,-104292.689181,-155214.114569,-202570.707819,-234763.813875,-252214.762704,-262731.657855,-267553.894103,-270062.219828,-271860.121189,-273881.323786,0.000000,0.000000
0.000000,0.000000,-269205.424155,-267350.916588,-266140.302534,-262446.534541,-253675.128209,-238047.363672,-203620.992361,-158014.797380,-113266.486084,-56391.621861,420.242987,45801.188337,84838.133616,114023.986216,131319.286533,140141.430948,144857.728377,146238.027135,146305.296187,146597.426389,147145.401301,147707.816168,148205.358742,148227.288852,147730.774317,147088.197200,146189.685019,145377.648420,144998.679938,144868.337552,144609.501878,144358.038204,144274.180845,144397.339137,144739.844558,145062.629620,145314.303268,145611.329064,145942.087636,146254.352460,146686.391929,146822.141515,146383.357316,145908.360040,145383.524829,144521.670578,143565.882617,142882.141823,142660.146301,143346.197739,145162.871639,146931.939956,147756.447300,148033.518820,148012.834061,147732.333251,147456.336828,147396.045106,147216.426696,147042.159888,146865.413846,146516.938637,146462.548858,146840.526183,147527.053040,147707.342604,147535.449182,148089.612132,148871.371523,148575.671703,147686.974832,147293.272992,147043.387885,146820.293445,146592.582423,146430.358915,146195.110723,145510.572378,145267.722477,145759.990811,145519.768410,144540.037757,142357.085349,135456.924744,123521.030645,103517.890070,65620.205275,4024.962111,-68447.672489,-130221.228845,-178328.862363,-216427.340057,-242862.733314,-257936.962787,-265391.617296,-269617.844609,-271705.566742,-272746.610551,-275127.605771,0.000000,0.000000
0.000000,0.000000,-267733.315398,-267095.550715,-266873.797694,-265004.293401,-258184.033082,-244248.304747,-219921.646809,-184734.299639,-139030.176714,-77023.989643,-11916.452217,40522.069214,83672.660771,113790.055611,130933.563729,140746.124131,145259.336583,147080.306837,147330.442458,147312.533620,147678.824841,148005.328775,148213.540595,148252.230311,147838.693784,147169.944761,146253.048472,145481.176883,145138.986293,144821.545717,144479.720222,144357.757224,144556.008578,144655.259806,144684.834484,144886.922629,145205.692830,145504.238756,145511.363377,145860.596814,146325.113445,146384.307801,146446.009645,146413.680547,145925.514193,144796.972833,143491.895004,142758.796313,142825.162438,143859.124246,145625.910741,147052.071653,147567.672629,147850.087522,147949.194882,147611.779773,147121.499653,146741.244698,146747.824189,147088.855380,147283.574519,146945.102438,146460.451658,146572.038190,147175.193275,147491.674906,147528.070603,148036.525697,148760.919402,148504.618905,147755.407385,147350.131886,146780.307967,146130.685735,146127.857724,146636.309620,146713.622291,146302.048987,145840.305302,145787.337824,145409.272481,144487.655101,141596.413625,133836.625436,120763.637289,96077.551207,52560.797975,-13087.777619,-90535.737633,-156003.180395,-201482.016780,-231152.956914,-250521.935663,-262505.412442,-268104.608193,-271603.207706,-273441.325892,-273885.673952,-276055.217163,0.000000,0.000000
0.000000,0.000000,-267961.905970,-266961.540274,-266746.113964,-266573.071020,-262953.257517,-252042.413421,-235120.781176,-206781.192434,-161891.661435,-98906.681121,-25061.855338,36820.233623,82272.919009,114524.484867,132507.720698,142078.157031,146692.721813,148534.285563,148705.204856,148202.374284,148006.400468,147841.220684,147747.662472,147787.748636,147407.471636,146536.733368,145816.919645,145194.807088,144834.034008,144697.729618,144557.068764,144578.760067,145018.380567,145392.862516,145242.812192,145073.557032,145115.724312,145221.487888,145216.250975,145561.885752,146169.882866,146538.795923,146718.640844,146922.233469,146596.571192,145156.286619,143693.214032,143236.489501,143504.347087,144443.044666,146080.802125,147164.624141,147348.416201,147554.457348,147595.903967,147140.384505,146359.194726,146063.364334,146590.182907,147068.608552,147431.821696,147267.090444,146446.420914,146231.301628,146713.022892,147057.607756,147037.589209,147272.361015,147698.702691,147527.457797,147385.169682,147234.317751,146595.339419,146023.961176,146073.464266,146745.296553,146953.874894,146597.406088,146120.505439,145774.907091,145570.172931,144401.877554,140118.643399,131346.220390,114817.840140,82660.238268,34490.358979,-29757.948672,-103445.200813,-165559.652225,-209942.554564,-238293.532491,-253798.963779,-263974.822532,-269976.837416,-272650.810570,-274432.663437,-275684.561074,-277322.108763,0.000000,0.000000
0.000000,0.000000,-268973.354346,-266529.727606,-266060.315396,-266403.115631,-264731.642818,-257601.523820,-242891.930516,-218155.377264,-175777.919081,-112631.521487,-41680.687671,22625.983170,76076.791080,112960.138129,132574.972278,142798.611468,147767.765971,149343.250489,149263.970580,148694.298657,147943.566558,147176.036969,146780.045500,146648.314471,146231.392637,145422.829668,144778.841021,144340.779060,144526.846701,144953.268799,145102.361230,145469.675536,145857.855477,146013.940598,145695.528251,145232.471024,145070.341244,144845.174981,144761.232687,144852.343345,145222.601848,145924.587423,146381.852014,146672.990152,146484.602522,145399.231809,144334.124273,143864.612247,144096.854722,145051.675380,146179.619659,146912.220628,147025.603093,147080.525188,146977.087448,146286.423899,145707.657243,146019.800667,146921.016099,147611.632297,147962.234170,147632.427732,146579.739608,146029.887128,146410.474492,146737.612529,146496.432343,146514.631423,146844.119064,146639.201182,146608.878660,146839.605295,146470.712995,146069.142585,146386.197040,146886.166950,146743.756569,146121.316888,145826.990969,145926.077189,145934.867104,144595.661303,139161.514593,128117.715510,104717.065050,64835.510838,8867.501534,-51466.351346,-107537.770466,-165345.391045,-210919.156462,-239300.808231,-256788.652161,-264913.065349,-269783.433969,-272427.350230,-274378.145238,-276783.921015,-279560.587733,0.000000,0.000000
0.000000,0.000000,0.000000,-267041.052044,-266032.868069,-266455.164492,-265815.275199,-260518.517393,-247407.761124,-224405.871419,-183699.328265,-126331.768783,-65621.483723,278.767744,64642.790391,107714.135177,130783.162540,142552.934356,147050.801894,148754.765029,149100.604119,148407.455479,147662.152649,147014.487798,146300.107944,145594.140583,145200.155524,144668.283875,144048.076204,144044.007830,144649.997413,145311.146619,145965.079225,146501.200268,146630.719245,146353.492963,145620.150017,145255.918485,145215.219465,144702.112139,144198.790608,144160.055886,144346.539557,144664.680315,145251.247367,145857.989246,146129.804348,145728.423899,145068.793914,144775.962851,145067.296648,145810.442169,146415.333886,146713.404105,146632.841728,146402.510433,146170.269233,145742.278262,145625.685600,146242.186726,147366.787831,148421.580070,148596.929095,147804.028945,146654.455500,145886.662036,146158.520283,146655.113926,146595.647682,146618.833155,146589.833260,146343.647160,146287.397134,146291.421594,146005.091407,146036.494250,146651.493925,147001.514825,146839.744607,145996.125926,145680.016291,146179.340289,145872.923331,144340.916108,138726.066627,124939.658670,96634.884306,47078.206149,-15555.503601,-69475.444669,-114803.310867,-164660.523293,-209315.881640,-239667.633044,-257250.818000,-265006.759453,-268474.321651,-271288.263912,-273850.298571,-277063.195330,0.000000,0.000000,0.000000
0.000000,0.000000,0.000000,-269226.301372,-267530.475093,-267999.416235,-267655.184103,-263037.756959,-251491.267797,-228896.362397,-191554.489153,-143259.399954,-85457.977975,-14801.139140,54062.101414,102200.908628,128315.548915,140664.699539,145789.126562,147822.349522,148460.017669,147728.666647,146845.653904,146390.427899,145777.896382,145218.752507,144959.610380,144536.643592,144319.046499,144310.369028,144615.996418,145355.803761,146109.420817,146723.048099,147011.014915,146484.174285,145692.623642,145544.372208,145580.235009,145156.789042,144420.585570,144163.878900,144175.827910,144021.354126,144499.493072,145251.025069,145761.753068,145967.944522,145649.505801,145717.400055,146203.964777,146599.603401,147052.586943,146848.453058,146267.242130,145937.560030,145576.215244,145459.480448,145567.633864,146158.045604,147365.591589,148385.652029,148542.019259,147782.704588,146605.184436,145869.101672,146173.419333,146693.010443,146966.645820,147091.917317,146840.822976,146529.092773,146387.640134,146229.516772,146051.091673,146298.393231,147056.779038,147473.099976,147197.234845,146357.266272,146075.378877,146274.121971,145823.944147,144169.460384,137834.831793,122083.271767,92329.927998,38216.909540,-26758.660445,-82576.777513,-129860.742464,-170624.466422,-211952.066871,-242017.447842,-256106.532026,-264375.494080,-267815.042060,-269795.974356,-272211.374707,-276084.473576,0.000000,0.000000,0.000000
0.000000,0.000000,0.000000,-272062.788426,-269624.931049,-269867.096048,-269611.531621,-265138.280547,-254929.562716,-235787.798630,-202130.242400,-156136.590634,-101095.115895,-28895.091582,47406.444723,99324.430863,125029.359706,137484.306053,143696.978663,146150.078771,146702.422275,146575.127410,145893.885086,145488.727671,145351.814694,145245.005465,145211.574471,145264.324372,145292.231123,144920.960051,144914.583552,145222.288199,145849.836995,146860.849837,147289.724243,146953.059610,146549.718173,146515.832248,146392.936482,145778.127113,145292.886620,145096.569746,144539.135159,144227.271390,144607.481456,145141.862205,145758.018676,146186.946034,146238.570434,146414.982631,146995.730928,147575.240091,147638.940311,147015.956637,146190.212243,145489.459182,145068.798521,145014.493696,145183.771958,145889.649474,146828.894236,147641.255744,148071.559367,147685.978404,146772.117864,146067.613571,146018.251576,146359.525242,146681.341205,147032.080471,147061.060392,146520.281341,146298.896087,146560.143051,146614.686263,146634.711156,147107.736188,147563.884423,147487.540363,147038.933493,146746.653395,146587.462450,145847.454257,143426.864194,136199.228712,120692.063644,91716.833507,41055.379111,-24640.290101,-88530.379169,-143232.050362,-187125.389475,-221523.263918,-245020.521977,-257587.824039,-264463.598463,-267884.204889,-268936.885931,-270468.381213,-273948.327897,0.000000,0.000000,0.000000
0.000000,0.000000,0.000000,-274345.612583,-271026.857804,-270583.194971,-270473.785111,-266296.623619,-257779.424634,-242702.229052,-215028.822415,-175708.053648,-119150.164421,-39952.219224,38997.930371,93275.697335,120714.452377,133068.194947,140347.144332,144163.969987,145153.003153,145064.115779,144819.986584,145011.310268,145410.360945,145530.110492,145818.187307,146195.652115,146318.043564,146143.036008,146080.742791,146101.088121,146665.518613,147501.689673,147793.459781,147707.731465,147496.899731,147526.827539,147327.491420,146471.770802,146166.080740,146231.636076,145603.774450,145053.894409,145114.251108,145633.203447,146176.499652,146449.220620,146511.052477,146588.332126,147165.452869,147927.146874,147847.654306,146958.159465,146068.707820,145132.993603,144541.343055,144571.792029,144802.970017,145438.246047,146436.971171,147304.451415,147772.604404,147762.126288,147236.725527,146457.095745,145698.350103,145420.868416,145750.448780,146247.564896,146495.540725,146237.807403,146231.222956,146593.751375,146817.828560,146789.705036,146720.206225,147127.045180,147619.820607,147696.675590,147387.476064,146512.231112,145136.825741,141826.146808,134207.707062,119037.058366,90852.121224,45095.327494,-15687.444388,-84273.953269,-151270.521685,-201444.557023,-230554.358508,-248313.692978,-259732.292546,-265724.645706,-268583.897820,-269849.222966,-270662.270521,-272040.442468,0.000000,0.000000,0.000000
0.000000,0.000000,0.000000,0.000000,-273196.117272,-271268.848023,-270687.240824,-266886.379278,-260017.336363,-248250.531005,-227675.390385,-193222.398118,-135104.971557,-53459.031185,29361.879304,84490.083399,111834.328521,125881.690118,134162.843059,140575.310221,143651.415731,143904.292250,143871.501102,144382.913007,145155.321502,145831.608326,146574.334596,147146.416066,147458.145954,147558.903374,147536.785394,147678.888746,147920.386790,148064.441876,148010.612273,147921.394564,147981.245477,147970.556488,147592.476270,147055.650058,146812.268499,146973.566402,146666.370846,145893.377834,145816.933404,146154.406322,146101.347688,146009.164485,146035.101128,146208.135081,146861.992056,147561.861024,147502.766101,146561.791408,145589.147407,144936.770478,144247.677036,144050.439000,144558.695555,145255.090446,146269.963145,147340.658968,147851.703793,148071.395145,147907.347540,146876.988010,145559.991525,144795.041679,144711.971643,145136.930951,145591.770390,145838.262535,146287.171209,146689.295716,147014.022529,146717.023546,146019.435489,146383.284522,146976.184288,147367.994839,147345.248914,146127.147270,144298.375791,140019.173755,130256.009046,112536.520785,79762.330542,35790.304369,-15693.654844,-83235.616220,-154467.109206,-207041.317504,-236036.339056,-251494.609729,-261777.392121,-267390.413129,-269823.449683,-270796.135616,-272197.803564,0.000000,0.000000,0.000000,0.000000
0.000000,0.000000,0.000000,0.000000,-275071.075927,-271726.149547,-270399.893299,-267703.309133,-261548.667483,-252026.299484,-234964.349836,-200485.307158,-142541.337848,-61422.053054,22051.206453,74475.564834,97229.807325,111316.228686,124514.267434,135291.642239,140916.352513,142849.921219,143244.732784,143672.696207,144707.363738,145685.291007,146882.462118,148058.866217,148564.671381,148680.642570,148743.615173,148630.843097,148392.790008,148337.586203,148005.832703,147727.450025,147975.394160,147962.233924,147614.844745,147168.655004,147007.667343,147345.976645,147066.734382,146389.536967,146289.934856,146185.341440,145682.447730,145331.195417,145417.621476,145868.622617,146668.161724,147345.373531,147057.218545,145996.377487,145181.024775,144717.153143,144114.051335,143801.845532,144346.769170,145147.430352,146091.109000,147115.441134,147782.081978,148236.286748,148111.904085,147208.538745,146009.287159,145043.444124,144490.871425,144546.556255,145048.757421,145562.560867,146257.439050,146891.010435,146998.227091,146403.871864,145613.261609,145747.260421,146572.544241,147254.986804,147229.166055,145990.120011,142749.017588,136040.118072,123921.655589,101420.137801,60524.726074,10770.970432,-33286.181835,-87638.348751,-155751.401590,-209476.465511,-238143.996103,-253174.447491,-262609.667536,-267785.980403,-269651.912972,-269970.830855,-271646.324309,0.000000,0.000000,0.000000,0.000000
0.000000,0.000000,0.000000,0.000000,-273311.888344,-270264.647755,-269285.638832,-268360.038047,-263891.121268,-254946.221696,-237621.759127,-205524.033026,-146907.920048,-64077.834053,8983.455386,56197.302535,81034.047749,94800.442480,114190.951688,130555.912742,138062.643208,141611.141786,142721.514826,143431.402153,144308.000963,145431.499503,146960.038326,148503.123125,149136.844292,149195.413311,148921.285796,148595.265061,148381.668033,148311.873211,148131.286265,147843.562795,147761.681104,147732.744429,147543.944417,147230.363886,147160.675546,147379.275812,147251.247629,146682.789847,146495.482023,146343.181671,145652.936870,145114.590684,145310.586452,146260.450884,147231.968779,147617.726311,146922.474551,145557.562899,144855.836654,144469.293087,144058.293879,144092.313900,144433.362414,145050.907225,145978.511192,146764.824440,147331.505032,147652.394213,147477.664121,147017.911068,146358.125079,145667.059701,145138.469611,144871.817891,145142.474085,145772.871266,146288.841067,146793.050729,146861.265558,146290.975173,145785.656990,145683.320191,146511.689936,147375.575703,147030.901029,145282.510718,140315.399036,132049.988719,117746.322356,87891.467551,39172.575619,-15313.118430,-56293.074499,-99743.825668,-161196.448017,-211322.226597,-238470.735742,-253761.175395,-262261.633740,-266940.437258,-267995.356015,-267943.898928,-269733.150602,0.000000,0.000000,0.000000,0.000000
0.000000,0.000000,0.000000,0.000000,-270105.543170,-268417.852656,-268351.492790,-268644.976518,-266462.660842,-259080.007583,-243322.922601,-214233.350872,-162098.074549,-91483.904968,-26123.080253,22410.272146,56451.725210,82078.424907,105240.642482,124737.905896,136022.386601,140691.397469,142770.351189,143477.831216,143956.019269,144900.966971,146649.828356,148381.898330,149136.637238,149006.543211,148132.733874,147526.877773,147662.571139,147885.727115,148000.366117,147907.778465,147716.051004,147480.990458,147257.256272,147420.466324,147521.105166,147418.559883,147334.597148,146857.658185,146498.494244,146425.904876,145848.013434,145308.580741,145749.477529,146912.971645,147978.016417,148103.422591,147013.231590,145673.711127,145030.301488,144671.909211,144427.619436,144555.401286,144873.911406,145359.377239,145931.669809,146476.110825,146745.781856,146631.541027,146811.254282,146852.175019,146543.815883,146183.820446,145782.848977,145916.958150,145973.528222,146234.907613,146650.880382,146571.379079,146560.425377,146220.505777,145853.393904,146011.723870,146509.197896,147023.060299,146669.086349,144419.074251,138507.694282,127203.023522,106713.430900,70671.805111,16271.492599,-40805.578185,-81827.618312,-122588.423322,-175035.603110,-218242.425044,-242093.753478,-254788.904114,-262631.344001,-266830.108356,-267370.621954,-267381.639030,-269582.039840,0.000000,0.000000,0.000000,0.000000
0.000000,0.000000,0.000000,0.000000,0.000000,-268730.959379,-268495.539677,-269365.675051,-268137.146126,-262838.103274,-251999.295642,-230552.291079,-192081.478942,-142050.521976,-82874.959596,-24701.316391,20098.442637,61522.654951,94394.365399,115570.854797,130646.644212,138319.214273,142300.141039,143694.178946,143949.541687,144530.670052,145660.882398,147535.333283,148596.429005,148264.816614,147197.044104,146323.939352,146477.031036,147212.536764,147735.225796,147628.986496,147312.226871,147126.793038,147192.433479,147538.972875,147583.484177,147526.260544,147275.593018,146729.770805,146402.449954,146279.146861,146097.271720,145901.228655,146308.167573,147273.582516,148017.015612,148192.534922,147492.728686,146323.313331,145786.719091,145563.967193,145199.309755,145018.219210,145117.611825,145258.910829,145503.419472,145949.553440,146144.821726,146034.973456,146301.734792,146827.972435,146884.201398,146495.204836,146352.918978,146650.995040,146858.782708,147013.333505,146970.350414,146552.517705,146264.577750,146243.299256,146169.556492,146306.840522,146298.398768,146088.642312,145667.623891,142661.205507,134400.965689,118054.278557,88831.728712,45481.042210,-10957.974335,-68658.858641,-112433.298101,-153008.534447,-196621.358472,-229934.124723,-248047.028943,-257023.527184,-263698.682917,-267969.710581,-268850.554216,-270160.161152,0.000000,0.000000,0.000000,0.000000,0.000000
0.000000,0.000000,0.000000,0.000000,0.000000,-271152.300955,-270075.807525,-269982.891003,-268837.607629,-265076.498953,-258406.848234,-245731.011290,-222428.289119,-185190.686555,-135781.894144,-76928.902275,-15673.373556,32239.901387,67969.321067,98580.803253,120145.671132,132676.318805,139997.284977,143185.236974,144000.106993,144644.109173,145117.442946,146361.060467,147732.874281,147800.180107,146705.183586,145667.105073,145944.045532,146843.270817,147158.881140,147077.236237,146897.931115,146786.186950,147094.432413,147620.677667,147847.675432,147540.109601,147147.870514,146779.449583,146610.809569,146519.866559,146521.054311,146760.294223,146917.404133,147366.491404,147703.044065,147613.610923,147338.366291,146818.133617,146440.382066,146351.898612,146061.610281,145508.235966,144923.701555,144555.941600,144810.669669,145173.071082,145360.544260,145516.819005,145836.345143,146496.603498,146899.068149,146965.966802,146965.865208,146989.816531,147066.061708,147116.095269,146881.216397,146445.397984,146121.883450,145978.145164,146146.926265,146048.426529,145377.831786,144817.782861,143852.267623,139448.778834,128762.983324,108727.783448,71297.554050,18535.005605,-38421.659650,-91341.743513,-137117.101702,-180534.437549,-217489.315643,-240800.767406,-252666.145883,-259779.355087,-265613.410279,-269053.971261,-271098.317260,-274407.209704,0.000000,0.000000,0.000000,0.000000,0.000000
0.000000,0.000000,0.000000,0.000000,0.000000,0.000000,-272779.552408,-270275.324058,-268916.241131,-266756.319450,-262404.525490,-254912.179470,-240588.482024,-213561.257113,-172146.557998,-116837.439213,-56028.051919,-8422.905789,31402.745112,73493.749008,105190.107544,123638.239028,134791.736684,140704.273218,143020.653454,143818.770473,144462.207002,145192.153252,146268.739556,147068.066835,146473.962021,145689.773493,146181.535258,146767.476642,146722.130926,146379.079092,146182.681792,146263.936237,146907.733191,147940.949366,148321.861790,147775.319063,147316.528936,147277.559367,146939.814468,146679.063463,146854.560482,147369.097976,147727.694887,147600.172746,147397.869053,146800.730027,146293.601814,146332.251935,146416.850288,146577.625039,146650.703433,145905.675444,144815.812620,144304.573764,144385.309489,144792.144847,145044.732182,145246.037427,145617.714089,146091.964153,146838.607210,147418.021640,147443.891754,147172.965243,146610.500998,146422.634344,146432.839796,145946.055737,145541.902988,145711.978416,146227.838265,145922.240453,144444.759431,143265.143763,140977.359209,134261.127443,122392.530249,98487.593429,53188.801278,-6906.056228,-64349.023257,-116025.653955,-163992.822230,-202995.463723,-232363.884870,-249571.109434,-257081.541716,-262682.228733,-266836.572876,-269101.820724,-271734.510179,0.000000,0.000000,0.000000,0.000000,0.000000,0.000000
0.000000,0.000000,0.000000,0.000000,0.000000,0.000000,-276293.305424,-272354.259235,-270042.174632,-268803.012704,-266009.663320,-260902.106330,-250601.986887,-232720.596982,-198240.899299,-149104.271547,-103893.034949,-57290.641175,-4395.208316,43922.303264,83055.438208,109427.640497,125033.731690,135386.250750,140640.823889,142025.265785,142899.781289,144176.683864,144959.465290,145476.790584,145741.464709,145909.106294,146502.642742,146997.241085,146996.868117,146277.924049,145726.551616,145908.401467,146771.112067,147986.370498,148294.905777,147766.467476,147364.869334,147278.305576,147125.021714,146671.042110,146595.106591,147212.244828,148061.507616,148124.514107,147203.888548,146007.405561,145141.575346,145003.712824,145537.939952,146322.568994,146709.001219,145966.696560,144932.830953,144755.011060,144895.094156,145311.960758,145745.071838,145862.342429,145694.020977,145844.266050,146765.020069,147837.315835,148217.359889,147566.036556,146698.976244,146230.232540,145871.199905,145505.646699,145317.515944,145926.163064,146296.445986,144842.729441,142674.373981,139926.758496,135040.738520,126198.957114,110367.475826,80021.700348,27647.893026,-39866.345843,-101802.860001,-151288.033505,-193576.589755,-225289.949017,-245036.665677,-256021.039004,-261562.552790,-264918.194366,-267181.505294,-268948.919997,-271627.343184,0.000000,0.000000,0.000000,0.000000,0.000000,0.000000
0.000000,0.000000,0.000000,0.000000,0.000000,0.000000,0.000000,-275737.104314,-272879.798282,-270967.682030,-268576.655456,-264932.771303,-257956.489778,-244744.582725,-220394.390523,-188255.908456,-147127.878119,-98314.518596,-48357.639882,7754.009830,55904.589650,86578.912834,108790.910862,124706.407691,134780.552519,139548.708912,141084.727641,142640.832255,144276.347756,144834.912820,145228.349615,146004.992092,146793.661496,147524.793299,147315.032136,146538.208211,146188.425229,145941.702672,146486.957717,147548.942007,147777.919295,147154.252291,146558.279411,146563.372808,146858.976555,146371.376166,145927.827828,146691.557673,147890.282311,148400.056686,147322.052033,145513.828984,144257.254095,143989.978169,144873.670735,145988.829805,146235.724954,145580.444280,144911.786255,145220.781815,146027.611780,146347.226011,146592.570844,146583.389967,146056.382491,145784.892942,146506.550016,148084.935215,148816.827199,148164.288503,147027.717726,146052.517110,145492.661602,145232.413601,145250.204408,145590.163941,145141.729959,143214.151208,140224.954673,134495.615796,125047.545584,112042.946506,89932.944861,51654.939971,-6816.789630,-75631.195637,-135499.010543,-181711.610619,-216722.450826,-240844.034422,-253639.282428,-259791.007476,-264270.374221,-266565.435755,-267926.165811,-269850.198991,0.000000,0.000000,0.000000,0.000000,0.000000,0.000000,0.000000
0.000000,0.000000,0.000000,0.000000,0.000000,0.000000,0.000000,-278851.143410,-275161.784193,-272495.789658,-269357.207359,-266317.388776,-262598.783894,-253998.760540,-239246.925576,-216305.625578,-180588.445705,-134476.813070,-82739.851611,-23927.417845,28227.849807,61584.838593,89451.700245,110838.473273,124067.335664,134592.569345,139352.682965,141125.085109,142986.949178,144497.648140,145230.657224,146138.726317,147355.008246,147993.527143,147860.056160,147185.003940,146738.149034,146266.127787,146332.627395,147170.114606,147024.724327,146165.845025,145605.882267,145827.736333,146189.180138,145907.582750,145710.631205,146394.513408,147764.472863,148287.520308,147280.949752,145431.266878,144211.982983,144114.496890,144854.320932,145790.877193,145722.835253,145007.097975,144773.997891,145549.429403,146556.739695,146979.289402,146966.110694,146695.829548,145955.289553,145248.091854,145757.306427,147330.822793,148311.463506,148138.044370,147067.447088,145849.337395,145314.519070,144908.558574,144731.544040,144813.379112,143845.414624,141373.436513,135502.882333,124104.344344,108550.059031,86516.112535,53678.646557,8341.626113,-53501.702849,-115599.925945,-162200.337530,-202670.125487,-233020.066266,-249372.797160,-258426.225477,-263576.591637,-266393.634718,-267636.312693,-269322.689324,-271604.483403,0.000000,0.000000,0.000000,0.000000,0.000000,0.000000,0.000000
0.000000,0.000000,0.000000,0.000000,0.000000,0.000000,0.000000,0.000000,-276585.754896,-273527.159937,-269954.125348,-267007.902779,-264592.242119,-259880.448303,-250375.048922,-231361.181096,-201187.362888,-158648.593998,-104484.001319,-49710.658204,904.163970,42089.200552,70312.751185,92283.229414,109822.340097,124090.974809,135160.545823,140237.735840,141930.387868,143376.670293,144598.823450,145814.362725,146978.609618,147786.490102,147985.099283,147701.890105,147218.836149,146661.738683,146452.993375,146777.087133,146488.699597,145701.419259,145375.976865,145574.961718,146186.713064,146501.832696,146425.062628,146887.733040,147912.228454,147909.566962,146734.280151,145376.809354,144683.467604,144828.746747,145244.319744,145545.285725,145213.937569,144462.164937,144436.076804,145419.157584,146349.743466,146843.726921,146967.783668,146586.201324,145632.598471,144717.122170,144967.450092,146287.522303,147679.518537,148145.557716,147235.658040,145691.081254,144737.627630,144446.537469,144234.568079,143514.333233,141374.079366,136774.572696,126445.975941,107637.045993,79232.374674,45741.265109,4732.079167,-50998.034367,-110159.621761,-160637.243578,-197558.367691,-223645.749632,-244539.525852,-257287.520122,-263112.104404,-266563.242754,-267362.266008,-267569.662431,-270474.177239,0.000000,0.000000,0.000000,0.000000,0.000000,0.000000,0.000000,0.000000
0.000000,0.000000,0.000000,0.000000,0.000000,0.000000,0.000000,0.000000,-279467.022162,-275176.300526,-271772.545319,-268558.458929,-265854.446227,-262130.179846,-255171.328590,-243367.805485,-216698.122230,-177885.953950,-138726.972147,-88420.511356,-33231.514456,9962.037009,42694.268025,69867.679770,93483.210471,111001.833098,125366.691479,135745.621405,139970.978756,141610.854291,142989.008497,144647.092005,146151.035384,147186.228766,147426.262081,147493.630412,147341.180705,146703.985128,146171.003203,146066.812855,145936.843888,145665.944304,145515.745372,145878.762744,146916.504181,147605.925782,147640.057937,147881.972069,148134.924875,147275.340341,145839.497187,145105.935158,145069.643658,145385.601236,145687.974264,145429.179107,144616.450391,144067.482633,144152.686917,144909.573163,145856.170161,146570.755650,146891.028285,146442.045650,145602.352875,144684.012830,144566.832382,145870.120096,147492.099369,148114.124663,147191.492944,145725.123333,144595.576890,143977.804999,143023.092724,140271.770891,136418.427816,129468.114030,115616.522221,89471.134779,48232.391192,3513.205005,-44225.991052,-101928.423315,-156421.004058,-197883.389279,-225398.081292,-241949.206291,-254166.086996,-261826.643526,-265282.081979,-266696.096051,-266860.155628,-267955.057047,-270548.506449,0.000000,0.000000,0.000000,0.000000,0.000000,0.000000,0.000000,0.000000
0.000000,0.000000,0.000000,0.000000,0.000000,0.000000,0.000000,0.000000,0.000000,-277266.624676,-273478.862595,-269826.796948,-266487.548897,-262951.952334,-258894.817065,-251257.745150,-234285.234388,-208668.645957,-178497.231987,-134948.237326,-83171.619299,-37263.416952,7402.417524,45857.719539,72144.694043,92024.958289,111658.840674,127224.226704,134740.932233,138592.976626,140628.129370,142634.227546,145309.541869,146901.689283,147080.859494,147338.032872,147258.059077,146295.045001,145409.651355,145201.053045,145005.164116,144950.284430,145373.422750,146145.439769,147300.292103,148114.691953,148450.092154,148213.819381,147551.089252,146444.568020,144936.378920,144486.497191,145144.243134,145739.077360,146004.314410,145517.908941,144532.413550,144135.858936,144165.414720,144589.274337,145493.982540,146300.555402,146634.637329,146190.163627,145310.358118,144490.074616,144659.059682,145851.677505,147141.888399,147851.489254,147532.938435,145992.131362,143987.955571,142225.444512,139156.182559,134315.793087,128543.553966,118819.005994,100840.912505,71180.315921,28295.970090,-29324.672159,-88446.565763,-138492.642375,-186873.509453,-221997.492412,-240592.960275,-253081.890297,-259553.328050,-262567.984448,-265240.173930,-266868.696392,-267119.397540,-269042.663016,0.000000,0.000000,0.000000,0.000000,0.000000,0.000000,0.000000,0.000000,0.000000
0.000000,0.000000,0.000000,0.000000,0.000000,0.000000,0.000000,0.000000,0.000000,-279018.536979,-274654.145641,-270597.465822,-266530.062194,-263822.163704,-262090.334862,-257996.065419,-248837.971990,-233462.855470,-210004.973489,-174059.944919,-129373.766511,-82585.171122,-34580.999298,9980.373619,42463.302008,66960.354523,94119.219532,115669.586416,126821.957021,133932.104287,138476.870651,141250.881107,144413.648553,146811.769100,146870.833085,146783.091096,146648.418632,145668.038266,144755.783125,144704.876411,144725.440420,144787.515869,145312.898559,146097.832363,147213.469128,147973.728369,148034.063601,147323.106787,146378.530115,145617.897145,144620.386127,144404.331514,145235.110142,146210.094052,146782.001236,146383.374637,145625.210906,145069.145589,144691.786021,145048.325126,145810.957878,146482.376065,146812.287926,146319.624074,145194.666580,144523.476793,144985.849298,145847.793516,146509.870376,147217.744382,146947.848473,144651.931588,141717.753854,138444.027952,132123.136920,123301.525006,112506.397261,96880.077333,75760.959413,46395.454002,1386.996829,-60990.355385,-125029.173702,-175675.266767,-212432.464096,-236992.830628,-251743.035390,-259242.977004,-262459.453928,-264530.018544,-266533.363560,-268438.229173,-269192.470489,-270259.715908,0.000000,0.000000,0.000000,0.000000,0.000000,0.000000,0.000000,0.000000,0.000000
0.000000,0.000000,0.000000,0.000000,0.000000,0.000000,0.000000,0.000000,0.000000,0.000000,-277206.999602,-272180.884187,-268347.199127,-265924.955953,-264734.497798,-263786.408796,-258813.283601,-247745.743771,-231251.764317,-201370.193601,-160225.801736,-124486.097703,-85707.475033,-39503.483701,424.309287,37456.414599,73455.986379,100599.811814,116726.781498,126008.542427,133996.682792,139880.037745,143295.771628,146102.931602,146326.205997,145467.462856,145188.802113,144831.907693,144591.580008,144878.612562,145445.757594,145702.357996,146015.572872,146371.178017,147045.245709,147531.069813,147172.509175,146464.510763,145814.042531,145288.699128,145122.474321,145301.333078,145869.631431,146975.984562,147831.381198,147690.365431,146890.683949,146140.584707,145827.331266,146166.608370,146879.024448,147748.125720,147996.090979,147040.662548,145692.974288,145014.046819,145132.843776,145428.489053,145858.943800,145790.531969,144590.039607,142075.608037,138401.802289,130966.699102,118431.887548,102694.510473,81579.202407,55205.520262,28531.975851,-853.038630,-42176.702498,-98182.474317,-159214.928311,-205893.739942,-231957.064079,-247475.099948,-257690.926635,-263034.521866,-265259.323966,-267058.070455,-269160.218461,-270948.262446,-273301.398676,0.000000,0.000000,0.000000,0.000000,0.000000,0.000000,0.000000,0.000000,0.000000,0.000000
0.000000,0.000000,0.000000,0.000000,0.000000,0.000000,0.000000,0.000000,0.000000,0.000000,0.000000,-275240.219636,-271625.069134,-269179.426568,-267862.356767,-267477.946140,-265441.285653,-259638.754289,-246043.883893,-222564.024440,-193018.991699,-164556.441145,-135173.847177,-94108.915506,-45947.262429,5608.945919,52514.796718,81964.998882,98907.111290,112298.595506,125463.653354,134877.870348,139983.250368,143589.846825,144718.065343,144013.572764,143468.958926,143949.209727,145110.985069,146057.662658,146516.360953,146835.585897,147231.111161,147162.900114,147037.549980,147101.112018,146830.595612,146271.260047,145708.393873,145669.490388,145968.788952,146163.513306,146892.060965,147842.818942,148358.716176,148083.297451,147049.589535,146506.880166,146469.943584,146954.291068,147926.415628,148620.516023,148570.435702,147601.528483,146227.677271,145260.649812,144854.687892,144677.683920,144472.677149,143276.610407,141019.032453,137457.966442,129370.927624,115473.945747,95844.788656,67862.804507,34308.470817,-3325.952953,-42071.344365,-70290.339447,-100342.727536,-146879.876138,-193111.346940,-225237.146850,-243567.764536,-253391.665098,-260005.508035,-264999.030623,-268173.267757,-269496.589066,-271229.583018,-274427.808425,0.000000,0.000000,0.000000,0.000000,0.000000,0.000000,0.000000,0.000000,0.000000,0.000000,0.000000
0.000000,0.000000,0.000000,0.000000,0.000000,0.000000,0.000000,0.000000,0.000000,0.000000,0.000000,0.000000,-273987.526918,-271495.021554,-269435.102115,-268681.883179,-268332.725434,-266112.097708,-258511.018361,-242633.927109,-223124.808620,-202629.834175,-178208.253875,-139927.025367,-83608.737999,-23054.288480,30312.879224,60952.144688,75002.285394,93858.812845,111302.571288,125166.116356,135356.033513,139706.909786,142013.621129,142753.591102,142751.685332,143324.283308,145020.827692,146674.103862,147284.539981,147400.875907,147829.954298,147570.031416,147050.023970,147037.651800,147098.583427,146627.174143,145868.687605,146099.862885,146467.170191,146624.234352,147424.078906,148160.449302,148066.447112,147471.695681,146660.432557,145994.915684,146010.129901,146870.072448,147830.146371,148214.009894,148208.125878,147423.733073,145625.322246,144059.463508,143447.473468,143254.775183,141823.248304,138646.941195,135167.003516,126803.892247,112128.086203,95391.799411,69210.170604,30315.878560,-12089.795908,-56901.908033,-101019.772206,-133821.847466,-160992.124289,-191962.564004,-220590.475238,-240185.078337,-250961.307686,-256842.250645,-261937.369457,-266916.930832,-269892.093414,-271190.708950,-272903.499616,0.000000,0.000000,0.000000,0.000000,0.000000,0.000000,0.000000,0.000000,0.000000,0.000000,0.000000,0.000000
0.000000,0.000000,0.000000,0.000000,0.000000,0.000000,0.000000,0.000000,0.000000,0.000000,0.000000,0.000000,-275258.775769,-271222.460344,-268517.180524,-268109.054835,-268814.936226,-267835.065936,-265542.805080,-258039.670079,-244571.106517,-230914.202278,-210173.235891,-173228.420760,-118698.005007,-52349.621861,4236.984383,35445.973414,51172.811415,67324.542752,87896.803442,107982.041694,124002.830026,133372.617738,137586.025169,140725.803769,142195.779810,142960.761906,144532.566310,146170.168585,147178.643387,147284.597531,147017.841403,146635.605562,146439.716683,146685.482054,147288.041338,147043.104957,145951.040648,145746.760637,146097.105294,146598.427552,147370.798079,148056.604613,147886.005453,147036.238730,146167.092589,145290.593949,145220.790265,145957.581199,146582.716240,147219.581938,147462.944431,146091.095631,143746.467564,142066.365250,141100.984360,139742.524353,136558.306746,131112.073254,123041.665181,108325.097413,86120.151742,63523.176754,37882.966172,4104.495453,-40822.009725,-91308.214640,-134815.968174,-173498.736716,-202181.497583,-222627.851473,-240699.099006,-251154.513462,-256714.299582,-260553.163737,-263924.456780,-267587.907743,-269877.297087,-271581.637054,-275167.131278,0.000000,0.000000,0.000000,0.000000,0.000000,0.000000,0.000000,0.000000,0.000000,0.000000,0.000000,0.000000
0.000000,0.000000,0.000000,0.000000,0.000000,0.000000,0.000000,0.000000,0.000000,0.000000,0.000000,0.000000,0.000000,-270504.479791,-267329.142414,-266925.588521,-268727.336258,-269254.716978,-268647.971970,-266129.561812,-258953.534285,-247531.950422,-229846.044643,-199761.880799,-150425.297706,-83892.534041,-28059.862410,3821.058932,20770.898757,31148.074996,51408.075516,77812.241067,101321.011117,120797.999553,131387.404596,134947.124181,137066.920970,140759.805645,143910.291458,145034.748808,146082.144627,146445.448213,145455.969157,144953.632428,145338.002590,146006.902980,146751.129035,146661.505549,145584.612504,145066.009080,145064.599721,145649.639393,146864.771920,147421.110372,146953.732163,146327.018217,145538.367800,144508.031186,144306.250451,144972.491157,145610.904433,145889.254398,145558.903755,143817.896826,141445.797250,139945.252651,136639.413851,131393.340577,126747.377659,118585.159568,101162.856056,76384.950655,45645.456259,14429.321543,-8534.430775,-33656.707330,-71485.652224,-117424.335480,-162917.683174,-200149.649805,-226687.653826,-244540.119698,-254369.088944,-259120.764698,-262242.483367,-264405.513772,-265843.383473,-266930.765167,-268875.550344,-271659.813124,0.000000,0.000000,0.000000,0.000000,0.000000,0.000000,0.000000,0.000000,0.000000,0.000000,0.000000,0.000000,0.000000
0.000000,0.000000,0.000000,0.000000,0.000000,0.000000,0.000000,0.000000,0.000000,0.000000,0.000000,0.000000,0.000000,0.000000,-267417.827147,-266538.040440,-268356.017622,-270756.570647,-271336.470629,-269701.288953,-265232.930391,-256790.263820,-243310.132398,-219528.731205,-178830.693969,-123313.348193,-68899.209519,-36825.943204,-23206.103858,-14052.798481,1571.681488,32598.083979,68124.576042,97850.365282,115767.557763,123015.260095,127960.957969,133059.495907,138896.286385,142271.758249,143283.095218,144186.684099,143562.279829,142901.805279,143387.298255,144841.650116,146073.403639,145419.760662,144498.856461,143814.411367,143446.114033,144116.719212,144702.123311,144941.886091,144963.041706,144649.901893,143904.209713,142889.584643,142570.384828,142624.616110,143117.237992,143506.724494,142966.681733,141369.878722,138155.938323,133583.059805,126716.724936,117775.319567,107739.017678,92211.544080,68758.108155,31913.213311,-8858.083831,-38532.353581,-64386.708184,-89139.184263,-113887.851470,-147853.180633,-189417.665993,-221882.806676,-243037.406794,-256670.019576,-262185.837524,-264767.094628,-266475.758590,-266933.426879,-266883.364227,-267480.755531,-268821.950874,0.000000,0.000000,0.000000,0.000000,0.000000,0.000000,0.000000,0.000000,0.000000,0.000000,0.000000,0.000000,0.000000,0.000000
0.000000,0.000000,0.000000,0.000000,0.000000,0.000000,0.000000,0.000000,0.000000,0.000000,0.000000,0.000000,0.000000,0.000000,0.000000,-268492.846904,-268314.482999,-270604.781625,-272164.272579,-271320.950604,-268152.748305,-262010.545480,-252657.190461,-235707.932333,-207961.175413,-166586.430885,-124031.771076,-97904.085290,-85336.516401,-75393.209526,-57354.170604,-25332.334108,21441.661398,62109.382671,86667.936828,101641.175339,109354.803546,117550.690457,128182.028043,135954.013788,137821.600713,137915.628123,138692.400070,138741.423433,139158.750620,141150.353172,142368.365429,141650.786676,140794.769386,139810.369662,139395.189325,140844.928901,140525.990834,140451.378221,141859.404791,140330.535432,138032.850433,138334.227876,138803.131381,137855.230825,138336.547769,138273.690670,136884.541282,135822.356099,131637.572294,123007.631984,109307.013633,90848.179664,70706.739382,45753.593732,14667.966441,-20379.585109,-60221.255562,-91827.320138,-115861.585758,-138937.952452,-158238.883487,-185073.931362,-214189.879748,-236867.711521,-253213.358056,-262220.081966,-266619.747858,-267718.925166,-267659.773672,-268097.222865,-268605.906047,-269611.127137,0.000000,0.000000,0.000000,0.000000,0.000000,0.000000,0.000000,0.000000,0.000000,0.000000,0.000000,0.000000,0.000000,0.000000,0.000000
0.000000,0.000000,0.000000,0.000000,0.000000,0.000000,0.000000,0.000000,0.000000,0.000000,0.000000,0.000000,0.000000,0.000000,0.000000,0.000000,-269820.552293,-270048.254493,-271071.442238,-270624.496078,-268808.876299,-265026.458368,-258132.806540,-248406.351875,-231534.530358,-206570.182921,-182778.661340,-164676.400207,-151850.896635,-139855.346723,-116699.081996,-78327.074896,-29719.823469,16499.119644,48577.575746,67265.057066,81238.220017,98151.063816,113274.598720,121942.902169,124449.671831,125181.704197,127689.491814,130388.766370,131315.387158,131365.942854,131967.371007,132122.276916,132819.219752,131767.753327,130684.811545,132552.557497,132940.596823,132878.102387,132440.142639,129179.458392,127363.032376,127345.579471,127473.402776,128862.107276,130030.553641,127861.015363,124316.387567,123964.701150,120408.759725,108941.635887,85703.338196,50339.850855,15891.391906,-18651.769334,-55781.017065,-83137.676911,-105922.403636,-135131.037502,-161917.416385,-183003.546745,-200947.119119,-218160.824144,-235664.716810,-249996.608588,-259949.043454,-265869.245631,-268845.152228,-268841.390873,-267945.614566,-268789.787001,-271481.619971,0.000000,0.000000,0.000000,0.000000,0.000000,0.000000,0.000000,0.000000,0.000000,0.000000,0.000000,0.000000,0.000000,0.000000,0.000000,0.000000
0.000000,0.000000,0.000000,0.000000,0.000000,0.000000,0.000000,0.000000,0.000000,0.000000,0.000000,0.000000,0.000000,0.000000,0.000000,0.000000,0.000000,-270429.673054,-269718.341912,-268937.413464,-267648.045221,-265135.546997,-260435.267199,-254918.679684,-246846.247037,-235782.454738,-223721.369729,-213263.082569,-201325.071166,-186664.380611,-160561.157629,-118209.352283,-72017.760694,-31068.996474,-18.559510,28446.214610,51879.510509,71020.401064,88515.824458,97551.469927,99574.274536,101075.273644,108242.957238,113514.700254,113294.398917,112694.559514,112827.277676,113983.665048,114478.647840,115198.225437,116151.486098,115951.411138,117817.634572,119396.711845,114988.395373,108674.696343,105278.426723,104193.114903,106162.033503,109486.005226,110463.557621,106998.728012,102708.810544,102769.365789,101560.726491,86020.533950,56702.315616,13978.211933,-40963.917460,-86744.723916,-115827.888454,-137467.397031,-152925.662095,-170784.197701,-197976.114805,-219358.609190,-231029.433352,-240695.174503,-250521.113827,-258444.730012,-263367.609514,-267850.934511,-269515.431744,-268816.510575,-268807.389064,-269982.070444,0.000000,0.000000,0.000000,0.000000,0.000000,0.000000,0.000000,0.000000,0.000000,0.000000,0.000000,0.000000,0.000000,0.000000,0.000000,0.000000,0.000000
0.000000,0.000000,0.000000,0.000000,0.000000,0.000000,0.000000,0.000000,0.000000,0.000000,0.000000,0.000000,0.000000,0.000000,0.000000,0.000000,0.000000,0.000000,-269961.646503,-268593.765092,-266921.839063,-265061.598463,-262318.005867,-259000.075680,-256252.540321,-252274.354417,-247187.372223,-241559.615609,-232518.959917,-217019.502111,-193055.355592,-158623.833503,-117359.147266,-83553.178919,-55473.131811,-19349.819103,10681.315878,30059.015775,49325.941865,58760.046480,59509.474436,67231.463303,80496.620719,84606.997764,80743.894599,78300.955379,78470.738034,79460.817606,82363.022290,87075.963092,87827.578749,87540.909429,91963.025055,92215.257999,87821.234280,80495.436821,70532.391673,67719.543977,69463.153764,73602.503123,79582.194252,76016.212417,67975.467625,70065.930965,67866.334739,48364.138361,17567.837317,-26939.128313,-83769.750270,-134924.614203,-162695.522784,-175160.416652,-191342.092630,-208682.167115,-226471.275987,-241809.591723,-248293.380182,-253318.993410,-257918.888443,-260798.272955,-264738.790622,-268617.531876,-269975.137045,-269625.566372,-269993.549326,0.000000,0.000000,0.000000,0.000000,0.000000,0.000000,0.000000,0.000000,0.000000,0.000000,0.000000,0.000000,0.000000,0.000000,0.000000,0.000000,0.000000,0.000000
0.000000,0.000000,0.000000,0.000000,0.000000,0.000000,0.000000,0.000000,0.000000,0.000000,0.000000,0.000000,0.000000,0.000000,0.000000,0.000000,0.000000,0.000000,0.000000,-271423.941491,-268586.051288,-266544.694688,-264840.556653,-263350.517830,-262331.158803,-261900.431519,-260577.121537,-256413.140129,-249912.480116,-239502.715328,-223171.190149,-198933.438655,-170766.026135,-143575.220738,-113646.745479,-79782.896063,-47879.125194,-25937.875203,-9412.954798,1118.395786,9722.553046,28335.725373,41744.032608,42808.646244,33578.648571,26852.898519,30623.844039,30858.138322,38206.704358,48452.523821,49084.913075,47421.087818,44832.336402,44625.936421,45975.201130,41222.018474,30944.123057,24190.564974,23082.015528,30745.071364,43281.287102,40750.895019,31102.352567,30913.672821,19007.064592,-6836.360737,-37456.753365,-77933.921028,-122663.666262,-168333.562165,-198380.250075,-210043.593842,-222071.213882,-237187.491342,-248705.815677,-255088.210736,-257709.118014,-258919.213144,-260770.756794,-262502.126644,-265652.274398,-268785.931657,-270314.003334,-272714.799481,0.000000,0.000000,0.000000,0.000000,0.000000,0.000000,0.000000,0.000000,0.000000,0.000000,0.000000,0.000000,0.000000,0.000000,0.000000,0.000000,0.000000,0.000000,0.000000
0.000000,0.000000,0.000000,0.000000,0.000000,0.000000,0.000000,0.000000,0.000000,0.000000,0.000000,0.000000,0.000000,0.000000,0.000000,0.000000,0.000000,0.000000,0.000000,0.000000,-272553.541638,-269913.290657,-268051.882374,-267023.233753,-266107.170201,-266141.336732,-266666.228443,-264174.170690,-258858.997599,-253160.955627,-244464.550429,-230701.948505,-212648.728364,-193906.400543,-168786.945637,-137926.193689,-115207.201880,-96500.292621,-80509.501179,-67835.630403,-49987.697687,-29872.587348,-14814.517435,-17480.780790,-30446.038043,-31485.171221,-26411.484451,-22977.061746,-13028.002586,3652.297082,8751.371648,-5808.581866,-22943.812009,-22413.561130,-15322.079601,-12948.463320,-15765.889052,-24704.910145,-22302.159612,-11674.280254,-4909.942398,-5772.689857,-13777.351545,-21348.023679,-38283.671054,-72614.753134,-103654.292506,-130705.665161,-168715.105673,-202643.084152,-223161.944738,-236100.373818,-245713.701261,-254319.496725,-260190.371075,-262005.889521,-261819.476410,-262230.013412,-262645.552527,-263433.166083,-265791.060471,-269088.239950,-272442.738706,0.000000,0.000000,0.000000,0.000000,0.000000,0.000000,0.000000,0.000000,0.000000,0.000000,0.000000,0.000000,0.000000,0.000000,0.000000,0.000000,0.000000,0.000000,0.000000,0.000000
0.000000,0.000000,0.000000,0.000000,0.000000,0.000000,0.000000,0.000000,0.000000,0.000000,0.000000,0.000000,0.000000,0.000000,0.000000,0.000000,0.000000,0.000000,0.000000,0.000000,0.000000,0.000000,-272244.859338,-269841.257559,-268832.161416,-268938.608818,-269001.866637,-268189.437284,-265409.403327,-260756.262922,-256100.917552,-250159.585640,-239188.715777,-226199.154105,-210712.984402,-190272.032409,-175370.970572,-161572.080762,-145544.618610,-135238.834596,-123041.981429,-103954.337582,-88457.885617,-90387.328478,-95470.310883,-90846.113464,-83318.270305,-76133.465481,-63748.537090,-42745.262220,-39242.547453,-63875.295879,-89391.040514,-97638.524207,-87176.312467,-72656.227773,-70922.958644,-76127.379392,-72793.322367,-67941.018721,-70343.536986,-74376.617268,-85028.342761,-93141.599417,-105623.364724,-137429.949790,-164982.090848,-184249.446047,-208272.392989,-230536.657277,-243838.513051,-250959.751051,-257279.377260,-262491.111104,-264932.702841,-265157.414256,-264052.899940,-263578.734222,-263460.168638,-263961.705075,-266829.346611,0.000000,0.000000,0.000000,0.000000,0.000000,0.000000,0.000000,0.000000,0.000000,0.000000,0.000000,0.000000,0.000000,0.000000,0.000000,0.000000,0.000000,0.000000,0.000000,0.000000,0.000000,0.000000
0.000000,0.000000,0.000000,0.000000,0.000000,0.000000,0.000000,0.000000,0.000000,0.000000,0.000000,0.000000,0.000000,0.000000,0.000000,0.000000,0.000000,0.000000,0.000000,0.000000,0.000000,0.000000,0.000000,-272295.180441,-270323.790624,-270152.024457,-270054.144001,-270300.869702,-269888.402004,-267220.649235,-263049.472551,-258974.805259,-253942.703406,-246392.569784,-237820.556584,-228106.223495,-218426.730120,-208789.297826,-198282.677178,-191345.124306,-184092.251625,-170547.691108,-161064.708062,-155311.238425,-149674.810934,-144653.788075,-133212.157732,-126902.973326,-118321.947965,-100025.106586,-98165.927902,-120287.676545,-148165.490480,-160667.354134,-149965.098070,-134110.988472,-131753.251198,-127620.576169,-122990.804880,-130722.444172,-140023.683102,-150754.506715,-160062.345654,-163500.951299,-172941.577965,-191329.487646,-209491.518214,-223382.827140,-235475.448400,-247870.656988,-256358.989381,-259546.602235,-262203.081726,-264963.347773,-266480.014256,-266340.224615,-264851.947993,-264113.304326,-264505.419723,-265384.993006,0.000000,0.000000,0.000000,0.000000,0.000000,0.000000,0.000000,0.000000,0.000000,0.000000,0.000000,0.000000,0.000000,0.000000,0.000000,0.000000,0.000000,0.000000,0.000000,0.000000,0.000000,0.000000,0.000000
0.000000,0.000000,0.000000,0.000000,0.000000,0.000000,0.000000,0.000000,0.000000,0.000000,0.000000,0.000000,0.000000,0.000000,0.000000,0.000000,0.000000,0.000000,0.000000,0.000000,0.000000,0.000000,0.000000,0.000000,-271371.657370,-271272.448429,-270541.012726,-270895.494334,-271663.873752,-270358.980390,-267003.891150,-263172.772655,-260111.242497,-257866.814780,-253928.169125,-249104.011522,-245402.229132,-239482.489665,-232957.097856,-228755.377774,-224158.509288,-218488.682439,-211490.367478,-203837.271582,-198329.546916,-192230.831746,-185288.036456,-181444.393738,-175661.571293,-165835.966199,-164117.416376,-178930.639557,-198716.367913,-205946.864456,-200468.623424,-191326.902167,-185842.452885,-178315.248146,-171950.036822,-181723.529209,-196322.240751,-206588.958055,-212202.345139,-214287.334506,-219066.414694,-227693.008406,-237299.479661,-245122.897531,-252624.936721,-258652.074316,-262146.700420,-264170.875543,-265289.421913,-266197.480888,-266672.363557,-266432.670016,-265742.058964,-265882.449236,-267482.466500,0.000000,0.000000,0.000000,0.000000,0.000000,0.000000,0.000000,0.000000,0.000000,0.000000,0.000000,0.000000,0.000000,0.000000,0.000000,0.000000,0.000000,0.000000,0.000000,0.000000,0.000000,0.000000,0.000000,0.000000
0.000000,0.000000,0.000000,0.000000,0.000000,0.000000,0.000000,0.000000,0.000000,0.000000,0.000000,0.000000,0.000000,0.000000,0.000000,0.000000,0.000000,0.000000,0.000000,0.000000,0.000000,0.000000,0.000000,0.000000,0.000000,0.000000,-271976.577822,-272192.587726,-273424.118068,-272370.245164,-269352.763328,-266836.155511,-265228.737243,-264376.495201,-263003.957800,-260414.467328,-258441.445439,-256108.206271,-252783.685591,-250428.108597,-248165.087069,-245556.681138,-241546.364075,-236491.683220,-233496.530512,-230785.252379,-227726.227428,-224434.106215,-220451.259284,-216629.529565,-216160.344961,-223031.356704,-232087.638473,-236251.225098,-234878.334730,-230195.517418,-224867.659310,-219750.899022,-215452.538930,-221033.508173,-233087.641465,-238194.154003,-241503.132984,-243821.144827,-243925.046996,-247717.829423,-252776.137514,-257066.389448,-261190.584406,-264212.896928,-266395.027589,-267512.776693,-267042.689827,-266717.598952,-267435.477925,-267715.024003,-267486.260477,0.000000,0.000000,0.000000,0.000000,0.000000,0.000000,0.000000,0.000000,0.000000,0.000000,0.000000,0.000000,0.000000,0.000000,0.000000,0.000000,0.000000,0.000000,0.000000,0.000000,0.000000,0.000000,0.000000,0.000000,0.000000,0.000000
0.000000,0.000000,0.000000,0.000000,0.000000,0.000000,0.000000,0.000000,0.000000,0.000000,0.000000,0.000000,0.000000,0.000000,0.000000,0.000000,0.000000,0.000000,0.000000,0.000000,0.000000,0.000000,0.000000,0.000000,0.000000,0.000000,0.000000,0.000000,-277018.553290,-275221.818938,-272846.488622,-271254.941386,-270200.820551,-269622.628286,-268826.142868,-266343.934185,-264387.729821,-263948.103671,-263516.816290,-262391.849408,-260546.582083,-259769.058886,-258887.145904,-254671.473245,-251664.690043,-252038.575589,-249944.186380,-246924.491249,-245515.310557,-243404.086346,-243209.536581,-246661.897707,-250888.647004,-252810.115457,-251737.465001,-250151.251088,-248853.090548,-245528.363409,-242846.971352,-247436.191845,-253772.474921,-254903.857031,-255909.868197,-256572.494211,-255424.666105,-256507.001526,-259080.769173,-261921.716034,-265068.715497,-267251.878247,-268854.509414,-269582.513186,-268757.746342,-268430.345727,-269842.171996,0.000000,0.000000,0.000000,0.000000,0.000000,0.000000,0.000000,0.000000,0.000000,0.000000,0.000000,0.000000,0.000000,0.000000,0.000000,0.000000,0.000000,0.000000,0.000000,0.000000,0.000000,0.000000,0.000000,0.000000,0.000000,0.000000,0.000000,0.000000
0.000000,0.000000,0.000000,0.000000,0.000000,0.000000,0.000000,0.000000,0.000000,0.000000,0.000000,0.000000,0.000000,0.000000,0.000000,0.000000,0.000000,0.000000,0.000000,0.000000,0.000000,0.000000,0.000000,0.000000,0.000000,0.000000,0.000000,0.000000,0.000000,0.000000,-276940.558607,-275399.514794,-274134.524073,-273201.165703,-272243.588886,-270557.508168,-268424.217921,-267700.145310,-268031.606958,-267838.250601,-268147.593150,-267592.372969,-265835.662818,-263442.311449,-260709.933481,-260210.610451,-259949.695553,-258846.694989,-257470.122920,-255616.237056,-256480.283377,-259732.730154,-262005.720949,-262426.987132,-260982.054023,-259195.170578,-258749.055642,-258305.592668,-258474.789916,-261091.543598,-262457.176814,-261772.066909,-261881.453383,-260823.477355,-259359.945981,-259700.122229,-261250.873034,-263993.563600,-267091.839603,-269726.438974,-271715.679148,-272280.414440,-271811.203591,0.000000,0.000000,0.000000,0.000000,0.000000,0.000000,0.000000,0.000000,0.000000,0.000000,0.000000,0.000000,0.000000,0.000000,0.000000,0.000000,0.000000,0.000000,0.000000,0.000000,0.000000,0.000000,0.000000,0.000000,0.000000,0.000000,0.000000,0.000000,0.000000,0.000000
0.000000,0.000000,0.000000,0.000000,0.000000,0.000000,0.000000,0.000000,0.000000,0.000000,0.000000,0.000000,0.000000,0.000000,0.000000,0.000000,0.000000,0.000000,0.000000,0.000000,0.000000,0.000000,0.000000,0.000000,0.000000,0.000000,0.000000,0.000000,0.000000,0.000000,0.000000,0.000000,-278874.404641,-275589.185643,-273434.682949,-272812.120511,-271948.002618,-271333.884285,-271167.464105,-270674.553120,-270755.222655,-270318.214005,-268743.499495,-267255.013780,-265104.286822,-263473.306753,-263339.837301,-263748.445042,-263531.874620,-262759.993146,-263513.432573,-265941.957999,-268187.122883,-268397.929933,-266478.687093,-263963.514728,-262532.004099,-263081.811535,-265409.438222,-267101.282419,-266435.727273,-265513.426312,-264477.444172,-262412.296054,-261293.795340,-261791.501257,-263115.653436,-265876.233513,-268848.101774,-271692.193947,-275992.768471,0.000000,0.000000,0.000000,0.000000,0.000000,0.000000,0.000000,0.000000,0.000000,0.000000,0.000000,0.000000,0.000000,0.000000,0.000000,0.000000,0.000000,0.000000,0.000000,0.000000,0.000000,0.000000,0.000000,0.000000,0.000000,0.000000,0.000000,0.000000,0.000000,0.000000,0.000000,0.000000
0.000000,0.000000,0.000000,0.000000,0.000000,0.000000,0.000000,0.000000,0.000000,0.000000,0.000000,0.000000,0.000000,0.000000,0.000000,0.000000,0.000000,0.000000,0.000000,0.000000,0.000000,0.000000,0.000000,0.000000,0.000000,0.000000,0.000000,0.000000,0.000000,0.000000,0.000000,0.000000,0.000000,0.000000,-275128.814350,-275659.637370,-275520.605339,-275109.268816,-274250.168698,-273673.084573,-273018.013133,-271765.402917,-270807.013040,-269238.452242,-267171.804123,-265349.867326,-264778.035624,-265735.105041,-266862.232518,-267478.518849,-268292.676141,-270492.583554,-272587.220264,-272207.575264,-269884.979865,-267013.132025,-264433.687655,-264177.415031,-266725.864471,-269260.122584,-269789.211413,-268584.581147,-266506.419253,-264410.416080,-263775.458857,-264137.967217,-265512.089112,-268408.531030,-270698.586524,0.000000,0.000000,0.000000,0.000000,0.000000,0.000000,0.000000,0.000000,0.000000,0.000000,0.000000,0.000000,0.000000,0.000000,0.000000,0.000000,0.000000,0.000000,0.000000,0.000000,0.000000,0.000000,0.000000,0.000000,0.000000,0.000000,0.000000,0.000000,0.000000,0.000000,0.000000,0.000000,0.000000,0.000000
0.000000,0.000000,0.000000,0.000000,0.000000,0.000000,0.000000,0.000000,0.000000,0.000000,0.000000,0.000000,0.000000,0.000000,0.000000,0.000000,0.000000,0.000000,0.000000,0.000000,0.000000,0.000000,0.000000,0.000000,0.000000,0.000000,0.000000,0.000000,0.000000,0.000000,0.000000,0.000000,0.000000,0.000000,0.000000,0.000000,0.000000,0.000000,-278838.650462,-277680.901326,-276729.818851,-274746.624681,-272243.349145,-270919.772762,-269087.693655,-266840.640633,-266513.577609,-268386.120832,-270343.512685,-270840.823976,-271497.259033,-273471.151012,-275322.741636,-274923.340254,-272418.194707,-268873.396937,-265475.286949,-264511.478591,-266552.952284,-269847.797998,-271741.972963,-271154.600189,-269025.990763,-267608.546442,-267922.140626,0.000000,0.000000,0.000000,0.000000,0.000000,0.000000,0.000000,0.000000,0.000000,0.000000,0.000000,0.000000,0.000000,0.000000,0.000000,0.000000,0.000000,0.000000,0.000000,0.000000,0.000000,0.000000,0.000000,0.000000,0.000000,0.000000,0.000000,0.000000,0.000000,0.000000,0.000000,0.000000,0.000000,0.000000,0.000000,0.000000,0.000000,0.000000
0.000000,0.000000,0.000000,0.000000,0.000000,0.000000,0.000000,0.000000,0.000000,0.000000,0.000000,0.000000,0.000000,0.000000,0.000000,0.000000,0.000000,0.000000,0.000000,0.000000,0.000000,0.000000,0.000000,0.000000,0.000000,0.000000,0.000000,0.000000,0.000000,0.000000,0.000000,0.000000,0.000000,0.000000,0.000000,0.000000,0.000000,0.000000,0.000000,0.000000,0.000000,0.000000,-275222.201231,-273176.968177,-271732.599283,-270009.975855,-268926.148012,-271426.472264,-274203.260537,-274355.760594,-274125.280524,-275276.828862,-277533.627503,-277795.462399,-275374.905068,-271629.153594,-267473.412803,-265712.266848,-267400.309864,-271195.683722,-274572.513484,0.000000,0.000000,0.000000,0.000000,0.000000,0.000000,0.000000,0.000000,0.000000,0.000000,0.000000,0.000000,0.000000,0.000000,0.000000,0.000000,0.000000,0.000000,0.000000,0.000000,0.000000,0.000000,0.000000,0.000000,0.000000,0.000000,0.000000,0.000000,0.000000,0.000000,0.000000,0.000000,0.000000,0.000000,0.000000,0.000000,0.000000,0.000000,0.000000,0.000000,0.000000,0.000000
0.000000,0.000000,0.000000,0.000000,0.000000,0.000000,0.000000,0.000000,0.000000,0.000000,0.000000,0.000000,0.000000,0.000000,0.000000,0.000000,0.000000,0.000000,0.000000,0.000000,0.000000,0.000000,0.000000,0.000000,0.000000,0.000000,0.000000,0.000000,0.000000,0.000000,0.000000,0.000000,0.000000,0.000000,0.000000,0.000000,0.000000,0.000000,0.000000,0.000000,0.000000,0.000000,0.000000,0.000000,0.000000,0.000000,0.000000,0.000000,0.000000,0.000000,0.000000,0.000000,0.000000,0.000000,0.000000,0.000000,0.000000,0.000000,0.000000,0.000000,0.000000,0.000000,0.000000,0.000000,0.000000,0.000000,0.000000,0.000000,0.000000,0.000000,0.000000,0.000000,0.000000,0.000000,0.000000,0.000000,0.000000,0.000000,0.000000,0.000000,0.000000,0.000000,0.000000,0.000000,0.000000,0.000000,0.000000,0.000000,0.000000,0.000000,0.000000,0.000000,0.000000,0.000000,0.000000,0.000000,0.000000,0.000000,0.000000,0.000000,0.000000,0.000000,0.000000
0.000000,0.000000,0.000000,0.000000,0.000000,0.000000,0.000000,0.000000,0.000000,0.000000,0.000000,0.000000,0.000000,0.000000,0.000000,0.000000,0.000000,0.000000,0.000000,0.000000,0.000000,0.000000,0.000000,0.000000,0.000000,0.000000,0.000000,0.000000,0.000000,0.000000,0.000000,0.000000,0.000000,0.000000,0.000000,0.000000,0.000000,0.000000,0.000000,0.000000,0.000000,0.000000,0.000000,0.000000,0.000000,0.000000,0.000000,0.000000,0.000000,0.000000,0.000000,0.000000,0.000000,0.000000,0.000000,0.000000,0.000000,0.000000,0.000000,0.000000,0.000000,0.000000,0.000000,0.000000,0.000000,0.000000,0.000000,0.000000,0.000000,0.000000,0.000000,0.000000,0.000000,0.000000,0.000000,0.000000,0.000000,0.000000,0.000000,0.000000,0.000000,0.000000,0.000000,0.000000,0.000000,0.000000,0.000000,0.000000,0.000000,0.000000,0.000000,0.000000,0.000000,0.000000,0.000000,0.000000,0.000000,0.000000,0.000000,0.000000,0.000000,0.000000,0.000000
