0.000000,0.000000,0.000000,0.000000,0.000000,0.000000,0.000000,0.000000,0.000000,0.000000,0.000000,0.000000,0.000000,0.000000,0.000000,0.000000,0.000000,0.000000,0.000000,0.000000,0.000000,0.000000,0.000000,0.000000,0.000000,0.000000,0.000000,0.000000,0.000000,0.000000,0.000000,0.000000,0.000000,0.000000,0.000000,0.000000,0.000000,0.000000,0.000000,0.000000,0.000000,0.000000,0.000000,0.000000,0.000000,0.000000,0.000000,0.000000,0.000000,0.000000,0.000000,0.000000,0.000000,0.000000,0.000000,0.000000,0.000000,0.000000,0.000000,0.000000,0.000000,0.000000,0.000000,0.000000,0.000000,0.000000,0.000000,0.000000,0.000000,0.000000,0.000000,0.000000,0.000000,0.000000,0.000000,0.000000,0.000000,0.000000,0.000000,0.000000,0.000000,0.000000,0.000000,0.000000,0.000000,0.000000,0.000000,0.000000,0.000000,0.000000,0.000000,0.000000,0.000000,0.000000,0.000000,0.000000,0.000000,0.000000,0.000000,0.000000,0.000000,0.000000,0.000000
0.000000,0.000000,0.000000,0.000000,0.000000,0.000000,0.000000,0.000000,0.000000,0.000000,0.000000,0.000000,0.000000,0.000000,0.000000,0.000000,0.000000,0.000000,0.000000,0.000000,0.000000,0.000000,0.000000,0.000000,0.000000,0.000000,0.000000,0.000000,0.000000,0.000000,0.000000,0.000000,0.000000,0.000000,0.000000,0.000000,0.000000,0.000000,0.000000,0.000000,0.000000,0.000000,0.000000,0.000000,0.000000,0.000000,0.000000,0.000000,0.000000,0.000000,0.000000,15781.800060,0.000000,0.000000,0.000000,0.000000,0.000000,0.000000,0.000000,0.000000,0.000000,0.000000,0.000000,0.000000,0.000000,0.000000,0.000000,0.000000,0.000000,0.000000,0.000000,0.000000,0.000000,0.000000,0.000000,0.000000,0.000000,0.000000,0.000000,0.000000,0.000000,0.000000,0.000000,0.000000,0.000000,0.000000,0.000000,0.000000,0.000000,0.000000,0.000000,0.000000,0.000000,0.000000,0.000000,0.000000,0.000000,0.000000,0.000000,0.000000,0.000000,0.000000,0.000000
0.000000,0.000000,0.000000,0.000000,0.000000,0.000000,0.000000,0.000000,0.000000,0.000000,0.000000,0.000000,0.000000,0.000000,0.000000,0.000000,0.000000,0.000000,0.000000,0.000000,0.000000,0.000000,0.000000,0.000000,0.000000,0.000000,0.000000,0.000000,0.000000,0.000000,0.000000,0.000000,0.000000,0.000000,0.000000,0.000000,0.000000,0.000000,0.000000,0.000000,0.000000,0.000000,13.470292,89.430951,41.536649,79.379231,43.954042,90.051022,47.025643,41.171317,18.227923,-3394.890307,12659.216148,-42179.268884,70.883820,1212.062534,1003.443129,9198.611578,149.766564,243.597659,149.170958,0.000000,0.000000,0.000000,0.000000,0.000000,0.000000,0.000000,0.000000,0.000000,0.000000,0.000000,0.000000,0.000000,0.000000,0.000000,0.000000,0.000000,0.000000,0.000000,0.000000,0.000000,0.000000,0.000000,0.000000,0.000000,0.000000,0.000000,0.000000,0.000000,0.000000,0.000000,0.000000,0.000000,0.000000,0.000000,0.000000,0.000000,0.000000,0.000000,0.000000,0.000000,0.000000
0.000000,0.000000,0.000000,0.000000,0.000000,0.000000,0.000000,0.000000,0.000000,0.000000,0.000000,0.000000,0.000000,0.000000,0.000000,0.000000,0.000000,0.000000,0.000000,0.000000,0.000000,0.000000,0.000000,0.000000,0.000000,0.000000,0.000000,0.000000,0.000000,0.000000,0.000000,0.000000,0.000000,0.000000,0.000000,0.000000,0.000000,50.245971,1428.060364,6145.821437,471.825647,133.472959,264.893230,-1179.966827,79.215250,83.060351,78.987848,99.291945,-39.145756,719.699611,145.309575,1007.808286,2497.533637,1898.591994,-2.809388,-203.710777,883.843714,1682.041924,-1530.138066,-10284.144778,-9172.665678,-7771.773485,-719.438747,-99.240577,29.819393,55.032321,0.000000,0.000000,0.000000,0.000000,0.000000,0.000000,0.000000,0.000000,0.000000,0.000000,0.000000,0.000000,0.000000,0.000000,0.000000,0.000000,0.000000,0.000000,0.000000,0.000000,0.000000,0.000000,0.000000,0.000000,0.000000,0.000000,0.000000,0.000000,0.000000,0.000000,0.000000,0.000000,0.000000,0.000000,0.000000,0.000000,0.000000
0.000000,0.000000,0.000000,0.000000,0.000000,0.000000,0.000000,0.000000,0.000000,0.000000,0.000000,0.000000,0.000000,0.000000,0.000000,0.000000,0.000000,0.000000,0.000000,0.000000,0.000000,0.000000,0.000000,0.000000,0.000000,0.000000,0.000000,0.000000,0.000000,0.000000,0.000000,0.000000,0.000000,0.000000,-3219.540950,3672.744499,-577.053708,-347.396811,-125.401627,361.145857,24462.965872,3874.783533,187.801508,101.210086,158.023909,59.079387,154.036029,108.933860,93.423460,-2139.594152,630.204270,1755.183493,5376.153973,-5509.452798,1074.862003,3511.199233,90101.708186,-2295.536049,-1040.894702,-10937.642617,-9119.679442,-8177.036501,865.234091,153.016691,263.155599,188.875973,-209.394283,35.125993,-2089.734653,0.000000,0.000000,0.000000,0.000000,0.000000,0.000000,0.000000,0.000000,0.000000,0.000000,0.000000,0.000000,0.000000,0.000000,0.000000,0.000000,0.000000,0.000000,0.000000,0.000000,0.000000,0.000000,0.000000,0.000000,0.000000,0.000000,0.000000,0.000000,0.000000,0.000000,0.000000,0.000000,0.000000,0.000000
0.000000,0.000000,0.000000,0.000000,0.000000,0.000000,0.000000,0.000000,0.000000,0.000000,0.000000,0.000000,0.000000,0.000000,0.000000,0.000000,0.000000,0.000000,0.000000,0.000000,0.000000,0.000000,0.000000,0.000000,0.000000,0.000000,0.000000,0.000000,0.000000,0.000000,0.000000,0.000000,-73021.101742,-12012.483339,-968.010226,550.230163,1738.674237,93.132091,472.700542,-1898.778713,-4405.349478,-396136.253126,21719.309167,13.241428,209.721702,127.297472,187.110715,123.149189,7310.700302,-6317.498462,4302.278614,893.219293,-1202.076885,-14205.620307,41733.378646,238.666784,-14581.913512,-262.659984,-286.004099,-10964.019418,-8981.923169,-8260.393618,1371.822542,472.427847,3755.196638,5391.009857,14205.270627,-429.287491,28.260366,99.533209,-7328.881356,0.000000,0.000000,0.000000,0.000000,0.000000,0.000000,0.000000,0.000000,0.000000,0.000000,0.000000,0.000000,0.000000,0.000000,0.000000,0.000000,0.000000,0.000000,0.000000,0.000000,0.000000,0.000000,0.000000,0.000000,0.000000,0.000000,0.000000,0.000000,0.000000,0.000000,0.000000,0.000000
0.000000,0.000000,0.000000,0.000000,0.000000,0.000000,0.000000,0.000000,0.000000,0.000000,0.000000,0.000000,0.000000,0.000000,0.000000,0.000000,0.000000,0.000000,0.000000,0.000000,0.000000,0.000000,0.000000,0.000000,0.000000,0.000000,0.000000,0.000000,0.000000,0.000000,482.497685,-341.633019,8641.861955,-62336.757412,145.014039,130.771007,-334.356537,-44.973159,2554.963337,-6471.371894,-2411.701622,-5258.613740,291.146152,212.409943,-9171.895491,-10881.478021,-12810.005272,-2013.499466,3870.379785,442.018668,-1572.078350,307.079590,206.057645,-107769.404133,7510.291701,139.014519,-3762.195571,6615.463821,10.167364,-199.031346,-123.968953,-177.355160,-158.247720,-1324.169607,578.852460,-1244.279830,-1784.600958,205.665489,13.234519,41.776944,-745.285292,210.691881,-10203.603416,0.000000,0.000000,0.000000,0.000000,0.000000,0.000000,0.000000,0.000000,0.000000,0.000000,0.000000,0.000000,0.000000,0.000000,0.000000,0.000000,0.000000,0.000000,0.000000,0.000000,0.000000,0.000000,0.000000,0.000000,0.000000,0.000000,0.000000,0.000000,0.000000,0.000000
0.000000,0.000000,0.000000,0.000000,0.000000,0.000000,0.000000,0.000000,0.000000,0.000000,0.000000,0.000000,0.000000,0.000000,0.000000,0.000000,0.000000,0.000000,0.000000,0.000000,0.000000,0.000000,0.000000,0.000000,0.000000,0.000000,0.000000,0.000000,-35.706686,196.251667,200.600450,-1072.691099,-16408.247871,13996.730200,3747.433859,-12333.685896,-1959.109120,206.053967,-2556.017536,-261.021374,-1507.961973,556.140357,314.182040,815.789826,-9275.225138,-10801.969044,-13570.648158,-1440.366089,-4045.369980,499.910706,363.573038,447.214343,360.720738,-22261.316697,-1152226.259225,-1134634.542065,-1255946.895846,-125.464781,-92.907651,-160.032721,-53.144174,-143.929231,-67.633656,-36666.790425,997.099927,10774.820988,839.881602,-620.317463,201.746873,-67392.636800,17.131192,46.159643,105.438682,69.805861,64.846762,0.000000,0.000000,0.000000,0.000000,0.000000,0.000000,0.000000,0.000000,0.000000,0.000000,0.000000,0.000000,0.000000,0.000000,0.000000,0.000000,0.000000,0.000000,0.000000,0.000000,0.000000,0.000000,0.000000,0.000000,0.000000,0.000000,0.000000,0.000000
0.000000,0.000000,0.000000,0.000000,0.000000,0.000000,0.000000,0.000000,0.000000,0.000000,0.000000,0.000000,0.000000,0.000000,0.000000,0.000000,0.000000,0.000000,0.000000,0.000000,0.000000,0.000000,0.000000,0.000000,0.000000,0.000000,-1260.379253,298.148078,-383.306823,-1302.429783,-1094.538350,-510.977620,-1765.802712,-11678.535735,14772.137643,35758.819468,48889.338410,121.710036,-224119.224229,-627.893051,1633.174914,77.862949,-20250.672854,1415.617272,-9590.321155,-10749.832658,-13925.681516,-736.393529,-383.750126,13045.263371,19544.932327,21160.585993,13213.125538,-7591.862929,-1061381.490112,-1117431.918303,-1177793.046421,22387.632102,-18730.254320,2507.504406,-3664.997698,2237.904718,19189.992301,1263.853884,3030.265286,-494.146339,469.908558,-48.260076,-974.845579,-5040.809872,65.385187,260.826110,1626.365729,76.983943,80.798514,103.530075,117.488098,0.000000,0.000000,0.000000,0.000000,0.000000,0.000000,0.000000,0.000000,0.000000,0.000000,0.000000,0.000000,0.000000,0.000000,0.000000,0.000000,0.000000,0.000000,0.000000,0.000000,0.000000,0.000000,0.000000,0.000000,0.000000,0.000000
0.000000,0.000000,0.000000,0.000000,0.000000,0.000000,0.000000,0.000000,0.000000,0.000000,0.000000,0.000000,0.000000,0.000000,0.000000,0.000000,0.000000,0.000000,0.000000,0.000000,0.000000,0.000000,0.000000,0.000000,1280.460008,759.813898,41828.074349,54113.906504,1134.562448,-2206.141081,151.428471,138.274447,3677.158441,2199.318283,38887.950994,35023.768928,-1452310.844128,-349221.983830,-215333.253524,-717.816076,1463.684012,-1021.846892,-46467.106605,-107.971448,-189.968540,-132.528887,-210.613219,-10.135377,15880.766403,-149092.651812,-340448.655538,-238506.441734,-58038.538800,-355.967755,-597661.075787,-968157.343106,-911148.262855,-615.573362,1517.552798,-2124.640522,122.348226,-523.534326,11846.975595,-127.228918,10550.073012,-275.463554,377804.653212,-2094.530135,2018.288463,-5183.949199,-2143.374182,-304429.566904,-5072.770850,591.170147,130.517064,88.149940,102.646144,69.757799,100.796312,0.000000,0.000000,0.000000,0.000000,0.000000,0.000000,0.000000,0.000000,0.000000,0.000000,0.000000,0.000000,0.000000,0.000000,0.000000,0.000000,0.000000,0.000000,0.000000,0.000000,0.000000,0.000000,0.000000,0.000000
0.000000,0.000000,0.000000,0.000000,0.000000,0.000000,0.000000,0.000000,0.000000,0.000000,0.000000,0.000000,0.000000,0.000000,0.000000,0.000000,0.000000,0.000000,0.000000,0.000000,0.000000,0.000000,0.000000,-501.688855,21054.868866,-5746.849757,-12090.966117,50157.753304,138.622847,-690.459046,-62.699605,1953.571680,-49.084433,1103.195377,61908.152616,6674.158435,1099953.464325,13115.657983,-188488.909665,-864.103550,296.964503,-132.665897,-115.760860,-92.540055,-168.117215,-62.630496,-170.131206,-104.517276,13.654885,-14751.717243,-19196.709701,-12891.712741,-1901.005062,47.245400,67.931938,46.550967,84.387568,49.181289,4.601646,42.626677,-15.167860,158.639350,30.471666,-532.592639,-10.815954,5.122003,19368.010103,24549.926781,147.893612,-391.699104,-773.430549,-40711.162379,-9199.995041,1022.422891,37.815745,113.802181,181.314369,3652.395132,-31075.736770,-9859.652012,0.000000,0.000000,0.000000,0.000000,0.000000,0.000000,0.000000,0.000000,0.000000,0.000000,0.000000,0.000000,0.000000,0.000000,0.000000,0.000000,0.000000,0.000000,0.000000,0.000000,0.000000,0.000000,0.000000
0.000000,0.000000,0.000000,0.000000,0.000000,0.000000,0.000000,0.000000,0.000000,0.000000,0.000000,0.000000,0.000000,0.000000,0.000000,0.000000,0.000000,0.000000,0.000000,0.000000,0.000000,245.305578,-76.620232,-676.552382,-3242.145037,5055.104449,159.591778,-3878.328316,-3151.654729,296.098786,1999.681776,-3626.671436,22.991854,4.872789,-660.658065,-607.082913,-3090.864355,12099.298245,-1680.382332,-446.339559,839.732007,-194.183969,-161.422118,-324.356395,740.053220,-64.022024,-125.451926,-2392.429609,-228.729461,-164.847675,-285.840379,-403.647838,-88.379963,78.287552,17.203703,947.873092,379.001547,-114.964129,-58.243034,290.866305,14242.937119,16344.764478,37815.105626,2879.194364,-601.047091,2327.442112,25571.393610,786.072770,-3861.351902,1002.473035,-329.815549,-18027.186035,-403.787465,3643.487524,862.870837,469.191136,114.355016,351.988325,232.294643,-15491.896659,290.947420,762.875415,0.000000,0.000000,0.000000,0.000000,0.000000,0.000000,0.000000,0.000000,0.000000,0.000000,0.000000,0.000000,0.000000,0.000000,0.000000,0.000000,0.000000,0.000000,0.000000,0.000000,0.000000
0.000000,0.000000,0.000000,0.000000,0.000000,0.000000,0.000000,0.000000,0.000000,0.000000,0.000000,0.000000,0.000000,0.000000,0.000000,0.000000,0.000000,0.000000,0.000000,0.000000,-74.570427,-763.670584,63.153198,16.751217,-19.117943,15.217746,-516.255420,-14439.761914,105.636822,173.727411,1250.333633,1413.238042,-176.900806,231.417629,193.678480,112.560449,-39.661528,18.194582,-73.532475,-143.481186,-336.351212,-534.424758,19533.116875,5672.999885,68.948257,-20.219826,-219.268310,-4225.889732,6169.263818,25.422304,56.269280,94.801087,69.406933,97.899719,70.682400,15.537338,-651.058210,730.175399,-456.431332,465.313082,21365.015794,10809.649759,222.553404,89.719662,4477.201094,-316.601673,1006.055150,-193.525615,-319.949380,-167.048185,1378.103624,876.904032,4704.869859,674.228691,-350.070906,239.328551,135.459468,183.113003,289.266831,19850.162929,-466.571150,105.750087,1311.681101,0.000000,0.000000,0.000000,0.000000,0.000000,0.000000,0.000000,0.000000,0.000000,0.000000,0.000000,0.000000,0.000000,0.000000,0.000000,0.000000,0.000000,0.000000,0.000000,0.000000
0.000000,0.000000,0.000000,0.000000,0.000000,0.000000,0.000000,0.000000,0.000000,0.000000,0.000000,0.000000,0.000000,0.000000,0.000000,0.000000,0.000000,0.000000,0.000000,14.545222,20.571975,78.170244,50.913083,92.990751,17907.008916,480.740683,47.242549,-161.147592,384.051679,521.819530,123.016715,161.644776,380.163960,649.519803,90.037498,-99.476167,1068.391947,-14.234672,-406.355925,-167.364704,-70.135904,-95.335020,236.603592,-580.090116,27321.697038,-1962.212287,-78.306019,-20288.356498,-8658.828666,673.824524,107.000562,106.703728,107.745192,208.379197,8404.014829,2659.806848,79.894822,204.077168,10.455729,-200.880164,3640.950353,-294.197637,156.695227,-232.577609,278.405420,846.187762,-1114.943826,-234.646149,3258.372365,-104.931385,-23167.970695,1276.397818,1634.612596,5006.905969,-632.806052,-88.725278,-7974.693000,86.363052,536.548179,-827.758299,-462.832414,-628.901941,-1630.449051,115275.287121,0.000000,0.000000,0.000000,0.000000,0.000000,0.000000,0.000000,0.000000,0.000000,0.000000,0.000000,0.000000,0.000000,0.000000,0.000000,0.000000,0.000000,0.000000,0.000000
0.000000,0.000000,0.000000,0.000000,0.000000,0.000000,0.000000,0.000000,0.000000,0.000000,0.000000,0.000000,0.000000,0.000000,0.000000,0.000000,0.000000,0.000000,2.411519,22.996625,48.060701,102.386134,63.539788,63.452552,100.577568,5398.357592,832.587389,510.621495,-231.314040,152.266963,701.797213,9418.105652,1590.030396,-58.531562,204.742466,-382.808450,625.627739,256.724030,2888.562247,58.409997,412.177559,-157.284596,955.647780,235.863261,92.623715,-326.376477,649.246453,105.633338,84.078452,216.621234,75.123234,182.531343,-732.912130,671.534420,-26.080036,129.578312,215.975737,-8901.799652,-559.502691,349.783054,328.784765,15440.227985,423.787333,-228.701863,-21241.870447,1429.190251,3308.143671,3744.086557,-110.496926,-127.413056,2113.863908,1613.274244,699.384824,-186974.251018,-311.100049,-177.737824,-136.737985,-241.002782,329.761544,-184.193671,-587.278870,1584.513871,-1726.320765,408.889898,316.075063,0.000000,0.000000,0.000000,0.000000,0.000000,0.000000,0.000000,0.000000,0.000000,0.000000,0.000000,0.000000,0.000000,0.000000,0.000000,0.000000,0.000000,0.000000
0.000000,0.000000,0.000000,0.000000,0.000000,0.000000,0.000000,0.000000,0.000000,0.000000,0.000000,0.000000,0.000000,0.000000,0.000000,0.000000,0.000000,511.082762,936.391620,204.207780,107.346993,-571.729999,-5170.888566,358.542168,-315.619672,149.200918,80.168979,180.103917,177.214257,166.289505,-350.045239,64.472817,-432.953018,-233.150000,-1161.289354,-89.798222,-799.876751,-4076.048265,-18417.580855,286.367182,804.750243,614.035726,-730.050761,118.042925,-183.062334,830.894931,40810.669749,6979.777362,-127.683018,274.534133,170.412696,240.493110,-71.984832,340.281245,137.800145,7020.813397,-19078.722706,494.697958,771.878474,432.385214,135.527100,1743.317622,-44.774172,80.313409,82.048650,-2333.292071,2037.735137,-57.741000,63.973479,-241.246768,-83.224579,-74682.419846,-317.622077,-2199.148881,-171.770207,-361.415398,-119.218026,-501.163317,-1186.660910,-12924.470336,391.677072,3191.118028,2074.030285,597.763163,342.646754,2712.114916,0.000000,0.000000,0.000000,0.000000,0.000000,0.000000,0.000000,0.000000,0.000000,0.000000,0.000000,0.000000,0.000000,0.000000,0.000000,0.000000,0.000000
0.000000,0.000000,0.000000,0.000000,0.000000,0.000000,0.000000,0.000000,0.000000,0.000000,0.000000,0.000000,0.000000,0.000000,0.000000,0.000000,12211.801365,21.188095,-496.404510,121.506478,-38.128797,416.303912,388.116820,114.172218,-504.638985,312.958919,224.739505,2087.397705,599.323531,-1057.988730,-609.270536,-131.202915,-408.167696,-187.648052,-1521.516637,5.104996,915.370991,-2404.202892,26.522010,6905.582913,-1421.684027,-107.909160,-1358.984625,-48001.459229,29229.745936,4569.086250,469.792358,345.396757,1977.186561,-8468.193160,-12743.637849,-1862767.378269,1086478.431381,1249455.839565,8735.204673,1554.296460,-40.390396,-193.528692,233.351642,12.518557,-3104.516479,146881.920765,116897.332740,115954.555595,-1178.229743,-510.383533,-53800.607714,331.837441,-4173.672657,246.702836,-467.870996,-419.005495,-164.558044,2784155.991914,-409.378694,-212.037453,-140.984503,-151.208155,-45.330172,-407.149712,1118.161197,-1204.497275,339.523094,452.904023,-23328.290030,8166.617620,3831.692876,0.000000,0.000000,0.000000,0.000000,0.000000,0.000000,0.000000,0.000000,0.000000,0.000000,0.000000,0.000000,0.000000,0.000000,0.000000,0.000000
0.000000,0.000000,0.000000,0.000000,0.000000,0.000000,0.000000,0.000000,0.000000,0.000000,0.000000,0.000000,0.000000,0.000000,0.000000,352.984846,312.281035,18.143199,269.743632,167.265148,131.154935,-765.368306,75.081262,-178.608624,384.436439,456.162944,198.118998,2112.255412,199.585842,-273.320183,-2046.990996,-199.606481,5746.241193,113.464249,5703.841908,255.707299,-276.540580,2310.091777,-156.970432,-4126.453037,-39599.896140,2368.085616,99.785982,2419.387694,-19923.241127,-1121.778737,1436.927845,14813.686165,4173.496429,-8848.898570,-12527.025602,-1986364.231650,1115921.504855,1248483.767621,15702.168556,21826.323485,5262.868880,-998.304245,-317.671019,-85.825428,2178.522867,80933.999130,-127319.920482,2864.267988,61147.806428,-1208.774599,-1225.548056,1020.512549,-25.009080,969.331203,108.424495,-102.819810,-72.971880,-36.906764,-114.303166,-77.751467,-111.863922,-92.857779,-155.848423,-237.782809,69.958447,8850.140385,151.965582,277.505167,29217.120062,5314.664034,494.983298,273.974763,0.000000,0.000000,0.000000,0.000000,0.000000,0.000000,0.000000,0.000000,0.000000,0.000000,0.000000,0.000000,0.000000,0.000000,0.000000
0.000000,0.000000,0.000000,0.000000,0.000000,0.000000,0.000000,0.000000,0.000000,0.000000,0.000000,0.000000,0.000000,0.000000,127.908932,-1439.091378,96.340101,-183.467197,-2300.714585,877.784924,337.561438,82.654470,2373.771957,-5246.336920,-515.534343,61.259072,-372.374171,-1324.388073,-528.707159,-139.094172,9122.227709,-98.878561,1808.546584,-113.264726,3122.981156,-258.560970,1310.105501,161941.424157,430.942164,598.004857,631.124918,1275.723363,4936.648449,36073.728430,8146.079117,883.712528,-3258.686411,-5177.017888,9194.671258,-9232.523773,-12362.262946,-2089817.199836,1145225.866014,1242587.465416,31307.472484,-14644.906220,-4178.437097,1511.228064,335.860882,1039.223624,699.706118,44321.008517,-26080875.521659,-22166953.461464,2633295.623165,-16868.069793,-7327.268480,305.851957,1846.939467,3007.915384,412.427513,9344.312976,-148.036030,249182.525306,-33791.157784,-964.552797,-17.246657,-79.844182,-85.167628,-13.763935,844.591685,-1115.862696,3139.934852,596.001541,4265.344478,-1231.381995,266.862369,203.337460,386.056518,0.000000,0.000000,0.000000,0.000000,0.000000,0.000000,0.000000,0.000000,0.000000,0.000000,0.000000,0.000000,0.000000,0.000000
0.000000,0.000000,0.000000,0.000000,0.000000,0.000000,0.000000,0.000000,0.000000,0.000000,0.000000,0.000000,0.000000,201.901250,-85.527967,210.746622,540.336798,156.397863,-1171.012940,829.007713,453.616755,48.418058,-1666.392657,9575.895494,-55108.852170,-75909.919761,-479.283789,-314.239743,-244.699413,-195.707208,-449569.355606,-127.874251,510.094992,17.381301,-1089.795302,465.572653,-2.958381,337.532427,626.671801,214.673848,-147.483732,75.989391,86.483697,104.845539,-37.743843,-16.210929,-321.569826,-60480.788305,44.129741,-269.724348,-176.294354,-247.989311,66.629878,-401.303054,-97.803758,29092.693968,11086.827891,1047.180082,-2.527049,-561.584317,-2633.469522,124.899258,-23708662.521768,-20409349.448707,5238170.165087,-1952.215398,-45648.490144,1170.267792,1280.819782,557.758950,-23.844704,-1892.251767,8350.720434,-419712.494383,-1313740.272496,-258548.882369,-2467.543548,-82.613146,-81.866161,-87.614743,-131.485597,-64.642958,-26.215574,-2771.108183,-3432.242306,1128.275371,-1083.137703,7564.625482,-2077.606719,2188.994730,0.000000,0.000000,0.000000,0.000000,0.000000,0.000000,0.000000,0.000000,0.000000,0.000000,0.000000,0.000000,0.000000
0.000000,0.000000,0.000000,0.000000,0.000000,0.000000,0.000000,0.000000,0.000000,0.000000,0.000000,0.000000,268.687871,195.378123,-23.368889,-32.662925,339.845439,-51.237396,1116.970332,-181.129568,677.306212,-2636.760341,-1340.496742,-60755.325348,-64309.793274,-45443.286587,7369.499622,-339.380648,-266.480822,46.358831,3670.257935,-137.725888,1779.799530,0.202422,1482.106001,-2493.706238,-113.012678,86.642543,71.014331,325.835172,-594.020954,9063.397166,126.823066,138.233179,168.112380,51.017570,-5.055179,-350.319856,-90.648025,-238.332623,-81.091635,-196.034357,542.647309,-696.477103,55.495771,-202.325705,-116.263923,371.635071,-68.019049,-301.095133,0.227411,-895.633992,-19145500.328349,-6890592.497916,-4860850.686266,-32784.591632,-23831.710922,424.609103,282.605393,198.950021,-198.878503,2582.066906,12705.915448,6504.743462,665546.754238,-156696.513558,-260.485066,466.424177,10405.093936,3166.544041,159.878582,207.187385,660.668953,-1575.314227,371.030831,-206.192792,-2708.482395,-65.808181,640.805512,380.421194,-7226.849436,0.000000,0.000000,0.000000,0.000000,0.000000,0.000000,0.000000,0.000000,0.000000,0.000000,0.000000,0.000000
0.000000,0.000000,0.000000,0.000000,0.000000,0.000000,0.000000,0.000000,0.000000,0.000000,0.000000,720.761315,10.993963,534.401835,200.859594,983.828095,3791.423700,-302.113004,174718.697069,-318.296864,820.647116,-166.304912,791.227432,-60553.021177,-57781.941492,-29636.411679,-2822.114724,1536.856718,10141.688462,-124.265837,-1322.656748,-394.943939,-40.056492,-209.227665,-55.046063,1711.165669,1042.104298,274.266183,14.949850,251.233383,-191.320538,799.424171,-6.233188,266.059800,272.117958,266.657224,601.724933,443.444256,-162.454521,3.973253,51.737516,15.971401,69.394185,130.597748,57.246489,76.682000,66.557202,-55.036786,-448.066013,-901.557263,-154.766055,-690.512082,531.143410,-2319.571178,-1103.690606,-3713.983672,710.988420,4231.854317,8007.623463,19660.087203,-217.043322,9353.954492,7799.677262,13804.668943,9355.519135,-4036.614562,921.497866,3948.240665,161.559945,238.971864,189.578461,90.104161,-68.837516,828.954293,475.095794,-63.060939,-0.131136,-225.859808,-394.814275,-7796.976671,-344.392934,2966.226220,0.000000,0.000000,0.000000,0.000000,0.000000,0.000000,0.000000,0.000000,0.000000,0.000000,0.000000
0.000000,0.000000,0.000000,0.000000,0.000000,0.000000,0.000000,0.000000,0.000000,0.000000,0.000000,-170.146567,1138.954418,-461.191494,445.542020,251.081271,848.384838,-804.882231,-199481.977672,-6686.140020,-4858.755243,837.221059,-277.565514,-178.799533,-632.053510,-1289.996542,-2789.547755,-124.532427,-4449.773123,-367.521955,-10286.459596,2288.450354,-403.480451,232.206203,475.939616,443.931935,10422.660412,151.401694,283.486381,374.095801,983.443203,81.711599,421.149738,494.640604,463.177488,-25423.873844,160.199035,-1279.262217,141.193562,62.137592,147.831578,59.628300,71.060940,-2996.939741,-665.234894,-6899.393130,1846.852027,-649.534969,404.329414,25255416.754459,11652520.145893,734694.922079,262.281007,349.216881,101.679839,-2984.083257,848.606247,-199.247049,852.186667,-5.855369,6678.015926,26139.168210,896.254051,421.146794,-19920.510366,-36421.180862,-35.754419,526.593548,276.762778,587.116310,845.699129,445.383364,296.603728,11680.222261,-666.314452,-82.300208,-81.643261,-148.101118,-43.244139,-1179.088818,311.277876,517.736211,0.000000,0.000000,0.000000,0.000000,0.000000,0.000000,0.000000,0.000000,0.000000,0.000000,0.000000
0.000000,0.000000,0.000000,0.000000,0.000000,0.000000,0.000000,0.000000,0.000000,0.000000,-38.062863,1368.838108,57670.315980,-514.196461,37791.494361,267.157039,889.057320,-931.813667,-88230.024431,3446.256337,3409.241800,-1802.490039,-135.106501,-244.283631,-111.548347,-246.004974,-126.660615,-186.687979,6427.447627,-20.700119,-18808.507964,459.129022,-937.703293,-137613.760332,-220158.051189,-32092.440342,81.798948,2767.169833,-37.875189,-1158.732747,26574.893513,480.454202,-7.716297,-166748.642950,9924.292961,24645.415122,708.235191,216.359371,193.521514,490.435262,487.456787,119.078866,521.788951,137.742407,-2475.512556,9618.468310,281.196797,1127.243984,-7.960902,11115707.573277,6204176.867779,238482.776253,-16574.129460,-581.598789,219.775186,2905.149038,-1873.692121,464.741271,171.224807,3477.416202,911.990894,-44773.722466,23949.963716,2118.334299,-21334.223131,-22389.442425,-25329.771662,-371.229905,119.360363,212.103462,120.031422,51.526609,322.859800,-82.916374,-63.800343,43.126851,-12183.962619,-24.805578,-148.153302,-477.323008,-230.824019,114.367605,110.681233,0.000000,0.000000,0.000000,0.000000,0.000000,0.000000,0.000000,0.000000,0.000000,0.000000
0.000000,0.000000,0.000000,0.000000,0.000000,0.000000,0.000000,0.000000,0.000000,309.983180,495.020058,-2838.747308,-7899.384713,-1165.458010,-1142.638249,-242.404639,-1850.039028,6973.783461,-1213.777091,313.207610,-157.067997,-771.121607,-15.624132,-138.541451,-188.136075,-261.807249,-301.393248,-702.453015,-536.300862,-69330.760619,-14736.502049,683.654644,686.803839,21346.214302,-5772.445621,47632.117262,126807.261969,-369.475804,-619.771983,-531.991887,742.530522,-380.452243,572.037148,827.115055,9031.741505,9166.351443,23435.354612,373.101413,-429.563743,16958.749412,3788.787375,4223.127069,4.876691,227.931057,-854.160532,86.375035,-510.678496,3758.907148,-8838.275826,3785764.898828,3037735.882723,233969.679526,-320.827011,-15040.180800,-1295268.592880,2375276.175376,-35373.950073,-165.328028,-9855.928120,-58.318176,-652.509415,-23910.759782,83026.497709,9831.533205,-1073.499334,-20506.424567,-17243.517897,592.576119,519.840853,571.356760,-3341.426529,230.198727,286.221627,3402.622864,-113.644232,-3483.107662,1829.441470,-191.689772,-112.154723,-112.209625,-130.406909,-9115.590747,94.168020,108.270335,0.000000,0.000000,0.000000,0.000000,0.000000,0.000000,0.000000,0.000000,0.000000
0.000000,0.000000,0.000000,0.000000,0.000000,0.000000,0.000000,0.000000,0.000000,-4873.874074,204.519814,-1384.148980,-2242.871193,-1161.231670,-815.984882,-322956.583086,-66164.510910,12093.831204,3953.984126,-255.846128,-46.194574,755.008105,-389.861958,-136.106213,-134.215859,-86.316987,-154.637133,-49.998144,31.079849,-36.935221,-206.049161,3301.901147,-324.965368,2481.626035,427.291636,-2851.825076,-6160.348173,322.852491,-3699.773578,-212.414841,642.957654,-6538.982188,9066.418200,482.156594,357.414834,8840.462310,-1545.079603,1205.852116,-9969.269420,4407.761435,-752.706859,-986.903481,-92.301328,67.032924,-2608.037100,5828.539037,-381.726511,-16706.989875,27146.581641,-2735.052692,-4295.533105,-530.975628,-76.630901,-7101.932267,-61005800.695001,-3742826.602071,26523.178942,-2816.215898,870.680487,33.076092,-731.700594,-51130.969825,6829.859609,7934.286179,-1902.651864,-5537.810220,6739.794626,611.199300,229.584635,1972.271478,398.447349,94.051919,661.139490,17879.589484,-62.046064,-77.117250,-18.309842,20.168019,3259.493887,-334.372434,-158.908545,-79.858918,227.020157,446.367382,0.000000,0.000000,0.000000,0.000000,0.000000,0.000000,0.000000,0.000000,0.000000
0.000000,0.000000,0.000000,0.000000,0.000000,0.000000,0.000000,0.000000,-188.677232,-262.595383,768.544751,14336.767481,-34.271713,-157.741163,478.556662,917.750418,394.415745,-1681.830730,2346.147680,5050.399722,109.261047,1043.096195,65.981503,-197.590438,-140.862243,-147.835093,-111.140298,-167.021853,-81.776954,-87.866015,-37.217212,-752.309621,39.090441,-2528.846022,271.258434,389.258082,185.850950,167.847426,-6771.734677,1013.611244,298.582355,2874.645056,236.604148,276.084040,1229737.518398,501488.727205,626.190911,708.628255,3559.690594,423.026947,-3130.326761,-969.373461,-905.406481,-7662.446303,18835.037845,512.267270,-251.432149,53450.556772,432915.832641,15510.970703,-828.903694,-46.879802,-973.860388,4225.069340,576087.332347,-1282702.534187,-39833.492960,-33064.611213,1209.550662,-661.818276,-35725.211740,317.887431,-184.367922,55.779264,-44.151827,3390.930437,1483.486559,242.589141,4101.372994,1164.902437,-2022.041954,1626.176165,173.716915,-21417.839869,23.929542,-223.605090,-306.230626,-48574.117602,-25354.731058,-47.363420,35.356138,-428.026560,-321.754047,-1432.696896,-482.405958,0.000000,0.000000,0.000000,0.000000,0.000000,0.000000,0.000000,0.000000
0.000000,0.000000,0.000000,0.000000,0.000000,0.000000,0.000000,0.000000,-465.153453,-1753.929384,-8689.527103,152.130318,-664.177889,258.354754,254.928107,-19.478926,-242.004534,-531.368853,-2321763.524300,-1353.740472,-494.666693,-230.930477,15.543254,-88.236775,-115.220362,-100.797279,-101.640005,-76.141776,-35.282478,159.144836,2238.015857,292.417402,-637.579729,458.418438,628.291777,510.839498,3528.602105,334.800742,892.263551,-2093.712666,1246.993053,4922.638706,-1383.451072,1692.806161,31311.547320,215954.926220,1324.028169,-2788.699858,1292.041159,190.265272,797.145100,-216.646269,-298.016931,-422.428757,1263.240353,812.828777,395.415846,-10302.601459,39108.473569,-44115.328465,-1937.034962,-142.591273,670.964909,-131045.726443,324.134445,-449.081444,-4399.676511,-7186.001145,-106.244974,118.047202,213.856772,-317.375193,461.805141,-177.220359,-881.501790,1477.993922,852.846336,-168373.856430,149.984185,-184.054560,2809.318099,-152.070424,2007.867864,1397.643083,-115.408982,-381.130765,5265.910041,7777.903930,-3164.532273,-160.961263,-249.450976,848.145478,-100.533692,-915.892911,537.786910,0.000000,0.000000,0.000000,0.000000,0.000000,0.000000,0.000000,0.000000
0.000000,0.000000,0.000000,0.000000,0.000000,0.000000,0.000000,5047.998055,-2266.481345,-1170.275878,-38818.787609,492.056526,-3496.224025,153.724669,160.524913,-7442.773932,-179.947617,-141.434568,-482.723037,-11.166703,-2781.436519,509.274677,-266.376538,-113.341649,-115.463699,4409.503391,102927.035074,5682.372433,7510.700872,518.537311,-1304.267549,1149.500227,2864.841105,85.287163,2947.164387,-494.173767,154.067958,197.457980,-14624.371580,-92563.385198,-99302.311882,861.306992,-2456.702174,-430.795356,9336.947214,156496.783055,1179.826080,152.305896,120.451186,73.906549,156.282748,-473.531139,-298.678140,-175.768170,1626.319053,260.821503,709.623160,-85.572768,12161.158518,-37016.876264,-382.941885,-95.150309,-1276.801387,-930.243525,-661.083200,3486.347369,-1120.952397,-3156.054587,550.695079,-702.683438,361.302110,1835.879611,-14970.560326,3117.443403,-10329.018001,2546.299939,-13881.100684,-509.852046,-185.286481,-424.509486,5483.921369,-372.229627,-1218.070573,365.080672,-111.491472,1038.997840,-11462.922971,-1689.925075,-45.667714,-169.326699,-178.651650,-16365.897152,-15851.414734,-18864.613504,285.090272,172.666968,0.000000,0.000000,0.000000,0.000000,0.000000,0.000000,0.000000
0.000000,0.000000,0.000000,0.000000,0.000000,0.000000,0.000000,-67.723605,-1791.190833,-224.795467,1676.685225,-52.129823,1245.005239,662.593747,306.229514,73.933052,-95.580109,-413.754112,195.950518,51.289232,336.823405,-261.694588,185.823545,186.430589,435.489090,19727.450994,105111.731711,474162.221557,-80518.080304,-32295.035948,1374.031204,-479.434873,-21183.892917,22.517048,196415.334474,694340.161010,24877.368794,1051.388783,70447.254405,-72063.155688,-84116.210741,-4447.595711,974.710254,-612.769237,155528.539382,-222.247846,2756.076334,-120.362459,239.205459,-473.085171,101.145444,-138.346018,-127.730444,483.156110,185.226100,-2676.335230,667.987153,-208.203590,894.576210,-2636.350716,112.592894,-184.874456,-235.355489,-436.266058,-497.875392,-3455.983134,-280.773984,-3400.397028,2617.796543,356.303822,-39129.177524,-44093.728040,-6553.170988,17874.406918,-50895.568860,-4194.653808,-2414.372095,-502.887237,-1651.892090,-175451.812137,-897.334297,-3047.312922,210.785879,1373.153725,2369.252007,-312.572168,108.651592,-54.866275,-58.456652,-72.279909,-153.935274,-16410.407188,-16539.565244,-16717.014833,144.897353,23.541475,0.000000,0.000000,0.000000,0.000000,0.000000,0.000000,0.000000
0.000000,0.000000,0.000000,0.000000,0.000000,0.000000,780.687051,1841.699720,13210.722107,-719.313180,-123.245207,-822.141863,631.244975,1862.714328,-255.367670,-1284.052689,-586.911291,302.240343,6195.294367,128.872795,52108.796294,620.152793,4091.633075,197.823801,215.885306,2910.697196,13997.636961,14765.245109,552.786284,3628.687216,-9256.877108,291.960419,101.585248,595.581376,91038.632151,40030.669533,-58.995404,158.292956,572.946029,-1993.554792,62214.380055,-5463.706370,-2286.112596,-1151.510602,160.196884,-5766.265574,2885.642767,180.132655,690.958536,-13183.202233,334.141091,-1140.222657,9435.165506,874.721873,1130.904791,168.818802,-469.042637,123.247794,2966.805142,-171.373919,-185.031064,2161.050623,-282.178801,-1498.082785,2854.425355,-1141.671838,-2656.850212,-367.440315,-419.106832,-2649.076050,62.663629,-2217.508467,-138.330226,19320.244771,8363.132307,-860.654807,-242.831424,-259.796954,1079.841611,-1118.930130,-1853.750213,504.394797,-68.462015,5526.998604,-8422.726472,459.732442,-104.507882,-38.388138,-126.718489,-182.501084,-256.427055,-14768.404638,-17354.009656,-16744.266977,-34533.171383,-69420.587053,-23721064.124708,0.000000,0.000000,0.000000,0.000000,0.000000,0.000000
0.000000,0.000000,0.000000,0.000000,0.000000,0.000000,11739.544020,-1139.802457,-767.649911,735.060167,-2592.775891,-1493.896407,3716.890685,-879.971421,14.613105,40.471809,-912.918856,-1758.863900,10783.962754,-554.101604,18425.002807,5888.589215,-77047.302820,5126.066317,285.644662,279.791104,3539.012375,-711.460466,1627.600747,-2485.565349,-5991.152689,266.167523,101.140208,93.274927,76985.005282,-1755.302283,-145.469710,1135.407631,5231.924549,2901.043318,31.694721,4655.976246,149.424331,556.910367,-658.714315,110.090394,435.040570,-160.172824,617.457331,-8.513636,106.736106,142.282976,616.412928,1974.671917,-840.005937,-161.534589,33.908421,-1033.602998,1178.342357,-835.739116,-396.733013,1345.985454,164.217927,-3060.745330,3307.586008,-41.715935,-281.318273,-8118.034024,429.014120,-390.464403,503.293976,21892.230609,-1148.364931,-2437.099518,-6603.586358,-484.326284,-225.910170,-481.780651,-236.525099,-580.512919,7401.597455,895.154227,-241629.466231,818.074330,-24.022549,-39.833725,-80.590022,-111.493910,-138.306323,-95.897445,-230.704353,1122.484872,291.259579,-793.717357,-598310.205462,998608.450087,497259.034063,0.000000,0.000000,0.000000,0.000000,0.000000,0.000000
0.000000,0.000000,0.000000,0.000000,0.000000,211348.749894,-82416.236766,341.950610,-9408.082755,-58.273744,-10.201414,1422.333158,-234.871177,319.208943,57.417572,-145.772135,-4.454837,-1320.023682,-12253.869731,-58.729770,3087.309938,-140543.981267,-868.240034,-59.712943,-152.468482,473.506990,85.642639,21.930811,-237.750715,32.466363,523.410738,3924.965705,2312.498958,2820.109444,40.808327,1222.521827,-101.904697,-148332.325946,10272.748091,24983.624281,-35.680515,265.968540,-1178.320421,1747.301714,1073.353837,-204.285769,-1168.445961,-261151.365002,-1720.618473,5645.579332,179.270849,79.837485,-208.299346,-814.268112,-77.147051,1617.510798,1407.805839,3822.422812,577.900624,-1278.221869,-10520.191138,27870.317484,52.041061,18.165861,1879.169651,-132.331140,1127.685421,89.903656,-216.946391,-774.952965,-143.295999,2.600114,-835.244542,2591.378482,970.044233,-234.458666,-231.673644,365.531002,-96.633766,-685.541524,-2109.097558,2936.024217,30026.595786,151.878308,-28.627261,-67.713014,-104.502706,-46.695449,-102.115014,-50.790072,183.374146,-72.467411,-2634.279817,-589.779564,-35748.324012,-31416.600965,-33446.396649,-563.746044,0.000000,0.000000,0.000000,0.000000,0.000000
0.000000,0.000000,0.000000,0.000000,0.000000,-5058.410535,25418.652088,24.263758,409.017079,-15.225495,136.418690,340.639067,255.017056,-264.947457,8954.335140,-105.312010,308.814898,216.896008,36191.721703,167.437508,1349.949592,6333.174298,336.349582,3848.206607,-2659.370951,3684.785505,44.696079,208.158752,245.311854,139.940201,1890.887930,-14318.430796,-829.627085,435.995589,-40.662259,502.227447,-1524.877475,-273.772675,-18898.499012,-1270.718819,-11903.712591,-1456.382085,101.498382,-212.811981,653.709468,1131.582532,1.433340,1015.053280,4019.787041,1574.286859,141.815650,-142.319985,99.386145,131.880975,-32.171305,-1526.251346,-1552.573877,-73.276075,88609.955993,-141307.331564,-95851.721548,-309.535819,83.303969,54.080883,14550.984893,-522.332876,-669.896002,-404.022167,-400.493550,365.208305,-181.570253,-241.917751,-844.063232,-365.200580,56.308812,127.475569,641.321803,1029.496795,230.170639,-1008.299256,907.661732,146.790668,-1330.112468,133.895254,-9.520510,-52.625384,-182.617020,-238.033326,-64.288139,666.735249,-90.772008,-479.540121,-78.524277,-1199.901184,686.662859,-2690.720437,-5117.336102,-199.407220,0.000000,0.000000,0.000000,0.000000,0.000000
0.000000,0.000000,0.000000,0.000000,-396.865761,-10682.998104,-295.643708,190.270166,-690.249623,-676.711083,1378.894472,-886.269743,-3835.188986,-518.858798,736.357451,-2744.637026,3569.668804,-641.255377,5558.113178,28985.653374,-3397.110152,-285134.179676,-487.162703,118915.762440,-18877.022850,-175.407421,145.286283,-99.876027,-13120.253799,317.743926,853.839435,213.047197,-255.265170,-402.452466,1046.985435,-35877.469502,-2380.732345,-581.152989,1099.851820,-8402.600271,30751.402249,-549.057802,283.647961,-80.214911,248.551253,351.207870,52.766687,-3224.428838,5677.244783,-4038.582713,607.352988,2196.270888,-135.446033,-1751.964410,3588.386111,2515.595696,-223.700472,-142.709537,1513.422596,-3439.223029,-9206.189205,274.853628,188.563907,3.719793,211.412592,40.518351,-343.637140,-287.773165,-3994.330805,59.963185,-163.510565,-348.208707,-195.848895,-223.775946,-9605.312491,239.223808,206.138013,-13681.597413,-12955.639905,-22471.232179,409.487237,256.358222,523.671258,53.600492,-3697.061203,-42.482394,696.825257,2664.430220,1443.397254,233651.121340,206.146965,-658.415264,-117.826287,-832.374563,-6144.971968,1307.454601,1267300.559049,11.196781,-248.108537,0.000000,0.000000,0.000000,0.000000
0.000000,0.000000,0.000000,0.000000,12209.481801,1016.156083,296.365202,-562.526933,3440.703131,-98.062189,-10562.068279,-596.994190,5841.673570,-131.651658,-3293.229120,-147.111737,-136.193888,743.314159,-1176.805136,-58055.480885,290.502891,-0.217034,602.864244,493.676707,866.943165,551.132493,-1917.372936,1913.221310,67.362669,679.565957,855.467353,100.850324,3697.958476,-411196.261395,-1239.116580,-655.329540,3760.917027,1367.137428,-645.466144,747.223618,2281.744895,-522.270613,450.423346,97.629379,-327.054540,367.043071,-205.322449,108.865884,-307.591422,1897.931688,4508.376996,286.156236,-799.177398,1813.446760,839.647439,-1865.862917,93.468417,-180.971443,448.327514,239.314762,1098.820814,137.989182,928.983735,-14246.690283,156339.911240,37325.276290,28.030266,-1044.678046,-36.864647,-496.140568,-224.519502,-2110.625180,-591.272499,-414.347929,-148.761838,438.225760,902.738400,-13679.919938,-13879.215810,-14208.017182,228.534942,101.782919,-266.802574,215.296169,-3336.736212,365.238489,-340.993443,5166.753129,-363.715446,341071.961397,427.255974,523.625629,-121.311718,-118.133204,-453.337614,338.150262,796.190239,30.495900,194.811385,0.000000,0.000000,0.000000,0.000000
0.000000,0.000000,0.000000,0.000000,3339.680778,-3678.354628,-3770.166693,-1072.186624,-313.193953,378.741744,-5350.402711,7655.478365,220.230824,-72.180698,-221.228825,-106.076529,169.161770,-510.205165,98.345401,-79.262998,-1281.762015,39.076844,348.160212,296.385534,321.479577,144.072750,-62.091873,445.471743,129.732480,51.979067,58.446914,239.098990,176.751316,179.214423,286.849116,1955.488222,-1696.828952,-694.079601,264.540679,394.488815,-345.329624,-1086.749082,-632.174202,1028.752274,-14777.036148,-1379.189113,1417.014233,-22.802439,-4405.315130,-453.862621,-2531.040935,-39811.058029,-300.512606,47.409669,906.706779,-4.997816,285.094893,-368.512251,762.059239,-9483.044810,-53115.639388,80449.363920,4685.488260,3894.940827,159452.510244,54922.597570,-22901.601942,9917.524515,1055.312577,1241.576744,-396.342621,-5217.877927,-1724.498986,-265.946406,-992.821120,-571.838559,-18001.307331,-10115.469623,-14973.679094,-14132.169646,255.014153,232.322619,191.432867,-1296.733023,-1243.093877,-813.220684,1434.151249,7106.363804,-56.487059,202620.241369,29.145497,-65.554189,-78.654446,-117.128969,-404.529228,-186.205429,145.326293,148.990862,339.481799,0.000000,0.000000,0.000000,0.000000
0.000000,0.000000,0.000000,100.142298,106.740145,-43367.490337,-48293.905334,-22871.374660,1336.854813,-442.502009,-51.309142,-2398.065012,-896.154295,-422.308591,-413.615307,-53.128220,-13.818343,-113.616239,759.061055,-8433.734457,-206.518240,169.153385,-328.007664,4439.691356,-4300.800513,-174.741015,3.697615,0.761713,33.407462,92.819703,383.541368,95.445006,-806.799612,6330.599562,-3210.564949,127.918207,-869.197481,-3.514719,6992.611393,1756.331764,305.472148,804.921968,-186.899675,458.000495,-59414.144180,992.672155,-793.121458,-884.410863,1062.355414,555.306861,1743.269070,-1290.253922,-401.555840,1718.450430,54452.662856,14698.910032,72119.149129,3535.884478,567.153679,5408.285539,-190908.871607,-222557.748587,3617.818155,4461.623852,2067.301731,-15781.164069,77595.391011,17132.719514,350.906799,3462.942787,-383.245245,-3413.934354,2793.653021,888.639914,-14936.895279,21876.803698,6980.340245,3366.985713,222.786153,-1295.011134,398.317607,205.233381,1561.149001,-706.268940,438.688318,876.714058,-580.490062,-1389.053163,-40.304832,-24298.994070,-50.238421,-75.058096,-90.076949,-105.871359,-105.564897,-108.373761,-9561.774328,106.961978,101.996656,192.264179,0.000000,0.000000,0.000000
0.000000,0.000000,0.000000,111.372278,1372.981345,-15681.902270,-56404.253379,-38427.256396,-623.945955,-1358.270935,-15769.775255,343.775625,-966.315910,-129.439186,-415.881573,-2054.743006,-7.683236,-992.784256,-1221.095799,-129.828173,2094.549405,-2327.105404,557.504801,10208.556249,-3345.249614,265.579353,-8.209046,3.166404,101.347628,-295.013403,59.122618,-6484.958842,985.310478,622.821329,3804.728625,1254.432370,-6022.110165,-857.020125,5505.273465,-410.759757,3718.563117,709.397817,-123.241903,1777.194611,-761.062831,-5815.254245,-2438.960185,29959.785445,21084.192840,1085.468667,-1431.083065,2164.686900,30382825.889021,1216610.154800,-50959512.131725,-38163.757840,45699.600110,-838.877614,167.794402,15904.652588,517.318997,-5531.928874,272.345965,166.785560,313.651648,-26.960044,1133.600620,-12196.448173,480.356648,-1838.285353,148.585878,-242.319775,-253.780206,-97.808600,-14738.815441,-14476.884676,-18851.910498,-166.201017,2668.677360,376.163623,-2930.210950,284.932452,-166.281005,-553.936417,-267.073785,217.274797,168.842609,613.063108,-52.515651,1979.608358,-68.268936,1748.888836,-75.465329,-135.525841,-351.617395,-154.087404,-139.372195,180.465325,381.454897,135.980147,0.000000,0.000000,0.000000
0.000000,0.000000,0.000000,14924.304451,16637.309856,-514.694731,19180.971874,416.472332,562.649638,330.228555,400.331666,-437.922877,-47.691593,-243.152688,-8542.963659,5771.744233,-10588.231705,25.791414,1417.557986,3596.053661,-30502.676600,61.208993,-171.455310,667.614354,360.378225,-1194.019617,487.599914,12.481005,199.747393,1338.770510,5650.153218,6668.301686,-857.173222,2877.076089,862.201411,8648.665815,3724.291904,-1681.042190,2226.136797,-1225.592924,2220.297313,1339.495825,23426.623837,826.925456,207.858873,1389.212642,411.752300,7440.907252,1508.599054,86274.456392,1395.865802,-162935.954791,1716159.061490,-10208157.354330,51071139.012490,-183986.351171,-183.079692,942.393827,794.425205,2134.526987,-197.621978,318.062441,383.208386,165.373368,49.191495,-145.150658,278.867664,241.692662,207.579425,37.637459,4.605120,-42.861095,-360.912589,-495.768944,-10269.952236,-17251.979524,-14968.255105,258.851713,248.724902,6460.512176,-111516.411226,-527.766315,-148.506934,-137.344526,-146.288010,-164733.069976,143.543469,152.774666,-34.753724,-154.490373,-75.748930,11.181284,-127.400197,-129.909759,-245.952654,-46.127717,-1077.676174,-368.141695,380.692411,-21988.500842,0.000000,0.000000,0.000000
0.000000,0.000000,0.000000,20856.834358,9789.716247,286.673938,1933.746788,-1921.275450,700.230837,2078.485649,-1803.709489,-325.237626,-134.888341,5.999220,-7003.430078,217.369349,1592730.495458,-1845560.761560,-1048407.821164,1245.111344,2050.560044,-64.822400,-2989.038308,-894.453054,-24.138220,0.742198,17.255534,-7.182621,176.538182,4410.012549,2902.196447,816.471957,13004.220574,14935.676613,-43767.003074,-1771.421180,9837.374702,-36894.672053,-66098.198275,-13.894582,3758.647619,715.591283,2585.100600,-5588.240818,5001.491175,45.515206,25.969044,321.128899,6167.960584,3310.907907,1037.519368,238.678652,-774233.698658,715300.139077,767591.104002,-149744.042490,-36713.761527,-14531.791698,1224.958846,-9404.461835,1887.087105,801.838412,3490.909716,5003.430910,-52.778955,29685.361408,-88.586689,-61.630452,324.520420,-83.859096,14.341318,12.538090,-100.771973,-561.028075,1360.238940,310.261032,-1756.683114,329.921172,-212.759998,941.483980,-33992.365032,207.099291,-168.056668,-454.840172,-213.193447,-71.745177,215.155813,553.334017,-62.948605,-17.201492,-323.458648,-185.084991,-172.457006,464653.318964,463745.930370,459559.985472,725.459331,49123.773026,143266.597914,128058.001642,0.000000,0.000000,0.000000
0.000000,0.000000,0.000000,134995.419075,10111.082286,2362.644562,22851.265037,-4456.151920,-6727.996050,-386.491636,-277.240196,-395.722913,-49.639379,-464.589565,838.716419,-990.736803,160878.074435,403180.683651,2822930.150451,11272.747617,-2321.146404,131.000783,-370.118668,3047.046759,11.261768,-15.648481,59.599194,64.755212,113.303783,-5081.995966,-290916.979876,-22435.865511,6290.774656,-216160.760931,2082.779157,-14603.905619,206712.857049,60087.618328,-13893.753705,471.612247,-4803.018153,1490.954051,878.124384,1910.160853,327.907404,727.228515,242.924699,-73.539338,1437616.541325,546772.313424,701495.860143,-568.966125,1529.457526,1290.941080,8361.506202,10846.732374,-1011702.228134,-50951.202975,1278.788335,-32.090056,757.555309,1195.154480,20282.795350,8163.423532,11027.447506,-64571.880538,1073.650292,151.750559,-15.085719,192.413487,414.662816,179.354583,56.414909,7745.950458,239.513497,-746.130209,1021.644405,45923.112771,-1478.076230,-606.444433,205.889369,1126.710280,-22.990709,-396.437491,-234.760340,-1498.659055,-502.587256,188.356505,-39.457094,-85.096428,-231.383657,-73.485732,-143.840585,463723.041207,463396.352197,463303.103283,358.716725,28373.363353,99466.835756,102249.174121,0.000000,0.000000,0.000000
0.000000,0.000000,-86.835062,-466.649925,2583.528905,2342.026266,266.199596,3810.525592,7.512616,-3723.884620,-483.489127,1090.851981,-1023.427457,1261.500204,1547.460720,751.192058,-304.389327,2392.916715,-486.610607,-2239.812557,1036.707949,224.159368,12768.195652,221.381760,398.816113,-158.917741,70.596639,12.682520,-16.866749,879.202828,1453.051861,209.493008,84212.327811,-20666.083784,1854.678534,-105009.024084,-84510.795109,-56568.636397,-2124.375003,18421.910915,-296.669805,-2621.504580,3763.152808,-1787.403055,498.732460,835.156719,-221.195292,16.625349,-10454.445047,923430.194278,612610.358713,997.818956,3841.477691,347.786688,1.514553,1941.381678,-1161.038509,21061.192217,968.171966,1146.669749,-19131.665064,-1131644.904383,-109194.086874,299.952422,-16449.019292,21563.100085,1496.733680,293.762338,406.756034,472.023078,2438.994314,-363.233949,283.448269,-129.648054,-3391.263038,8138.103172,4857.707115,6100.604836,5088.954349,6406.428046,-170552.677816,-14880.933028,-72.371041,7243.848293,-4018.260753,-586.395167,-2830.654836,543.145462,202.877062,-54.673921,-164.408275,-159.975375,-261.989421,463204.319227,463041.160651,462837.528901,262.344001,261.000848,-2625.670699,12794.690035,-67.587392,0.000000,0.000000
0.000000,0.000000,-589.530055,120.900612,50.888381,607.418765,-410.277251,1852.929073,466.065113,-294.269738,-68.613438,3295.213647,162.049436,-662.260603,206.886852,-723.547166,-3634.548464,502.545685,-936.476345,620.999341,127.647967,1648.969203,392.060833,-1680.643875,194.904731,124.973527,13289.187248,152.243315,1091.331144,2.710274,11.428140,-128.654121,-1102.199348,918.926118,28.766818,-59817.897175,-91340.338119,-92338.358026,66.166979,2300.926254,281.014690,2237.714382,-494.781938,174.779918,44501.897795,-3.619389,22.440662,21.566807,475.096095,-857949.387324,-869243.346117,520.046868,-33426.094441,-4379.206469,2847.131913,853.895205,2647.574420,1255.881522,-599.538018,24.621685,95183.316520,-86226.898305,-542.769525,588.356168,102.979066,1695.766484,733.796748,257.498668,266.145356,-1316.661384,-66.557707,894.242354,165.323101,-302.774428,-610.417796,-31.680850,-489.275610,294.774779,1168.538624,-424.408203,113.848071,160.066841,209.463947,-2441.269216,583.119545,-190.417847,162.367042,510.749430,239.495959,-94.217303,-37.330790,-136.686076,-0.368621,-79.140933,-3198.622078,513.350205,403.466999,197.346704,2603.666897,1531.181231,-238.083037,0.000000,0.000000
0.000000,0.000000,66.165807,76.158784,112.856110,372.282524,189.892671,-109.309222,-139.504933,-126.575036,446.025374,-2217.288393,7588.909728,984.078831,662.515363,-818.441191,-3124.795685,586.272774,3438.138169,9712.432259,24388.458027,-52019.209476,-780.155023,-923.621418,-17113.833501,498.557291,18541.280274,21392.239299,31099.167038,10.453074,-1087.530309,40.576578,102.739375,-281.527020,911.963151,-1184.317937,541.266189,21757.917103,-311.317142,507.779035,244.903944,462.517516,2777.345714,-71.807558,261.644194,-10.872668,5.950059,10.381514,-12.541669,-14696.594755,-16765.048899,7475.692100,741.923465,-2841.005648,7909.597858,78249.095451,382163.673607,2976.916792,-114.934289,3438.836112,-23804.315712,-9468.499537,3812.714955,-1762.307623,244.473420,1060.149615,1381.676818,236.597452,-305.615675,991.386223,1924.826867,404.569855,803.047162,92.005226,45.740336,-195.455172,-700.835880,-306.369693,390.146785,206.719993,487.898259,206.124122,121.281225,-618.149843,1955.310155,-245.427025,3.664156,-5805.869817,31.843515,-60.856819,-21.046306,-113.079462,-19173.280229,-583.714426,-292.443685,1117.037704,-3812.285813,247.991385,-62.860420,-652.289197,3285.798681,0.000000,0.000000
0.000000,0.000000,-52.685981,73.317457,218.421757,117.446912,465.613747,1414.110595,146.022313,-75.080749,-613.332714,6124.431174,8677.952256,13286.542552,-685.323520,-566.896539,6499.478686,317.554244,372.853104,4016.842221,-11142.516600,-2942.189631,-13337.474841,998.086537,140.845778,-698.162265,45380.062793,17499.337309,-1765.845411,28.956145,-136.199527,71.742718,106.193843,-126.828474,-94514.235404,-623.127171,-519.946960,-471.160992,-792.667476,-19841.522688,1166.896295,5469.289768,1486.892269,-46.760098,98.708931,-33.141246,17.937592,-9.404293,-46.599824,751.899224,2671.174978,990.761160,2083.440233,365.419331,789.830042,-102859.651957,-23327.300629,4857.721969,-8056.556232,7813.591615,-26.310554,161.073632,-13661.636976,-1778.517175,1079.682048,-6.807947,-642.599207,-219.334729,16675.968456,13674.414652,565.964225,444.893776,531.407366,19.820508,-52.920273,-214.574187,-190.666908,-197.169252,-82171.914205,139.790115,142.154351,153.331803,124.791252,-4238.708964,-57.401308,-195.409344,30.875963,-27.112165,-113.222398,-44.613053,-65.445215,-109.304189,-1145.588401,3298.355231,3964.734303,-1783.184257,687.152861,1460.910313,121.172232,350.205886,-1195.549435,0.000000,0.000000
0.000000,0.000000,115.193950,90.895938,490.831686,389.233799,-61.089953,24970.243018,-8012.996557,334.510691,259.919093,2794.261252,39585.161805,20428.760478,-425.925251,-988.868622,-13483.293688,-10630.443099,3621.094770,4144.907059,77923.787132,-17624.855946,-24946.887866,-344.434970,-264.349517,217.076492,5011.860583,64546.238735,104.100758,89.204339,-53.127284,99.548517,-476.766640,187.928881,-250.444164,2587.565469,-1843.682520,214.619986,1532.699472,-1408.629126,-56502.419073,883.388516,66.970494,-4.096551,38.466931,-85.380835,79.942630,-37.612647,-107.482820,587.443165,4604.595755,2725.595094,-3303.694601,-81326.191972,-187859.064633,-2874.759370,19479.106749,1222.532855,-2347.140832,132.622421,19.647147,173.381335,-5302.314747,-833.291911,-198.794872,-416.523285,3779.958147,-2055.997351,3639.474533,-6513.790692,-11929.569471,453.469414,20812.162243,615.719313,36.506484,-223.333477,-655.807895,-237.133755,809.770825,363.165642,446.056818,756.530720,38.175504,-6069.133365,-245.179504,-346.931225,-876.009751,-43.908537,-421.960503,-50.485226,28.218193,2067.036618,-30675.021243,-753.488739,2582.156014,-588.801357,536.030557,-4196.632639,-715.270755,-1146.938613,1908.851481,0.000000,0.000000
0.000000,0.000000,108.350349,27.500571,-82.726272,-108.216937,-764.743469,2284.604029,-213.743775,36.456877,-1748.323175,397.563129,-22478.570425,400.364718,-1486.083585,-1822.672607,-43.827329,935.921131,1577.087491,7092.465960,-127595.005050,-32944.750885,-21348.146282,4642.575954,-1096.513052,88.361695,-152.806553,-4152.409312,102.546758,250.917156,-21.932725,108.209725,-156.952804,73.488608,-271.557681,2942.995908,856.608798,199.711987,-775.225402,-4114.696322,2683.929046,-112.398128,-129.595110,-107.114146,-144.747440,-306.726333,266.937440,-151.824564,-104.400659,-922.031040,-13369.262331,-41675.793812,32954.216958,-216791.408830,-92338.553217,-77114.832339,-28276.778502,9147.074360,2733.610578,-2105.536714,2678234.531116,3324443.547902,3049467.733515,174.703991,617.375617,7683.911275,72.773120,197.405290,13.646600,984.195853,-3056.912788,1769.548174,-1428.246925,731.724217,466.603574,-333.390540,-292.899644,-1553.200958,-6619.097547,-1692.826075,1527.500971,-2156.824745,21814.329979,-15432.508886,-566.026966,2674.260105,-75.432046,-1209.298537,108.248703,-594.924101,-11526.333788,48688.768425,31731.791243,358.603551,-1558.595728,-12079.390681,45.994513,-1797.247015,-263.081454,-716.357720,4818.978479,0.000000,0.000000
0.000000,0.000000,78.436963,177.430323,165.377184,-11.335159,1504.716441,-1785.281699,-2086.130113,4740.910707,4304.565609,-391.815208,-21.823628,208.134907,199.783276,68824.664317,11847.694302,-147188.675077,-7450.903837,4527.955360,-4070.884831,247.108676,-10066.497175,2654.496165,-1598.896442,546.686835,-79322.729567,529.563252,677.869093,3.206866,-59.856950,-128.956362,-1813.152982,193.184274,3946.599540,2376.362793,-3650.068062,3441.512368,-8496.917826,-494.335834,-165.178954,-240.059635,155.544364,135.660055,-122.299103,-146.237331,-350.015641,2630.297687,29825.982556,20027.100567,-2179.080505,-23.109362,-3.588013,3428.854532,-68100.248220,-73869.174815,-39711.331691,886.239250,1824.174442,20430.193966,-466168.245195,9987688.611367,2320885.472639,253.316391,1237.953207,-1171.776190,267.917433,47.674607,18.827663,-149.902621,-84.971542,4240.075998,-2082.861543,-35.593584,227.102229,-163.112537,694.183043,1692.419417,365.807515,-79.586162,-136.426882,-7798.367559,-524.267382,11309.067515,-5592.593921,35809.552172,326.545487,4973.092600,1108.344974,-1208.957423,-428.415593,-1597.416577,-209.558235,289.944544,6527.716309,337.645966,284.304440,757.017121,526.389385,-2820.905417,564.893472,0.000000,0.000000
0.000000,0.000000,188.566850,93.851867,-78.796429,459.312016,-74.528865,200.317021,5.445839,350.005348,971.958738,-231.649641,228.325685,-409.747438,-4574.208689,-12840.739967,-12141.078621,-2583.350266,4844.233894,-30.499492,9549.499899,3482.237626,3175.181122,-359.593810,-967.423868,2761.611316,-1689.738587,-202.976301,803.092413,132.844164,174.270326,188.312114,-15.251025,359.600314,7899.213012,237.281072,-1583.837426,-27481.750061,-10935.291207,-236.657921,-729.083840,-491.562040,-135.015426,-310.986862,-277.692144,-161.739340,-932312.951538,-349174.849296,-512340.221909,29.641725,-343.654827,-104.518475,-13.624599,20.098838,-9779.307937,-23096.317774,-39316.098878,-369.665563,-55.587037,-554.679497,-10455.287007,-66312.436481,680781.777611,387.718607,-32796.731599,411.091513,108.282633,1719.038951,309.130045,6.143586,-136.223122,-22.568338,-1760.917217,-418.310536,242.181141,-1408.499166,-184.010696,121440.942010,2267.827151,-2267.484019,701.542372,1355.160565,195.302416,-172.510404,-28381.081019,7429.203756,2043.211911,298.217853,-131.475721,-1020.084952,-62.167554,-3528.056360,-320.033866,-3088.088994,-246.451193,-1135.714734,331.547405,-383.612221,-170.176972,1337.463990,198.322606,0.000000,0.000000
0.000000,0.000000,341.460908,-281.140530,72.747177,-323.996337,39.972090,463.132062,331.972515,1248.090236,246.719033,-45.228232,-392.754393,62006.032166,12594.798985,-22382.275391,-60275.561756,-3275.240216,-202.954183,-711.942695,-250.617700,10913.587523,1894.855703,5866.922769,66831.044829,-1654.029438,-958.000617,-2216.091534,331.234876,86.554257,98.914802,158.544405,270.977468,184.052742,108.240260,-1076.790021,64010.504266,-984333.135712,-50359.404685,965.470768,-290.692373,-300.584449,-393.462222,-256.311646,-174.839845,7.107450,1477293.732352,-381670.484315,-324695.328405,-4453.820777,-3510.254183,-1836.180201,-51.898328,-13.043756,-756.810930,-13961.767425,-3763.592340,-582.009265,1754.548562,-2632.037197,1372.893452,1219.421175,1197.449171,749.343680,319046.987423,1564.365250,391.827279,58.305247,70.522922,-70.295485,37.827105,-8.819325,7375.718250,498.841910,270.147590,200.545652,-49.128453,-2868.179931,-269.941231,-443.558352,-256.776691,-467.379529,2772.577799,-4746.328225,3651.273336,2558.683819,-2016.474359,3367.707277,-1471.187841,-1295.339899,3552.348740,-25597.482893,-173.546510,-2589.941898,-51.479087,842.194497,-964.210392,56.874469,-127.795861,-9170.472381,154.216355,0.000000,0.000000
0.000000,16905.022384,-14873.011454,-2543.200280,106.610995,155.320913,41.628648,171.099583,9.795993,14493.091500,-1357.900057,-6091.408508,2314.908597,-93.961546,1345.528838,9634.807686,-3905.029420,-494.571708,1901.884219,268.045836,312.498886,-1390.093750,6700.483160,206.794702,-1415.607650,1535.387296,4253.494517,8268.382853,-15514.977645,-855.014979,124.646319,125.649273,134.734463,254.262643,356.349600,1165.041460,71037.540727,4333666.475413,-77132.085512,-1425.983368,-459.960490,-318.482033,-183.680164,-204.088425,-220.868751,-73.620333,-455994.193329,-257093.716967,-251508.801900,-2988.204500,-1621.153798,-450.853144,-154.964680,402.653768,-752.669567,-510.054753,-64.336260,-1243.733764,-4207.237617,3208.113111,312.121315,12810.215904,24.349516,468.519911,-989.211264,-7782.993564,411.208462,170.620828,43.337758,3460.737468,93.245979,-0.242261,181.103665,292.201767,-1336.945664,584.154022,1029.179185,241.072143,142.321056,-27.300744,-99.069644,-139.780362,159.900157,-2100.645007,-13365.893500,-11232.169495,-9508.560252,1922.338466,-162.644202,-450.290446,-2590.302900,10958.080749,248.020859,-2027.936511,310.912572,16.207593,-105.864328,26.020541,-135.931508,-8116.530831,59.835147,-10.517824,0.000000
0.000000,0.000000,16345.763234,-822.352755,-411.356200,814.500546,97.697874,86.329190,61.952931,-612.296506,392.696351,4653.897353,2139.484961,11.983894,594.441805,-115464.242009,-1509.657118,-447.097695,-187.120160,-156.397302,-115.883352,152.524450,-1232.056024,1031.813164,-4936.259148,4037.855429,2559.720750,-3252.316592,2388.948166,-1557.585030,7.036024,160.637997,207.609123,183.135744,263.850127,390.098980,76301.038577,-4446791.019220,-89105.671518,-497.434588,-307.881235,-334.164473,-299.684893,-257.813959,-219.255465,6031.236633,-576.622058,6774.164066,-20768.314013,3702.619373,-14218.249303,-2824.856875,-1543.392959,-298057.473907,-5900.798444,-1335.861912,-4817.279124,-20809.615802,4613.082731,-1314.971248,-1652.052576,1686.872369,-2650.198348,-4391.531790,10958.166729,2555.394990,119.631231,-141.579764,108.942730,-1195.820272,582.885326,213.941741,140.567396,-6932.217317,887.597510,-3138.141076,23183.489194,588.579996,-106.329047,-127.049908,-118.618225,-165.719550,-8.916505,11.802529,-10736.954643,-10957.277709,-11219.120900,-29.592730,3.892181,120.108931,153.873407,46.287800,-331.778077,-10300.965473,28043.276725,-107.022608,-154.504557,-175.368393,-126.491888,-2527.190804,34.081926,0.000000,0.000000
0.000000,0.000000,346.927022,173.206536,-565.895845,280.013693,42.767474,47.941645,103.141258,136.696171,70.859564,796.010871,14485.132425,1761.711319,-2762.137866,-8762.416293,-239.357309,-713.377816,279.924386,705.016019,-551.812194,765.406396,7237.065826,1839.699778,-469.177465,-1753.735101,220209.791213,-183109.596790,-10626.040200,-757.777556,343.484409,123.776545,137.100485,360.921271,487.474125,1249.455901,67324.826902,-943765.830560,-87191.810349,-1428.937153,-626.896543,-494.890762,-210.521009,-187.146920,-89.917973,-688.027522,27285.147068,12370.078954,-473.060899,-286.252152,-49662.650934,-14264.947264,190588.974565,-314830.744503,4588.678062,-3798.689758,-260.516201,101.042681,720.820518,-31597.934520,-12029.471081,-194545.336950,-5329413.020660,917624.882373,1319.650786,6122.309189,3457.859558,5514.024618,228.168125,525.180529,-96.362780,88.107931,1138.688780,-1645.561966,334.188510,3757.487138,20222.611205,375.861848,-152.596784,-1.504586,-98.932975,-5297.932506,-205.323427,-269.762557,-6987.013108,-7021.606038,-7047.283601,269.844884,180.409349,85.292138,-119.336590,-5257.858832,-432.730369,5416.432224,5576.183668,-87.388139,1584.604308,-648.823237,-12.428881,14481.039335,-130.737830,0.000000,0.000000
0.000000,0.000000,-1151.628460,-299.197550,-53.825818,4326.385676,-133.572903,898.529361,25.548809,-91.714603,954.979565,-997.470230,395.411570,8673.094191,-4133.737638,-2064.349887,-136.850166,755.217727,85.622221,80.036001,561.339242,3626.713135,53229.542995,60.267917,1934.620416,28.006542,-7547.308401,-57121.430767,30458.778209,2957.022725,-694.199005,157.587434,236.012022,-520.291343,254.044520,-1059.817426,35623.728175,-189739.438908,-90246.003508,1833.583062,101.708750,777.398917,-386.353798,-286.312392,-1115.361451,-2976.709134,13151.424959,-12828.911963,-3184.223999,-4298.758970,-1179.211570,-4041.568318,-3254.232622,2653.962688,-158760.350424,113167.897292,100643.812528,3402.847822,9493.310844,13906.242110,38263.147808,-67635.350260,1108.769809,-1441.346846,-1056.028326,84932.469339,7213.204919,6207.579302,259.373649,-424.368553,349.731655,103.491173,425.059369,-109.508598,-367.640524,-3381.131434,-388.105012,-1097.873883,-4.103153,9.019444,-405.484585,3210.163787,-196.218966,-217.551085,79.883686,129.292746,204.787789,-207.914865,178.128827,37.639320,-135.958842,-865.245194,-1617.843555,2682.965860,3208.712926,-121.215484,-189.123214,1224.088456,28.878953,-5728.338020,116.611205,0.000000,0.000000
0.000000,0.000000,153.216236,-2341.090526,-319.656315,5234.369052,3075.734543,262.639521,130.252585,1676.391045,5592.416047,2199.004394,-60.584821,-828.354064,8636837.467343,-191.058013,-132.753503,36.669080,111.270846,194.509058,160.632458,9372.157957,-158623.224995,-5452.922465,-1267.578842,-1086.158460,593.274513,-27131.893273,-11898.331129,1602.564647,1265.983822,229.424426,109.799642,-249.835530,375.901824,7161.417029,-1772.655340,-876828.251757,-3864.222474,1869.378632,-305.256464,25.378226,-33.674003,-14646.860319,-3943.869254,-949.904155,-7868.846403,-70745.774195,2022.867176,-1494.038199,-1025.335032,-1163.016294,-704.982883,1498.516543,963.538037,94302.885669,403433.063712,1568.092261,-3064.440793,-1485.920641,-4432.629297,-2957.478494,-9111.859789,1610.871269,-3289.303806,-1604.036169,253.845887,64.771527,33.542145,89.832527,326.633081,232.388131,83.977167,-2583.245220,4341.079730,118307.173887,21.205747,2851.276086,-3211.696523,37.931621,2826.602118,771.663268,-91.918944,8752.410045,-4611.442976,1519.300370,-1965.818268,-741.733903,-88.161783,37.045919,1351.916496,-847.174641,11197.612477,21.022554,210.399792,-28.953640,-17309.412384,110602.115306,6372.029498,-914.380926,-2826.447317,0.000000,0.000000
0.000000,0.000000,-469.857659,-293.776891,-736.565665,-822.693678,2947.725957,-5975.853019,219.991623,97.904778,-669.328008,450.862448,1286.558219,-127.489739,680.288035,-366.543175,149.515403,-387.837779,812.387078,153.970551,257.222206,25302.978320,-531833.201212,-49763.509491,-1620.946470,393.450576,214.527313,-1724.864925,17597.368452,-95344.036311,-955837.949284,-407.674516,234.692338,-561.001707,193.837666,16268.855684,-1046.795763,-779.726605,138169.162793,8001.278832,255.588210,420.423379,-703.363112,21039.963259,32867.720956,-534.243146,661.090605,-1978.368027,6784.271635,-264.126702,-6915.786629,4400.404415,10160.641992,-486.149249,-36.625617,33394.028559,7498.465260,-4025.759480,-3358708.768197,-46921.432233,4522.712023,-4218.845852,-1225.996625,4636.077011,13496.609524,95.708995,327.528401,4180.510913,217.207980,198.832982,-186.284475,-788.106411,-58.070748,2271.977330,-11792.226551,122.290814,35.117091,-465.782746,-88.241141,30.432097,207.399755,109.768204,-2002.227386,7187.728517,-9396.258073,6622.227681,-5676.350310,-880.230618,-490.873490,-2154.502520,404.635040,-10825.758880,5680.744277,-41.287355,-302.095530,-71.661724,-12975.372982,-10516.533371,-1788.013482,735.366559,-575.121805,0.000000,0.000000
0.000000,0.000000,492.478829,147.377335,485.716020,6179.439124,13538.670121,-1819.622966,1043.937274,137.363039,379.405559,146898.088089,1033654.421324,-52236.236658,-420.696139,184.079508,-116.119638,1029.514672,1717.636714,255.427025,-363.251788,27682.032962,109363.466382,-89461.541635,482.806288,-46.938645,9226.391896,-2155.116398,-72076.483066,-1516741.402735,-857925.212424,-2301.833511,108.155034,-16639.787013,620546.192160,-5590.401381,-2409.931731,-5374.815997,-2545.966898,2404.091253,-313212.063552,-239678.989157,80544.539648,-206607.194792,25294.191564,-168.376286,3857.176111,-39839.934017,2326.693928,864.713245,940.627438,1855.944616,-7319.450334,-22290.359079,-298.099045,16723.562925,785.991641,8962.823487,-10021.321549,-4106517.354781,751.740979,-170.984396,-1290.835186,-5512.609423,21154.794988,10338.622190,37.550530,879.170223,100.444670,107.607216,271.897755,490.164478,3994.260834,-1915.272331,-698.066038,223.716918,29.692927,-82.965983,16062.930421,87.699652,-96.821198,-363.824873,-3680.913787,589.167975,-41752.734461,4616.122600,-2716.068319,739.576479,329.489862,513.670772,-331.022120,-2570.971443,1317.362779,-58.341412,-78.952551,-100.700408,102.972573,-479.137416,246.059070,-2690.722626,-271.582057,0.000000,0.000000
0.000000,0.000000,145.057683,82.506336,55.444976,-1876726.917448,-1053717.065403,-494944.713723,-2112.909593,66.057177,152.895248,348978.222490,-27821634.902402,-330904.539157,-200.004920,-119.215793,45.101716,8576.210718,4329.791588,104.757958,-1928.708857,431.501411,6424.714596,18.944406,472.099308,1989.141354,-12779.868620,-931.704693,1858986.362592,-2375798.509329,266256.099381,1301.978902,821.030572,1087.220531,3098.998532,1432.415846,-8372.236069,24342.725301,78972.709064,-47050.129170,-101431.291034,-343091.983279,-742413.021165,120314.705435,-1892.047449,43541.103177,-143478.136153,-35088.490665,-1316.289178,2890.598867,796.005179,2762.523847,2138.857661,8455.624898,1883.992007,-584.221061,-364.028162,-350.465901,-709.686823,-425.085022,12985.182119,-3211.137862,28458.485267,835.875112,-8019.127999,8381.439990,-2855.652913,67.196349,232.784807,166.280212,208.635707,-740.087004,-2269.248911,-1459.219612,138.766692,390.304022,-4178.126560,65.459296,2738.280935,116.043816,207.415982,-692.559081,4160.932713,-357.443888,233.171568,-461842.202864,-140592.179347,-53345.930165,438.935792,110.001767,117.107691,-3157.275540,537.561176,-48.281857,-70.287162,-69.551620,-119.013332,-340.912852,-153.086399,76.235415,98.494068,0.000000,0.000000
0.000000,0.000000,82.305388,153.569092,185.845009,-1136451.637707,-1037730.778413,-960263.925561,628.086234,155.246150,637.772252,2242741.569828,-11732439.094460,-1729042.425480,-538.885847,-198.411720,-86.229814,178.942270,47.049040,-13.035758,240.800497,32.340798,59976.802420,25689.217103,85853.005617,-1227.313251,38.194716,-3264.695270,31351.690280,-113.656290,-5052.033933,1239.105628,-4035.382004,23795.155279,4726.009517,6412.462652,-2154.914955,234750.006831,27585.335764,8532.702490,-72581.858828,-2193968.190015,-202023.728589,-139037.793079,-95288.059645,-235467.931300,-10237.718553,874.393090,772.679773,-578.173005,-128.762691,-341.035576,-351.270241,-253.109321,-151.538142,-43.707618,-430.972884,-521.970001,-3.172276,-172.408236,3541.841369,-29522.802394,647455.470417,-4775.028674,-10592.398261,-3795.226187,4268.527258,-962.463668,24.311574,96.497939,615.454853,31.745151,-6465.058482,2061.390080,2192.107310,269.254950,-180.484142,-707.463963,3759.776935,166.432212,-546.078990,-286.528095,4289.767978,-3105.821043,1402.570937,-1749.051753,139.791845,-1187.245263,393.985415,181.391295,1392.805295,224.517420,-127.561668,-58.398469,-77.599758,-82.817590,-94.628909,-97.916316,-97.690878,97987.356365,-52.756931,0.000000,0.000000
0.000000,0.000000,82.772188,-2504.025069,153.689536,-1143271.194632,-1047397.829738,-1080680.097551,638.635039,189.569170,-376.137944,6331861.608522,-9402703.703696,-2927287.473933,929.562629,-93.549492,-2517.363728,-1692.552877,1172.024086,529.857030,77.160281,199.923064,55179.057979,75076.582965,237217.037034,-235.655763,142.087824,277.044872,468.767768,104.796965,-144.651094,-2464.897839,-2377.132141,1189.862445,-721.908326,22.097122,1058.972173,-201008.164847,8746.195060,10689.185826,342314.500044,-1332461.898672,-1326.919078,-451.185260,348631.331470,-2272070.559970,-15861.589457,-4736.078680,1514.279572,1772.653338,-894.375359,-4418.698994,-567.677364,52138.702305,5054.095440,-1258.926463,-674.922287,-2037.910324,2708.124608,3435.985672,-1704.007660,-27946.859179,-6390.381802,-17344.391463,-4999.055968,634.836713,1018.785911,229.669400,237.006478,-1830.345508,379271.515360,1085.580929,-91.474306,-1226.155011,827.964888,60.118350,37.922553,-109.832646,-3243.111018,-1372.128978,-3862.387766,-774.849891,-511.777412,232.924557,819.668066,-15924.683039,31.611152,26.113526,148.890058,72.742944,480.229200,-268.496543,-91.459556,-51.550653,-77.681007,-73.266071,-110.813588,-374.951492,-159.707252,313.327986,-11.144925,0.000000,0.000000
0.000000,0.000000,0.000000,-327.549609,-2209.741585,463.922302,-102.969945,-1875.686427,19979.080243,-263.005235,545.165699,-650.871080,-2686.829596,616.942597,359.002468,5196.645207,-699.636945,77.193777,389.733809,-817.477839,168.416123,704.622429,71486.828801,63288.994091,19324.868057,-2819.067164,67721.534689,41.728200,861.556767,378.553138,-127.727101,2649.373380,-3432.144105,-248.356792,106.891142,1995.051702,1764.311005,5069.361487,2164.886089,-827.932379,-463.212674,-793.187629,1231.049693,-870.694590,3087.776369,5233.719450,481.111194,-509.252511,-723.735468,-1808.376331,468.902124,454.483437,-698.188455,-583.336233,555.501321,1412.231811,-3283.833715,599.816227,602.251402,-509.804802,-580.043921,256.890054,154.482447,-6743429.517098,-47021196.278402,-17572435.765111,-4.840970,-598.698612,106.552581,12900.552442,5584.118405,-82.004490,37.739436,258.527984,-72.708532,10749.232423,151.673567,-1023.623468,856.773338,-1028.586615,2224.808392,2948.998718,-904.732807,1055.223681,-3767.918818,299.680630,523.959611,268.095749,5.378686,1.215995,243.011609,-55.452598,-34.603002,-62.691326,-34036.589540,-107.451219,477.044635,-219.384508,407.835053,1441.174767,0.000000,0.000000,0.000000
0.000000,0.000000,0.000000,94.430786,426.093846,413.414555,-248.260196,-364.745465,-100.448602,-101.958011,2300.986986,10676.150183,-21469.444164,-14750.589187,-23015.614308,22903.636237,723.518835,79.932378,-361.954157,794.066328,820.387226,142.085449,941.374483,2099.077703,-245.961438,-384.268076,-380.078276,372.182713,-361.476556,82.804268,22878.714870,3161.906478,620.944173,-6325.985536,925.681010,-660687.416623,-1433.470990,-140.564046,2137.877317,47511.549534,-409.040921,-966.101793,-185.068068,299.997529,-1274.331616,5257.836859,6.615501,210.622137,-9547.007819,39237.098885,-46798.726219,1044.129649,303.573444,-11236.027784,57718.714929,91807.507494,1139777.943590,2920.193626,-6520.081545,432.454176,-599.307715,-777.519531,527.078873,360733.831502,-50183476.624202,-58241817.462268,-4272.367301,17978.662998,236.118024,-3341.765250,51886.025609,266.946792,222.522029,194.069485,-867.018538,-1349.353397,15.892133,533.494271,-2200.000920,89.891085,-795.728547,-2317.042042,3898.436254,14016.479883,86044.020129,-3592.219730,1973.590814,501.887622,6.922960,6.256423,-168.663578,-43.566620,-107.793024,-62.385179,5796.611324,-100.658212,-28311.063398,-93685.812890,-10427.079574,-12189.519830,0.000000,0.000000,0.000000
0.000000,0.000000,0.000000,89.731345,-63.911964,374.782625,-2075.007129,30.966746,662.878166,380.510205,6.016341,12.727351,-17369.190893,-17176.788756,-22281.155060,289.594160,724.051502,279.955910,358.033376,835.054891,-331.228965,206.231894,1052.490370,7380.190043,-2646.056683,-1642.766749,-2182.859777,-5287.214219,163.013717,21782.883999,2737.534373,-20243.059570,-1091.829353,-369.434167,1999.770105,-260.363077,-5866.339524,-5900.426838,-233.167592,-1409.715682,9254.716667,784.434093,-992.763921,-9262.465714,-27078.203912,1453.608968,-5625.772769,-1530.978179,-348.647924,-122817.943634,804344.468010,-2979.125737,-1809.711602,-791.330921,-29026.721466,-44227.699135,270.922487,293.085648,-215.997203,-303.608534,-359.613127,5055.339141,-184.032967,1852.813334,167520777.219986,-58976094.505318,-51.258522,-1117.419328,124.364666,1065.354700,-1119.229713,508.822325,532.406379,418.403288,8331.079948,-11269.616375,404.530573,-901.943302,-2160.556786,500.542446,276.949995,-546.191662,-136.118639,-2590.158762,910.900462,-459.335862,-782.928519,676.064186,74.031410,16.676555,65.376380,-61.340307,-120.870960,-72.841199,5199.306886,-37.933207,-33707.122100,-11565.962083,-67200.485434,1256.676340,0.000000,0.000000,0.000000
0.000000,0.000000,0.000000,131.302691,603.571928,235.859454,-2390.031084,1104.506523,-306.443402,276.523954,-142.806405,-66.313476,-16492.986536,-11518.096020,36679.241232,51.481276,483.735588,-1363.549165,-68678.597259,4597.431580,3253.934291,253.810026,2585.713106,4982.043561,-2599.253953,-2051.008137,-1392.585534,5928.934180,137411.200359,55620.763177,-151.957822,681.625710,834.315788,526.585010,54817.773227,103159.118846,-114489.057252,-710.388019,-1406.283605,-771.044964,-160.664938,-388.784930,6905.107327,-17056.750641,-1737.225482,-897.912561,21166.760098,422014.328256,-27762.777807,10367.086153,-10657.356512,-2192.390948,37.924251,70.168845,16779.511411,-2985.155891,-380.996152,-219.855843,-482.131826,-257.712444,-352.649355,-502.348928,255.565215,-348.166479,-37424.622761,-36381.494567,229.890831,313.388993,56.448590,119.020854,564.091068,-624.044711,-213.947984,-909.115396,-2493.636616,-1309.004931,351.000538,7360.429024,1356.703934,-1019.590252,1686.686699,-224.077973,-297.743043,-424.445296,-772.540922,368.103377,-88.737743,152.766586,133.372094,51.511972,6.274597,-19.934033,158.325923,-55.323221,-173.414880,227.566823,26.256966,898.956538,407.530646,1047.936842,0.000000,0.000000,0.000000
0.000000,0.000000,0.000000,39.512473,3111.819348,-24620.958092,104.765212,1167.057224,569.806023,-747.641524,-175.517029,1853.147317,10169.578124,119.727253,42.952193,111.827732,1138.879926,204.634077,5386.808060,-402.991906,549.698169,-1300.265152,-13738.769391,-2124.729013,-5.526372,-415.995585,4525.388442,309335.125948,-18340.555957,11777.219096,631.727109,157.624991,252.978964,731.237448,97723.006026,-488689.336543,570.637475,243.675109,-178.717855,-537.809780,-835.894913,1552.608692,-193.623032,-102.711873,-361.238857,63.778720,-16783.726810,9339.524893,-442.528838,-9398.543545,104305.854449,-7099.028559,22916.689140,6068.984466,-572.696649,-321.691519,-424.139514,-879.962386,-1085.702010,-3372.174275,-527.127457,-239.708239,-48.511139,3852.915878,-47.054766,-25155.171739,212.316653,3283.234580,380.442121,433.558114,-4039.837617,219.042389,-1306.864748,2660.546012,-782.123102,467.129243,-513.683628,4100.693386,7397.993945,7144.055120,776.389911,271.882924,278.452874,12531.669050,1595.047897,551.584910,767.207515,-262.891365,60.262016,179.008916,26.142224,2.253745,468.166886,-24.719287,-161.791062,-5509.513927,483.776876,1608.871211,521.875698,-328.254324,0.000000,0.000000,0.000000
0.000000,0.000000,0.000000,0.000000,-262.420943,-570.526356,-357.272500,-697.546347,-1310.543393,-106.548750,-45.180737,-2392.798149,-1376.895538,481.330895,136.027370,80.919943,23.003310,3073.881611,-1156.599421,3780.620020,-197.613852,-11720.195712,2503.937964,-1572.055990,-2242.800778,975.418331,-335477.780967,-5169.083368,-821.462698,-3099.956268,1033.877557,-1264.214557,634.944314,2196.133752,22421.743659,-54420.056598,-69.586381,231.821145,-6556.942492,-372.261329,-286.996651,-2396.146111,5186.317153,-210.327062,-287.088493,901.159620,-2282.997814,-5141.695656,4908.820578,-108.318042,375.638074,-5697.520057,13300.030010,-18642.016231,-1399.845589,-639.128590,-630.207486,-646.631582,1920.089783,2003.452929,564.492578,690.089775,7056.019901,-1430.509266,49.124459,1223.261944,435.205634,-754.688980,-420802.642838,-577818.166504,-537253.821731,208.900548,-216.133754,-925.032733,1115.604055,1465.118088,-892.462603,5744.343692,14705.456944,4188.140141,2632.446084,-390.021987,421.413827,2958.880726,-847.755345,-100.434274,114.796112,-13.088488,-137.858916,155.562725,61.587433,8.750019,172.516221,-1553.654798,-84.152302,-11191.636991,-11236.174814,2834.310951,405.687587,0.000000,0.000000,0.000000,0.000000
0.000000,0.000000,0.000000,0.000000,203.637599,-36.801482,235.264326,-187.971663,-195.619646,1857.366339,201.401729,656.760544,30111.920188,-6144.679592,68.224195,178.918834,1128.280964,-971.444331,1136.213322,8911.433992,-2613.998313,1213.604928,-2447.505039,83.282758,5769.816282,5606028.393642,-4078.044076,30522.208088,-13498.321114,198.681439,-67.151590,-392.063905,-248.864041,-201.445661,-707.919158,2224.717038,283.449263,1429.103025,540.542216,-1305.450515,-1356.164861,-59.120936,-159.906466,-243.634149,-47.242597,2603.862987,1038.051847,454.612178,293.447732,278.243164,1044.668381,761.326194,2559.037200,-6737.260837,-223986.637604,-208213.040111,-146331.386811,-31383.907017,4395.246294,672.385699,700.510344,1369.524957,83562.921962,133352.574642,-1910.915171,-8323.000818,1384.280455,828.109640,-205675.568351,-539643.190656,-461681.625753,-771.941956,388.905745,10196.694737,-522.979722,1588.854948,-152266.845687,590.842056,31.920294,-484.229824,-269.717820,31413.020425,40.563551,1093.544876,76.068413,-626.107421,273.587588,-72.283512,129.576830,-1665.703640,107.412809,22.997473,-6.292858,-35.134888,-521.715092,-937.543666,403.418823,462.118526,-650.779073,0.000000,0.000000,0.000000,0.000000
0.000000,0.000000,0.000000,0.000000,-1669.041141,-199.862360,266.458795,-11.598308,1123.706976,1232.501386,571.280319,1623.761104,1658.127598,4501.473712,-2261.194376,-1598.149891,473.461238,1081.333307,438.437098,-537.262022,-393.830543,-2895.353139,38433.399560,-487.177284,10689.857626,-3838.811156,1292.650487,-620.695947,-2605.658972,243755.534820,-876.655448,-611.401970,5485.512649,-1052.578029,-221.733108,92.838141,924.986823,-420.234893,-3335.742413,1423.043932,8665.776092,-273.602865,-374.478793,-626.444670,-1056.529293,294.233889,-2279.782115,-1127.713928,-311.228904,-5400.743081,-8337.511415,-8462.094897,-3024.454288,-264290.534579,-207090.863079,-212935.664913,-207244.379120,200433.387988,504.557049,506.598071,742.086581,8944.135412,23664.025426,23090.407905,-4307.680537,-31.592401,-77.391402,-24492.310201,-40754.209307,-4906.897912,607408.373888,-40.405964,122.513425,-879.487622,10899.135896,-4653.340664,-212.669353,-768.255696,29903.011272,92656.362076,-1759233.541056,602.668534,89.810579,-8462.631533,101.236746,415.937544,-505.802935,144.748965,3564.878934,-2564.330214,279.885947,135.028261,153.397088,14.816052,364.418494,-3069.761513,-7701.760444,-980.823741,-659.307972,0.000000,0.000000,0.000000,0.000000
0.000000,0.000000,0.000000,0.000000,0.000000,2233.932845,-363.828099,-1225.626645,652.992763,-1086.580314,-85.490242,625.198299,131.967742,-1299.495514,9.783423,459.107577,335.824411,-654.704528,113.702830,321738.825537,-2747.242730,15776.689418,-617.046212,-611.922555,996.120335,795.687674,158.907275,3777.993556,-1231.326177,443.828296,-464.410921,20093.264134,-4021.791027,-702.315412,-470.346996,-4478.726345,1403.425508,370.349295,-1891843.030388,-1600.628374,-962.368259,-238.219454,-752.610105,-445.972576,-2576.727385,-755.705617,-259.118830,-814.434103,-1745.427762,-5630.233383,-4988.802597,-2467.870276,35423.583022,15612.332725,-240265.207044,-212381.685846,-1540173.259172,-4724.521317,3101.397899,2083.740335,-236.136809,-5897.287206,21033.012889,16822.835946,45608.413012,-662.145189,-9323.504416,864.657035,-231.146318,-1963.904487,-1141.361501,-158.582884,0.704166,1736.135142,-481.782921,2937.860726,-435.937064,-1148.726792,4990.914905,25688.679839,157520.589725,-888.738174,132.928939,-83.254820,105.722002,111.641948,-341.123720,-52.820394,-2458.649029,-3556.577326,296.413980,-44.029451,395.019269,-43.404525,-4562.206786,48.146132,1638.552661,1153.667310,0.000000,0.000000,0.000000,0.000000,0.000000
0.000000,0.000000,0.000000,0.000000,0.000000,-14179.823582,-256106.391453,45.947311,335.754176,83.653762,63.808915,1060.166313,-919.839433,-2054.297233,242.537149,37.328064,-4058.060908,293.278607,-12369.796048,-3925.697993,114137.610713,1342.960981,501.622381,-542.638648,-622.318737,570.717429,961.004643,-15714.470761,-14075.914388,1807.442431,3677.131780,1171.562713,-1782.587582,-1535.850402,3648.105762,-7658.521102,-367.781743,-460.215044,-96.903633,669.587776,-436.404333,-251.879194,-337.925330,-441.667234,-2458.976077,1200.709217,-285.565442,-757.223977,64.500120,-639.647601,-943.195963,-143.327707,-222.152732,-247.077764,-209.695509,933.425094,1125.168095,2573.129873,2273.736141,-470.100068,425.366201,-55.000980,170.020337,-13.245693,3427.472193,14902.924275,723.614203,50.602942,1068.865057,-401.063517,-212.346816,241.263961,1327.244816,1193.694994,410.325943,768.829021,-205.428728,-138.721651,8409.311052,970.507904,8530.748704,157.228987,118.572591,3866.780679,70.705854,-113.039676,-2465.251220,369.655934,-36.137636,5576.669839,159.675280,189.967206,133.904304,448.848128,973.937713,63.375483,525.343579,1399.580414,0.000000,0.000000,0.000000,0.000000,0.000000
0.000000,0.000000,0.000000,0.000000,0.000000,0.000000,-1420.902089,-12.968922,-849.366938,-145.023379,-6.250985,8832.157316,-1030.866784,-580.662645,-312.581824,1748.530597,502.490711,-287.992625,10086.507548,-91650.040808,-4394.658642,-263.153336,350.864507,2681.550380,-10923.199687,3479.222980,-1064.830546,-1744.597126,-6527.745200,-15485.507315,505.834227,10767.717428,3141.697608,19669.416649,-153163.190123,-481.301711,-362.727541,-180.719120,-79.319998,1118.259218,194.602349,-7683.780750,-223.620684,-1669.966427,6566.185351,284.219274,5204.101571,749.057859,-5220.771457,128.970172,-126.423388,-268.030163,-439.691507,-247.597747,15.979630,443.687846,285.153150,-125.545566,1222.459091,447.827392,145.445426,-857.877815,-242.643884,-483.158135,5651.551236,1082.598907,-1923.214844,-354.105688,351.575014,-4745.564903,-3599.018805,-29.378155,1372.233711,129.784150,-444.896170,-130.774995,-73.000232,-91.790049,152.192913,690.767504,487.820607,-872.728019,1424.180586,648.916881,41.029077,-587.229295,347.893037,-3582.780522,-2751.435123,-375.996829,-493.740965,-204.625027,-276.630723,-286.550459,26.146085,-60.420884,374.133384,0.000000,0.000000,0.000000,0.000000,0.000000,0.000000
0.000000,0.000000,0.000000,0.000000,0.000000,0.000000,-161.133800,-219.514426,335.571511,568.985922,2723.853343,-846.161644,-165.789894,87.053616,3851.714138,-910.413134,36.272780,557.117736,39193.087298,-6485.947661,12392.825726,-166.200780,1981.667351,-9960.932375,402.554662,3805.660597,78.683199,-265.766915,1404.324811,1744.921603,389.355085,171.850721,-6058.251429,-23739.766758,1124.594892,-1100.383647,-444.215491,-166.487742,-304.223786,531.951223,289.378715,247.137285,433.982686,-768.019660,5434.439995,5839.496121,880.613205,1418.048839,-1022.785029,-771.302153,-199.859732,-922.548249,-2244.489218,-790.151782,-192878.572335,7584.480423,-542.699610,-12.988523,-182.356767,-36.957275,-53.927675,6.331766,-488.446590,357.786675,-4908.648395,173109.661457,34927.020094,221.817352,-135.078840,1195.302113,1389.899724,17572.607012,2738.632310,1040.471211,216.266969,104.785886,2896.938423,-242.904444,-605.628705,2361.560645,-415.392496,266.626877,353.243805,292.245849,97.758960,718.244437,140.271144,-320.149530,310.171356,871.536828,520.031218,-121.310237,-950.635787,2248.210258,176.698490,284.425707,446.667732,0.000000,0.000000,0.000000,0.000000,0.000000,0.000000
0.000000,0.000000,0.000000,0.000000,0.000000,0.000000,0.000000,171.285013,-43.942934,801.295034,-1539.473338,-584.032404,95.124332,4596.500884,125.127885,-183.560115,2456.757100,-3648.789408,656.979851,-62.842060,848.688657,3151.268651,-100.772150,-124.203707,25.694433,-2002.193114,-633.031328,-2071.281062,-21576.330367,802.154327,906.531496,934.126050,-536.046702,-409.223839,-152.690224,-161.613736,-129.403073,-175.681412,-77.945695,61.649915,681.995243,219.624765,854.980135,1080.242688,-4773.982155,-6413.261287,5242.372193,1279.783673,-428.229441,-427.583737,-91.360141,-1681.391658,2395.506426,-699.404660,-137.964618,-566.984789,-18.961466,-75.390018,461.847475,462.207182,-20.392021,846.232669,-106.403860,-2946.159589,1336.194528,2532.947344,45636.088359,2457.967739,-1442.612565,145.093944,-912.668592,377.822215,117.968092,-14.556923,-28.190487,-133.703412,169.739761,546.464473,227.786573,941.103022,-346.248897,325.902598,155.774744,1511.120240,472.080690,876.910155,-1679.712434,5.441612,-711.219503,-803.729512,60.208169,449.444882,570.086229,-258.166516,-165.850042,390.359842,0.000000,0.000000,0.000000,0.000000,0.000000,0.000000,0.000000
0.000000,0.000000,0.000000,0.000000,0.000000,0.000000,0.000000,2291.280228,-60250.863973,2324.526692,294.500079,-150.136419,-1200.183302,-2200.046019,-524.272051,-178.496318,-226.077922,549.169934,674.390415,4591.054606,2982.600771,1498.928469,-281.749280,-1856.966565,-1360.638246,201.997936,336.735133,-9678.570229,-1679.015351,591.428755,290.686746,-2005.985816,-695.617061,-92.546620,-225.053221,-206.336282,-307.698619,-582.222160,-1525.812518,-230.178950,-89.512824,-101.765447,-208.511724,121.693175,480.536298,-28036.030731,14584.609706,7628.188442,4486.349367,-209.840335,-309.097683,-33.656849,19.974062,-189.338414,2733.688533,697.505026,-475.536576,-327.198616,-210.830240,-460.157548,-308.592341,-166.570504,-46.946134,195.296493,6247.811370,557.009073,4648.264520,3216.376033,-504.287501,-32329.053822,37.645051,8.757702,-1.644958,-1.013345,8.613020,-2847.670612,-2716.424890,-67307.560247,-382.592368,262.924904,2434.892166,-786.995061,1395.888255,-708.048388,240.404326,-166.591773,-1628.259090,176.113558,70.858204,1268.249505,528.748690,-1635.991945,597.870892,10.865703,440.182408,-1598.111755,0.000000,0.000000,0.000000,0.000000,0.000000,0.000000,0.000000
0.000000,0.000000,0.000000,0.000000,0.000000,0.000000,0.000000,0.000000,249.570831,-5408.849765,62.757869,474.618381,6895.376223,-846.796336,-206.477112,179.840112,-31085.110958,-9680.620844,8816.767027,519.644604,3269113.535194,-16209.097196,108.348683,-129.674779,-4.505160,131.200236,-2933.168852,-2032.731116,1010.545810,27210.305426,12366.305630,604.820010,-21489.507720,-1627.454784,-739.850362,-177.806851,-545.580046,-319.564820,-2051.319452,-300.794785,-376.782903,-202.556076,-399.494003,-245.184284,-263.286662,1468533.929851,17317.764224,6538.724218,1008.106806,-1322.181317,-635.345845,-159.328624,-24.049796,-874.940157,1277.690812,4334.826875,-6825.365335,-40095.489590,-4151.760888,8834.866491,888.678326,-6.852226,1065.993346,-454.966027,-301.810104,-445.801770,-844.239588,-623.871070,6.995733,-215.422395,-15.005474,-3.964914,-1.009899,-0.324180,-0.714088,-256.594112,28851.021716,108918.147748,57534.241663,-704.399567,-309.224970,1028.748686,-6843.239396,35.617336,2085.007537,314.048517,-25.870785,3087.997418,217.180632,-284.332304,-523.906663,87.877795,-1651.362537,13040.826306,-851.330386,0.000000,0.000000,0.000000,0.000000,0.000000,0.000000,0.000000,0.000000
0.000000,0.000000,0.000000,0.000000,0.000000,0.000000,0.000000,0.000000,-439.347551,4434.249280,-6127.815651,4752.702389,-129.279304,1306.306885,6016.037833,-32311.445982,-30727.123704,-12894.562082,2082.404676,-18043.405527,-3717.143827,-15674.650575,-510.555798,-361.700435,-484.137250,-1695.839188,-3801.656976,-2194.128680,-1008.036916,-12029.049676,328384.190946,9134.253255,1482.480180,487.004900,-346.011133,-198.175614,-263.826415,-420.605305,-198.800169,-632.183513,-90.387620,-401.246527,919.498770,71.630966,-3200.945832,-428.959447,-227.866491,-158.908955,-16.921630,-245.867619,-93.752008,-5927.061113,-716.054815,-1480.562439,3479.062592,1160.361670,-454.763993,-936.622053,-1533.987472,-194.623801,-3651.919909,-2132.360863,-105146.539888,367.793198,244.371379,16533.259466,-2016.523069,40.081469,-44.958784,-33.400842,-36.814743,-16.847703,-5.367889,-1.772389,-1.534922,2.034067,-11.679935,-903.957446,653.307004,25090.562448,-2161.055254,20.243336,-2818.314997,6.316959,1240.734464,324.127820,1673.164966,149.801535,-695.628284,109.474237,145.515074,679.316138,-484.600479,-93092.833438,1599.975755,0.000000,0.000000,0.000000,0.000000,0.000000,0.000000,0.000000,0.000000
0.000000,0.000000,0.000000,0.000000,0.000000,0.000000,0.000000,0.000000,0.000000,123492.668625,94.682049,-21.592043,52.741824,-235.167648,-370575.508634,-249303.363369,32033.769943,5064.393332,-3013.944865,-494.627314,-618.627768,-3196.372121,-50982.023334,-50139.519581,-573.859827,-592.153916,-24876.434140,12220.260022,-1805.449605,-9970.093911,-6657.891279,2436.414163,12390.789166,787.887735,128.696407,-7670.658715,-141.010237,-1009.868649,498.776724,-323.710990,-527.916321,-5554.311697,-13040.072301,2163.463451,57059.181585,-2142.943833,-2841.455803,1379.871108,-590.432535,-416.804418,5112.255128,-511.468144,-4812.859291,-2443.637759,-172.717378,3225.842340,-6670.012222,-4808.380903,-117703.354596,-844.662111,-3549.950215,-171.709273,-71793.247773,2874.274684,525.331615,-4624.531930,1272.687857,66.902846,-24.344057,-75.336445,-58.629399,-160.683428,5272.311545,2.959944,-11.347982,-21.180163,-6.400762,-2.420798,-94.364365,-1188.502834,1389.848545,-311.346957,-3358.216305,-80.107189,464.591701,1230.752886,2623.267628,680.351763,383.133427,157.840925,556.480761,-396.250102,-32.166586,-9075.740464,0.000000,0.000000,0.000000,0.000000,0.000000,0.000000,0.000000,0.000000,0.000000
0.000000,0.000000,0.000000,0.000000,0.000000,0.000000,0.000000,0.000000,0.000000,-99658.000841,-66.634900,-13.997994,-224.257094,-2783.616381,-79582.863783,-465099.745054,-905640.474438,-435.219485,503.836860,735.542694,-184.072991,19.291945,-51017.392207,-51187.401189,-49127.127806,-1028.591644,35677.070457,-520910.137826,-215433.858677,15763.053746,2085.049532,1060.915116,3033.529725,413.960545,264.437830,195.355379,345.712356,-535.559082,-1299.854694,313.368710,-43901.107690,12954.410951,16671.651985,271.615220,-46275.677324,-25647.849953,-15307.706175,4240.144630,-28377.322082,-14686.091088,-11750.956548,13418.678795,2888.479719,534.964557,-71.991078,-804.032201,-24.056147,-533.819234,-31.151429,12503.275740,-987.856153,-20893.400532,2499.589783,762.466782,-1803.521986,-22.470622,1.452183,-77.046578,-118.810568,-1575.052668,-218706.962453,-4749.541142,-622.079919,3650.537214,-20.468893,-7.703036,-3.239051,-0.789294,-0.205690,-13.199107,-138.552514,60.011632,-293.845790,144.074587,699.103038,115.020832,1219.836921,716.618691,-49411.741664,41.619269,332.424546,848.672089,318.154967,3394.915062,0.000000,0.000000,0.000000,0.000000,0.000000,0.000000,0.000000,0.000000,0.000000
0.000000,0.000000,0.000000,0.000000,0.000000,0.000000,0.000000,0.000000,0.000000,0.000000,260.555035,462.497602,-16334.875339,-21431.388972,-3640.850519,-5112279.604081,104768.638510,-122.971790,190.670694,2281.332884,2.241929,-1728.779831,-2554.495324,-52083.794638,-51943.255625,148525.262539,38649.916039,-13156.754487,42342.608023,-1460.174271,12491.811217,122.997377,-4025.825467,297.189736,517.695012,166.326349,674.586707,1083.687075,-3115.404255,1024.498502,157.153272,1804.108805,2112.492481,-1552.288669,-659.601156,-6690.027308,-16229.149891,-2816.865234,15597.093292,-879967.329760,-20312.304285,-785.364029,361.082434,8400.023571,-42.083882,-199.391756,-63.257466,-164.283165,669.942182,3137.372708,392671.377022,-246.127361,-156.398444,21.561043,-48.462234,-9.505351,2.268671,43.497121,330.075740,11144.361130,1841.763179,-106.522337,10512.763116,-292.775277,-173.246215,0.472763,-43.886427,-29.005805,-19.605182,-1.057870,-29.409360,-28.057897,-598.209256,-5139.429154,120408.792217,890.412439,-202.065547,-113698.915078,833.599976,86.460471,-28.474451,-4092.174550,156.037143,0.000000,0.000000,0.000000,0.000000,0.000000,0.000000,0.000000,0.000000,0.000000,0.000000
0.000000,0.000000,0.000000,0.000000,0.000000,0.000000,0.000000,0.000000,0.000000,0.000000,0.000000,325.444737,-8003.082995,8234.071804,88213.977823,2947.980288,627.616879,41.195275,6808.896658,4034.409280,-2474.078931,-3780.571590,393.602713,318.357350,210.436244,4356.674807,-1481.058157,-8.086309,-621.712441,974.711661,-165093.166977,-736158.148267,74341.872704,9361.815519,333.422058,270.703745,149.215926,67.619434,-2494.957504,-78.449913,10.377690,627.280860,-2394.710113,9.859384,-72.715495,570.169651,1633.136807,-2433.078780,3940.487537,11334.599060,29315.241366,-165.220292,-177.508778,-273.995816,-109.051080,-167.676774,-68.346520,90.903507,1623.656919,-13376.594824,-1417.625785,-77.005833,38.171073,-93.433204,-23.687893,-6.898099,5.993380,-2.342214,8.004621,-2837.185892,124078.698262,17961.964123,-106775.653935,-1317.046108,-1182963.611759,152.606404,-8.804726,70.774745,-47.459057,-0.844095,-0.999217,-72.937702,400.480172,-96.623169,1660.579076,-406.014644,520.846898,-103439.166025,301.279606,1156.159103,449.633513,10285.017346,0.000000,0.000000,0.000000,0.000000,0.000000,0.000000,0.000000,0.000000,0.000000,0.000000,0.000000
0.000000,0.000000,0.000000,0.000000,0.000000,0.000000,0.000000,0.000000,0.000000,0.000000,0.000000,-203.074297,-3016.168636,-43.026505,356.397117,155.158218,677.300436,5593.264256,489.046591,7233.198124,836.500768,184.682289,324.808327,95.768990,237.661529,1009.327978,1663.248478,524.379701,-409.034117,581.144080,-36361.468232,-66528.424507,-56656.450485,151.567077,105.425359,142.799777,22.091960,-4770.933446,-1650.744351,-869.200261,-2334.648768,298.893163,410.807433,-8938.034507,-20352.601668,-15936.665158,159.993066,-394.488052,-159.855400,-2047.364910,576.276138,4669.284088,-1157581.565258,-227.897497,-0.232545,-16885.444899,309.576555,123.790525,-1978.573393,-290.988420,1108.642275,-1204.358494,-539.823275,-253.351966,-128.752955,745.296718,1869.398735,97.556440,-98.921567,1435.584644,-295475.834080,-557038.448861,501793.425439,-28966.370668,8515.560137,-19.411650,-37.922541,-2385.978527,299.211558,-2.792824,-3.856875,-420.174895,-3105.057389,32.932506,-1705.373392,1019.989736,609.750517,29353.998271,-2265.916513,2216.021290,3115.643430,1428.765500,0.000000,0.000000,0.000000,0.000000,0.000000,0.000000,0.000000,0.000000,0.000000,0.000000,0.000000
0.000000,0.000000,0.000000,0.000000,0.000000,0.000000,0.000000,0.000000,0.000000,0.000000,0.000000,0.000000,-196.054390,398.234279,217.235269,633.736979,2697.050398,-50955.981751,-571.172935,-144.746468,446.583635,183.609323,623.297503,-2695.798497,-1319.240770,119770.559371,4180.155552,3780.481038,-1696.034301,-13872.638494,2747.974522,-28930.103057,15663.492419,-880.141432,157.670372,-339.303934,-1096.050170,-1324.681158,-160.457845,-382.772853,137.588712,-315.058682,97.858624,-129.228643,-34.937213,-58.921083,-157.772806,43.631947,-250.066431,-129.000457,814.363869,4753.025050,9232.110024,-1251.558776,-88.351681,-30813.783412,-83349.902433,-523.529393,472.290340,-400.127137,-48.930790,-6865.316067,-111.908414,-1336.650983,-10152.791274,-14.928078,863.450589,-3052.641668,70.936378,-236.183672,-950.774272,-3076.208833,34476.609834,-24326.705657,-933.480586,-3825.244773,106.639767,-29.790481,-15.185513,13.005211,-2238.614945,-291.128873,561.136237,-25172.189852,-99.817746,178.176039,-122.070550,242.049257,-1096.537969,131.138891,16058.449121,0.000000,0.000000,0.000000,0.000000,0.000000,0.000000,0.000000,0.000000,0.000000,0.000000,0.000000,0.000000
0.000000,0.000000,0.000000,0.000000,0.000000,0.000000,0.000000,0.000000,0.000000,0.000000,0.000000,0.000000,0.000000,103.262134,95.290119,142.696516,137.139675,-1932.320269,-451.838854,231.775868,155.738402,152.091212,-339.144243,660.611207,-15850.111344,1727.133700,1232.482420,766.317864,-29331.262294,44720.499165,-83914.256489,-4156827.093013,553.637997,-49.149463,40.700000,11763.629303,117.940718,780.521812,-39.643681,-332.945295,95.568997,-94.524869,-120.923837,-38.763089,-47.227304,-115.906350,-167.610308,-7654.333039,1722.454748,-361.130032,-580.422844,2897.122108,7132.760675,-1599.408283,1429.644334,-8705.364713,-9713.713296,3010.662808,-467.918338,-496.195227,1000.146686,786.760988,-1073.311772,-70.245896,-38.513692,-52.065863,-49.938142,-13.303617,-3.420320,2.065383,-173.192770,-10.787071,25.990173,611.638113,458.539075,2058.797112,-134.682154,-296.621448,5680.139122,952.108228,162.725628,-2658.115750,-95.972091,554.887881,-62.327782,-28979.325844,817.835486,-120.195348,266.236605,2673.352369,0.000000,0.000000,0.000000,0.000000,0.000000,0.000000,0.000000,0.000000,0.000000,0.000000,0.000000,0.000000,0.000000
0.000000,0.000000,0.000000,0.000000,0.000000,0.000000,0.000000,0.000000,0.000000,0.000000,0.000000,0.000000,0.000000,0.000000,40.411172,-10.104029,-369.938982,231.083397,1731.109419,8243.836234,1493.147830,-4532.244166,637.505861,-8422.604991,-32693.645970,89558.931293,257.306031,-217.664223,134079.285803,3057382.827967,-78734.062259,6771.159717,1259.669600,-649.238610,48.869912,3221.578238,228.915450,-435.965095,337.291355,-21.359907,-61.576240,-73.103800,-118.578088,-59.040497,-102.957785,-49.231474,-119.015902,-55.596050,-467.468561,-4442.709858,-1275.667470,-417.699020,-1270.195819,-973.151205,-2468.690614,-60385.974719,53464.657968,5085.998709,-1201.588985,91.731152,719.715609,6045.155946,-90.703061,-299.410497,1144.533540,15.854066,-19.613060,-55.522674,-16.279520,-2.046614,109.834308,-28.617999,-8.627449,-9.623330,-279.897266,266.257562,1088.303768,858.550549,26.904775,28661.310167,-437.816368,394.005787,1378.763781,253.223219,51.824196,-3058.752484,-729.181392,149.545889,360.227729,0.000000,0.000000,0.000000,0.000000,0.000000,0.000000,0.000000,0.000000,0.000000,0.000000,0.000000,0.000000,0.000000,0.000000
0.000000,0.000000,0.000000,0.000000,0.000000,0.000000,0.000000,0.000000,0.000000,0.000000,0.000000,0.000000,0.000000,0.000000,0.000000,101.911438,672.121539,-364.031838,-576.835844,-1074.632521,310.880675,-223.685754,515.150285,-84.372281,32.351864,117.320131,513.626243,28929.188445,67001.169671,-29854.893271,20966.461323,-320.198200,109.190838,-2803.291275,-125.187276,-791.967664,-2375.812650,1441.588165,105.870448,-483.899549,-430.387864,-114.072420,-508.427422,1575.553132,-109.624372,-168.224840,377.992382,153.883958,-170.333424,752.933603,-1015.273083,-1609.048079,22.321165,1480.224291,639.382000,-71953.863652,15389.731096,-85109.920777,-3265.061154,-214.197489,20.602224,686.543762,-480.523959,10.360486,-223.728125,-29.253977,10.183811,459.904311,-209.141103,-100.911985,-40.226646,-191.123468,-236.149237,-57.034489,-23.702793,3.730010,-1029.861113,152.504067,-33.401728,2342.122838,2129.335651,1059.916619,12982.602542,369.831660,25.355133,123.340850,344.163733,189.234925,0.000000,0.000000,0.000000,0.000000,0.000000,0.000000,0.000000,0.000000,0.000000,0.000000,0.000000,0.000000,0.000000,0.000000,0.000000
0.000000,0.000000,0.000000,0.000000,0.000000,0.000000,0.000000,0.000000,0.000000,0.000000,0.000000,0.000000,0.000000,0.000000,0.000000,0.000000,-580499.884579,10441767.346105,-307184.542687,-17798.495067,-6991.235519,-146787.572022,-97816.488343,-100567.216046,-97.797543,818.879390,-704382.136152,230.960969,527.642867,718.990507,-1251.938469,-723.083755,10886.811118,663.445303,-647.757453,-9822.420930,-16014.917729,-934.641592,3411.241140,657.073263,-371.496907,-184.823824,-318.822297,-302.108489,-72.081654,-195.096766,-141.507568,-51.768587,-3181.710377,-6001.810793,-439.553170,1991.211043,52.425422,-57985.786408,187.352682,1408.288583,-877.198345,111.183881,232.394564,-529.435060,225.810829,95.613184,-99.474854,-103.846588,-137.883150,-316.062985,855.893627,37.543739,15.885903,16424.784058,-19186.312573,-15217.159651,-3357.187378,-48.502630,434.232499,-10.795759,-882.062063,-4464.203509,721.939186,435.700562,-382.772024,1962.085302,83.673224,309.524818,-12473.606253,4053.563105,129.115221,0.000000,0.000000,0.000000,0.000000,0.000000,0.000000,0.000000,0.000000,0.000000,0.000000,0.000000,0.000000,0.000000,0.000000,0.000000,0.000000
0.000000,0.000000,0.000000,0.000000,0.000000,0.000000,0.000000,0.000000,0.000000,0.000000,0.000000,0.000000,0.000000,0.000000,0.000000,0.000000,0.000000,16258514.200851,47941.274741,154119.628255,-108.425739,-84.236329,-26.459147,-110.387081,-63.454507,-91.946157,-36.795076,-98.632908,-65.627638,-362.614001,199.929605,-2746.550488,298.218388,191.648888,-573.258128,-3048.638802,645.248476,-577.148083,-44.997744,3924.795436,-52.411572,-1828.500575,-3092.040771,4190.377124,-147.850363,-264.985780,-79.976341,65504.098341,9742.701758,15051.088742,-28969.383860,-2247.884284,-7736.573299,-65338.026891,-77.447973,-121.553197,-14.498570,-1559.749479,-543.996083,-289.418926,-1335.064661,1420.677739,-561.541158,-221.352060,1036.496001,-274.005379,-84.390994,-64.027039,-96.409435,-1720.941666,-1099.829006,1181.142004,-5557.397154,4843.647119,-518.963049,-58.510783,-262.481436,462.764892,-18.306554,-2617.275775,-6717.193594,-663.830401,-7358.592251,2481.941961,532.624728,1091.822276,0.000000,0.000000,0.000000,0.000000,0.000000,0.000000,0.000000,0.000000,0.000000,0.000000,0.000000,0.000000,0.000000,0.000000,0.000000,0.000000,0.000000
0.000000,0.000000,0.000000,0.000000,0.000000,0.000000,0.000000,0.000000,0.000000,0.000000,0.000000,0.000000,0.000000,0.000000,0.000000,0.000000,0.000000,0.000000,8775.514323,33264.565687,1905.559749,-744.155702,178.062703,-87.956628,-101.608582,-86.847693,-154.979074,27446.682357,35084.593259,-13001.959763,-721.268708,345.602858,310.522616,-1974.822032,838.002299,-408.352527,-385.048585,911.873140,6024.572962,743.070242,160.870082,-584.275439,7923.473289,-97844.195299,-99270.738928,-100652.242382,-339.134536,-406.430007,926.179592,696.180409,-78.502508,2497.791034,-493.475643,-127.603808,-116.012511,-47.295747,-88.300559,-64.643604,-91.989459,-128.640959,4522.956620,854.051343,-458.214220,-165.776542,-810.169015,-28.096466,-295.855861,499.897022,-7.669672,10.960252,-4615.849319,-35948.995355,-75161.253360,1488.147314,2483.750303,-4412.148089,415.787135,361.950913,414.027114,-391.994815,-29.257477,610.562813,-517.859345,-422.851524,618.551439,0.000000,0.000000,0.000000,0.000000,0.000000,0.000000,0.000000,0.000000,0.000000,0.000000,0.000000,0.000000,0.000000,0.000000,0.000000,0.000000,0.000000,0.000000
0.000000,0.000000,0.000000,0.000000,0.000000,0.000000,0.000000,0.000000,0.000000,0.000000,0.000000,0.000000,0.000000,0.000000,0.000000,0.000000,0.000000,0.000000,0.000000,491.958755,286.245515,44387.761207,2969.579647,-171.136381,-166.060479,-74.536803,-175.600513,-198.076976,-5542.233585,1905.702085,18255.783108,-937057.656235,639.609542,1142.248887,-165.196968,-593.879834,1070.373702,-163.637139,-933.305786,-6344.459513,-6440.348698,-7614.497363,-894510.215440,-98040.691074,-99309.244263,-101093.837355,-850.084436,1291.589266,198.675870,-158.555597,-620.035511,4102.264123,1823.183664,39.304497,-133.267028,-86.105490,-94.707538,-91.770594,-156.082392,244.671299,-735.899712,-108.532429,3.927904,-1924.342574,-49.045878,-71.403719,1795.087852,-14133.953936,-4959.160778,4066.168333,8738.320522,-119182.440691,-114082.561328,-570.363272,-589.598497,479.936224,87.035224,238.588396,91.321673,1304.612643,340.178955,-6438.093952,-697.156095,-19251.685363,0.000000,0.000000,0.000000,0.000000,0.000000,0.000000,0.000000,0.000000,0.000000,0.000000,0.000000,0.000000,0.000000,0.000000,0.000000,0.000000,0.000000,0.000000,0.000000
0.000000,0.000000,0.000000,0.000000,0.000000,0.000000,0.000000,0.000000,0.000000,0.000000,0.000000,0.000000,0.000000,0.000000,0.000000,0.000000,0.000000,0.000000,0.000000,0.000000,162.296635,-5203.970801,1890.052183,-228.449761,-174.789766,-153.121743,-199.668552,-693.832082,-318184.888118,-70764.349159,-262432.754579,-245563.988924,1452.050796,131.629181,-400.099773,794.337283,-393.952465,921.102911,345.779653,10611.925342,-5087.292951,-5504.180414,-5991.553060,-98322.058165,-98982.252494,-92465.778819,-254.138574,-408.556590,196.210530,-129.910363,221.320092,93.514683,-217.434509,166.386843,-117.870955,-173.826613,-96.956399,-166.397825,85.844657,-850.851544,1324.895987,-2133.381986,-137.014304,-40.544376,-404.954445,222.216375,2662.322986,216313.906634,3842.887182,2008.312467,-905.493780,33621.182659,96936.748414,-56.881622,-15.877166,523.003367,3277.635635,195.661920,-227.028507,-1346.071970,4681.371738,81.350997,-4666.438862,0.000000,0.000000,0.000000,0.000000,0.000000,0.000000,0.000000,0.000000,0.000000,0.000000,0.000000,0.000000,0.000000,0.000000,0.000000,0.000000,0.000000,0.000000,0.000000,0.000000
0.000000,0.000000,0.000000,0.000000,0.000000,0.000000,0.000000,0.000000,0.000000,0.000000,0.000000,0.000000,0.000000,0.000000,0.000000,0.000000,0.000000,0.000000,0.000000,0.000000,0.000000,236.235807,-241.199896,1698.580675,246958.383013,246937.817572,252300.586814,1469.905244,-10014.969330,-382158.346603,-134618.357079,-142189.561744,-1605.636209,13.074605,-1380.451873,-843830.842022,849.893052,-24802.151839,685.286660,1.372126,-5189.642106,-5544.167738,-5553.712424,348.790490,-14268.407115,-828.632564,-336.032210,-464.004151,-455.788298,16446.446561,-2382.726875,-981.490416,-378.974759,-276.791177,-23.086541,-378.026173,312.189451,-145.261923,-149.765482,-510.509996,2103.310687,-35.703793,-93.442601,-123.432622,-3773.141679,3353.058619,684.965773,592.875304,-110.745790,197.324608,-3139.102768,-1833.403029,810.903786,-289.550920,80.247258,875.280180,497.076862,82.745443,-519.895283,-74302.087181,179.235326,31.654941,0.000000,0.000000,0.000000,0.000000,0.000000,0.000000,0.000000,0.000000,0.000000,0.000000,0.000000,0.000000,0.000000,0.000000,0.000000,0.000000,0.000000,0.000000,0.000000,0.000000,0.000000
0.000000,0.000000,0.000000,0.000000,0.000000,0.000000,0.000000,0.000000,0.000000,0.000000,0.000000,0.000000,0.000000,0.000000,0.000000,0.000000,0.000000,0.000000,0.000000,0.000000,0.000000,0.000000,0.000000,-50.756144,246122.834816,246236.517756,245460.105478,15342.442438,51978.141924,-134811.847865,-78500.981066,-91102.759858,-217.236166,4826.866154,3520.422106,1919.127663,458.337560,1202.495333,7500.861548,61.940585,273.788841,136.925922,228.047150,6358.226886,-3112.487604,226975.520467,23105.136147,-4892.996588,-834.363834,782.626855,-2931.932078,7042.835967,-8357.835117,-112.062212,-378.021845,-13799.779563,-4431016.848493,-6186371.702262,-785060.085568,-735.174398,150.859179,-180.846302,-70.758630,-115.876164,-181.430431,-74.340307,2122.208398,237.564197,-687.203551,-1247.444789,-343.128316,828.626910,-966.666011,-1263.822983,-83.174717,-37.148505,-237.431105,-279.714751,11928.112908,1305.580317,0.000000,0.000000,0.000000,0.000000,0.000000,0.000000,0.000000,0.000000,0.000000,0.000000,0.000000,0.000000,0.000000,0.000000,0.000000,0.000000,0.000000,0.000000,0.000000,0.000000,0.000000,0.000000,0.000000
0.000000,0.000000,0.000000,0.000000,0.000000,0.000000,0.000000,0.000000,0.000000,0.000000,0.000000,0.000000,0.000000,0.000000,0.000000,0.000000,0.000000,0.000000,0.000000,0.000000,0.000000,0.000000,0.000000,0.000000,235465.554426,246132.992307,245556.894909,18475.894907,216133.553984,-18389.613095,215669.521854,-179.175055,-36129.714194,5921.741689,2498.131576,1594.172479,250.205433,115.981086,97.124355,142.568408,37.615200,174.775370,179.088780,32110.431365,4041.831225,845.292800,550.262756,317.058107,-2202.276812,-11775.751717,-5510.958383,40.986456,254489.344866,790593.753951,-241022.474240,-7322.684874,-264183204.514003,102753394.075859,341228827.819239,-6569.676136,71.528540,-278.466412,-97.747663,-549.206046,-117.077643,1370.163464,-75.524514,-212.262354,-306.355192,154.804200,-423.854028,46.944561,-371.758614,-325.345123,-1209.857691,-472.457224,-925.096199,367.527932,7068.379408,0.000000,0.000000,0.000000,0.000000,0.000000,0.000000,0.000000,0.000000,0.000000,0.000000,0.000000,0.000000,0.000000,0.000000,0.000000,0.000000,0.000000,0.000000,0.000000,0.000000,0.000000,0.000000,0.000000,0.000000
0.000000,0.000000,0.000000,0.000000,0.000000,0.000000,0.000000,0.000000,0.000000,0.000000,0.000000,0.000000,0.000000,0.000000,0.000000,0.000000,0.000000,0.000000,0.000000,0.000000,0.000000,0.000000,0.000000,0.000000,0.000000,0.000000,316.898285,-985.584533,-14922.460729,27631.526584,210.938719,-3081.709487,12186.149022,958.055659,190.886452,-2044.750968,3315.369950,430.266488,-362.306779,173.700255,1306.218501,-277.092925,-298.164602,-188.271414,-18.641723,-36.354099,-53.567194,-94.010529,-58.463903,-46.685508,-62.575909,-80.532256,27505.046335,-151832.521249,225080.437652,1234.529439,7507697.912378,4275809.691040,301590.751855,-466.109292,-8371.761645,-410.246125,-90.694897,-91.640773,-327.165249,1060.869170,1370.693568,808.125724,674.688244,620.017275,-130.329701,-439.955708,190.966132,980.240706,1491.027322,1277.457382,-8848.026677,0.000000,0.000000,0.000000,0.000000,0.000000,0.000000,0.000000,0.000000,0.000000,0.000000,0.000000,0.000000,0.000000,0.000000,0.000000,0.000000,0.000000,0.000000,0.000000,0.000000,0.000000,0.000000,0.000000,0.000000,0.000000,0.000000
0.000000,0.000000,0.000000,0.000000,0.000000,0.000000,0.000000,0.000000,0.000000,0.000000,0.000000,0.000000,0.000000,0.000000,0.000000,0.000000,0.000000,0.000000,0.000000,0.000000,0.000000,0.000000,0.000000,0.000000,0.000000,0.000000,0.000000,0.000000,454.793737,1106.568955,-1177.752484,23286.894425,23889.282039,-223.882651,13.462843,1122.981220,-263.333087,1535.114442,665.501971,-531.614733,515109.632240,814468.608707,161.421902,-441.814100,-7.721637,-220.085118,-52.509441,-473.987666,-233.112465,-87.566111,1889.406979,-357.528175,-209.950524,-383.504716,104.763199,736319.315578,126444.448329,87963.972741,12027.692800,1758.503880,-395.845639,-44.099420,4590.187313,109.678936,178.959722,-701.757026,-1001.914592,-794.631161,-51.615751,-601.401150,355.212521,-839.597803,-550.253461,-217.268011,-924.734466,0.000000,0.000000,0.000000,0.000000,0.000000,0.000000,0.000000,0.000000,0.000000,0.000000,0.000000,0.000000,0.000000,0.000000,0.000000,0.000000,0.000000,0.000000,0.000000,0.000000,0.000000,0.000000,0.000000,0.000000,0.000000,0.000000,0.000000,0.000000
0.000000,0.000000,0.000000,0.000000,0.000000,0.000000,0.000000,0.000000,0.000000,0.000000,0.000000,0.000000,0.000000,0.000000,0.000000,0.000000,0.000000,0.000000,0.000000,0.000000,0.000000,0.000000,0.000000,0.000000,0.000000,0.000000,0.000000,0.000000,0.000000,0.000000,-632.659665,-1277.473440,-199209.051498,-7685.347340,116.193215,159.521580,2971.630552,1423.168489,-3604.040093,-4964.305269,592820.862509,513793.006971,-2908.716775,-362.308011,-870.739537,-310.622400,58.162948,-113.714699,-399.892960,-1685.751750,64.491050,-279.198502,72.416662,-93.789084,-144.970597,-12076.178711,-45977.983280,-589564.053131,322455.603546,536.129434,248.009044,143.555268,99.520098,162.647683,3634.299930,-660.142556,204.612222,137.330706,-191.969152,-440.500743,-590.505921,514.650054,171.944497,0.000000,0.000000,0.000000,0.000000,0.000000,0.000000,0.000000,0.000000,0.000000,0.000000,0.000000,0.000000,0.000000,0.000000,0.000000,0.000000,0.000000,0.000000,0.000000,0.000000,0.000000,0.000000,0.000000,0.000000,0.000000,0.000000,0.000000,0.000000,0.000000,0.000000
0.000000,0.000000,0.000000,0.000000,0.000000,0.000000,0.000000,0.000000,0.000000,0.000000,0.000000,0.000000,0.000000,0.000000,0.000000,0.000000,0.000000,0.000000,0.000000,0.000000,0.000000,0.000000,0.000000,0.000000,0.000000,0.000000,0.000000,0.000000,0.000000,0.000000,0.000000,0.000000,-3528.241054,-2764.163463,313.166326,311.258483,56.614333,76.883635,-192.299386,9073.107110,-34832.287219,354809.271815,-3525.353967,1201.861550,-767.525132,271.792744,-11846.528152,-46.003155,-763.845609,363.701417,-299.840510,8517.137657,418.824790,65.537513,11919.320151,-2890.399451,-270.940159,-323.973219,-290.618742,305.296538,1736.408841,801.866294,110.638266,242.887140,5.591654,2255.861269,244.409053,53716.209136,-1843.451877,17.378199,-1237.577142,0.000000,0.000000,0.000000,0.000000,0.000000,0.000000,0.000000,0.000000,0.000000,0.000000,0.000000,0.000000,0.000000,0.000000,0.000000,0.000000,0.000000,0.000000,0.000000,0.000000,0.000000,0.000000,0.000000,0.000000,0.000000,0.000000,0.000000,0.000000,0.000000,0.000000,0.000000,0.000000
0.000000,0.000000,0.000000,0.000000,0.000000,0.000000,0.000000,0.000000,0.000000,0.000000,0.000000,0.000000,0.000000,0.000000,0.000000,0.000000,0.000000,0.000000,0.000000,0.000000,0.000000,0.000000,0.000000,0.000000,0.000000,0.000000,0.000000,0.000000,0.000000,0.000000,0.000000,0.000000,0.000000,0.000000,-23.786864,32.786478,142.601004,-29840.753099,-1391.087330,24386.121724,637.542909,16441.346833,-167.270707,66.029755,-1363.694215,-8210.488651,-6328.433448,2214.413070,4627022.546424,4478942.245018,2858750.663593,95655.691485,76959.232768,8864.924441,-6071.797687,-339.701832,-325.031235,33944.624439,-77515.131040,9393.744491,-12038.371801,150.525329,72.589088,23.265537,-100.400530,-6003.494102,113.277238,2440.256998,8371.147598,0.000000,0.000000,0.000000,0.000000,0.000000,0.000000,0.000000,0.000000,0.000000,0.000000,0.000000,0.000000,0.000000,0.000000,0.000000,0.000000,0.000000,0.000000,0.000000,0.000000,0.000000,0.000000,0.000000,0.000000,0.000000,0.000000,0.000000,0.000000,0.000000,0.000000,0.000000,0.000000,0.000000,0.000000
0.000000,0.000000,0.000000,0.000000,0.000000,0.000000,0.000000,0.000000,0.000000,0.000000,0.000000,0.000000,0.000000,0.000000,0.000000,0.000000,0.000000,0.000000,0.000000,0.000000,0.000000,0.000000,0.000000,0.000000,0.000000,0.000000,0.000000,0.000000,0.000000,0.000000,0.000000,0.000000,0.000000,0.000000,0.000000,0.000000,0.000000,-58466.695949,16361.755446,-17258.206678,-987.802075,-3371.825337,-54.894425,1313.827219,349.534179,-17734.110833,2715.120115,1823.309930,4494464.626879,4392386.547154,3823068.405858,78451.247221,64926.603094,3611.372135,10597.499794,-9434.825545,-1713.434742,9193.196473,-136205.621359,-753.732501,-1276.416407,61.500800,139.357848,46.724623,120.821495,68.462981,0.000000,0.000000,0.000000,0.000000,0.000000,0.000000,0.000000,0.000000,0.000000,0.000000,0.000000,0.000000,0.000000,0.000000,0.000000,0.000000,0.000000,0.000000,0.000000,0.000000,0.000000,0.000000,0.000000,0.000000,0.000000,0.000000,0.000000,0.000000,0.000000,0.000000,0.000000,0.000000,0.000000,0.000000,0.000000,0.000000,0.000000
0.000000,0.000000,0.000000,0.000000,0.000000,0.000000,0.000000,0.000000,0.000000,0.000000,0.000000,0.000000,0.000000,0.000000,0.000000,0.000000,0.000000,0.000000,0.000000,0.000000,0.000000,0.000000,0.000000,0.000000,0.000000,0.000000,0.000000,0.000000,0.000000,0.000000,0.000000,0.000000,0.000000,0.000000,0.000000,0.000000,0.000000,0.000000,0.000000,0.000000,0.000000,0.000000,-158.576488,-2033.027863,4331.238619,-1213.169538,548.368069,1762.745860,4372912.237882,4413201.574265,4220525.806269,68286.213624,55897.720059,2831.006061,447.346402,1975.586282,-921.787528,-3351.254670,827.459139,981.918169,218.256708,0.000000,0.000000,0.000000,0.000000,0.000000,0.000000,0.000000,0.000000,0.000000,0.000000,0.000000,0.000000,0.000000,0.000000,0.000000,0.000000,0.000000,0.000000,0.000000,0.000000,0.000000,0.000000,0.000000,0.000000,0.000000,0.000000,0.000000,0.000000,0.000000,0.000000,0.000000,0.000000,0.000000,0.000000,0.000000,0.000000,0.000000,0.000000,0.000000,0.000000,0.000000,0.000000
0.000000,0.000000,0.000000,0.000000,0.000000,0.000000,0.000000,0.000000,0.000000,0.000000,0.000000,0.000000,0.000000,0.000000,0.000000,0.000000,0.000000,0.000000,0.000000,0.000000,0.000000,0.000000,0.000000,0.000000,0.000000,0.000000,0.000000,0.000000,0.000000,0.000000,0.000000,0.000000,0.000000,0.000000,0.000000,0.000000,0.000000,0.000000,0.000000,0.000000,0.000000,0.000000,0.000000,0.000000,0.000000,0.000000,0.000000,0.000000,0.000000,0.000000,0.000000,520.488050,0.000000,0.000000,0.000000,0.000000,0.000000,0.000000,0.000000,0.000000,0.000000,0.000000,0.000000,0.000000,0.000000,0.000000,0.000000,0.000000,0.000000,0.000000,0.000000,0.000000,0.000000,0.000000,0.000000,0.000000,0.000000,0.000000,0.000000,0.000000,0.000000,0.000000,0.000000,0.000000,0.000000,0.000000,0.000000,0.000000,0.000000,0.000000,0.000000,0.000000,0.000000,0.000000,0.000000,0.000000,0.000000,0.000000,0.000000,0.000000,0.000000,0.000000,0.000000
0.000000,0.000000,0.000000,0.000000,0.000000,0.000000,0.000000,0.000000,0.000000,0.000000,0.000000,0.000000,0.000000,0.000000,0.000000,0.000000,0.000000,0.000000,0.000000,0.000000,0.000000,0.000000,0.000000,0.000000,0.000000,0.000000,0.000000,0.000000,0.000000,0.000000,0.000000,0.000000,0.000000,0.000000,0.000000,0.000000,0.000000,0.000000,0.000000,0.000000,0.000000,0.000000,0.000000,0.000000,0.000000,0.000000,0.000000,0.000000,0.000000,0.000000,0.000000,0.000000,0.000000,0.000000,0.000000,0.000000,0.000000,0.000000,0.000000,0.000000,0.000000,0.000000,0.000000,0.000000,0.000000,0.000000,0.000000,0.000000,0.000000,0.000000,0.000000,0.000000,0.000000,0.000000,0.000000,0.000000,0.000000,0.000000,0.000000,0.000000,0.000000,0.000000,0.000000,0.000000,0.000000,0.000000,0.000000,0.000000,0.000000,0.000000,0.000000,0.000000,0.000000,0.000000,0.000000,0.000000,0.000000,0.000000,0.000000,0.000000,0.000000,0.000000,0.000000
