0.000000,0.000000,0.000000,0.000000,0.000000,0.000000,0.000000,0.000000,0.000000,0.000000,0.000000,0.000000,0.000000,0.000000,0.000000,0.000000,0.000000,0.000000,0.000000,0.000000,0.000000,0.000000,0.000000,0.000000,0.000000,0.000000,0.000000,0.000000,0.000000,0.000000,0.000000,0.000000,0.000000,0.000000,0.000000,0.000000,0.000000,0.000000,0.000000,0.000000,0.000000,0.000000,0.000000,0.000000,0.000000,0.000000,0.000000,0.000000,0.000000,0.000000,0.000000,0.000000,0.000000,0.000000,0.000000,0.000000,0.000000,0.000000,0.000000,0.000000,0.000000,0.000000,0.000000,0.000000,0.000000,0.000000,0.000000,0.000000,0.000000,0.000000,0.000000,0.000000,0.000000,0.000000,0.000000,0.000000,0.000000,0.000000,0.000000,0.000000,0.000000,0.000000,0.000000,0.000000,0.000000,0.000000,0.000000,0.000000,0.000000,0.000000,0.000000,0.000000,0.000000,0.000000,0.000000,0.000000,0.000000,0.000000,0.000000,0.000000,0.000000,0.000000,0.000000
0.000000,0.000000,0.000000,0.000000,0.000000,0.000000,0.000000,0.000000,0.000000,0.000000,0.000000,0.000000,0.000000,0.000000,0.000000,0.000000,0.000000,0.000000,0.000000,0.000000,0.000000,0.000000,0.000000,0.000000,0.000000,0.000000,0.000000,0.000000,0.000000,0.000000,0.000000,0.000000,0.000000,0.000000,0.000000,0.000000,0.000000,0.000000,0.000000,0.000000,0.000000,0.000000,0.000000,0.000000,0.000000,0.000000,0.000000,0.000000,0.000000,0.000000,0.000000,0.000000,0.000000,0.000000,0.000000,0.000000,0.000000,0.000000,0.000000,0.000000,0.000000,0.000000,0.000000,0.000000,0.000000,0.000000,0.000000,0.000000,0.000000,0.000000,0.000000,0.000000,0.000000,0.000000,0.000000,0.000000,0.000000,0.000000,0.000000,0.000000,0.000000,0.000000,0.000000,0.000000,0.000000,0.000000,0.000000,0.000000,0.000000,0.000000,0.000000,0.000000,0.000000,0.000000,0.000000,0.000000,0.000000,0.000000,0.000000,0.000000,0.000000,0.000000,0.000000
0.000000,0.000000,0.000000,0.000000,0.000000,0.000000,0.000000,0.000000,0.000000,0.000000,0.000000,0.000000,0.000000,0.000000,0.000000,0.000000,0.000000,0.000000,0.000000,0.000000,0.000000,0.000000,0.000000,0.000000,0.000000,0.000000,0.000000,0.000000,0.000000,0.000000,0.000000,0.000000,0.000000,0.000000,0.000000,0.000000,0.000000,0.000000,0.000000,0.000000,0.000000,0.000000,-527035.044077,-520569.903901,-515645.503165,-511689.258267,-507639.866853,-504642.626701,-501984.571436,-499442.911375,-499341.306024,-502382.940328,-506312.915088,-509054.049418,-510232.744781,-510036.017993,-510523.853767,-513364.899696,-515863.302308,-516327.758793,-519255.741988,0.000000,0.000000,0.000000,0.000000,0.000000,0.000000,0.000000,0.000000,0.000000,0.000000,0.000000,0.000000,0.000000,0.000000,0.000000,0.000000,0.000000,0.000000,0.000000,0.000000,0.000000,0.000000,0.000000,0.000000,0.000000,0.000000,0.000000,0.000000,0.000000,0.000000,0.000000,0.000000,0.000000,0.000000,0.000000,0.000000,0.000000,0.000000,0.000000,0.000000,0.000000,0.000000
0.000000,0.000000,0.000000,0.000000,0.000000,0.000000,0.000000,0.000000,0.000000,0.000000,0.000000,0.000000,0.000000,0.000000,0.000000,0.000000,0.000000,0.000000,0.000000,0.000000,0.000000,0.000000,0.000000,0.000000,0.000000,0.000000,0.000000,0.000000,0.000000,0.000000,0.000000,0.000000,0.000000,0.000000,0.000000,0.000000,0.000000,0.000000,-530302.168053,-525526.100854,-520805.872150,-516316.943590,-513139.062625,-508831.725228,-503169.057189,-498548.606375,-494755.050152,-491918.936452,-489295.468507,-486785.383487,-486287.382350,-487758.373733,-490661.187807,-494180.892226,-496062.450827,-497394.319021,-499489.060012,-501602.358619,-503826.063724,-505858.446226,-508422.937590,-513256.069141,-517837.788867,-519865.452863,-522202.584482,0.000000,0.000000,0.000000,0.000000,0.000000,0.000000,0.000000,0.000000,0.000000,0.000000,0.000000,0.000000,0.000000,0.000000,0.000000,0.000000,0.000000,0.000000,0.000000,0.000000,0.000000,0.000000,0.000000,0.000000,0.000000,0.000000,0.000000,0.000000,0.000000,0.000000,0.000000,0.000000,0.000000,0.000000,0.000000,0.000000,0.000000,0.000000
0.000000,0.000000,0.000000,0.000000,0.000000,0.000000,0.000000,0.000000,0.000000,0.000000,0.000000,0.000000,0.000000,0.000000,0.000000,0.000000,0.000000,0.000000,0.000000,0.000000,0.000000,0.000000,0.000000,0.000000,0.000000,0.000000,0.000000,0.000000,0.000000,0.000000,0.000000,0.000000,0.000000,0.000000,-523641.396834,-521399.349825,-519994.321834,-518407.590115,-515953.939455,-512488.459303,-508426.450461,-505013.851163,-502436.789736,-497706.505554,-491174.945910,-486411.793215,-482678.223259,-478565.194531,-475242.615033,-472258.836036,-469735.171105,-469532.420982,-472437.621945,-476770.188516,-480356.867023,-483529.301798,-486684.357514,-489626.758761,-492916.628711,-496432.624042,-500035.698878,-503611.464560,-506184.159138,-507529.004341,-508461.070460,-510650.638754,-512463.995841,-513418.549887,-516890.666812,0.000000,0.000000,0.000000,0.000000,0.000000,0.000000,0.000000,0.000000,0.000000,0.000000,0.000000,0.000000,0.000000,0.000000,0.000000,0.000000,0.000000,0.000000,0.000000,0.000000,0.000000,0.000000,0.000000,0.000000,0.000000,0.000000,0.000000,0.000000,0.000000,0.000000,0.000000,0.000000,0.000000,0.000000
0.000000,0.000000,0.000000,0.000000,0.000000,0.000000,0.000000,0.000000,0.000000,0.000000,0.000000,0.000000,0.000000,0.000000,0.000000,0.000000,0.000000,0.000000,0.000000,0.000000,0.000000,0.000000,0.000000,0.000000,0.000000,0.000000,0.000000,0.000000,0.000000,0.000000,0.000000,0.000000,-524551.542863,-517588.582959,-512674.840935,-509084.752876,-506394.044796,-504751.363374,-502984.346605,-500287.540050,-497080.422789,-494947.421977,-491561.695334,-485495.318712,-478586.327125,-471655.990473,-465288.431697,-459359.121943,-453291.927623,-447454.429790,-443972.499199,-442771.929746,-444264.503178,-448946.576218,-454825.262080,-461243.470597,-467584.068860,-473767.902231,-479710.628685,-485240.347480,-490549.672730,-494487.119166,-496931.937457,-498701.090764,-499420.976944,-499582.565352,-500025.378310,-501572.885185,-505177.462393,-510886.734689,-517825.680456,0.000000,0.000000,0.000000,0.000000,0.000000,0.000000,0.000000,0.000000,0.000000,0.000000,0.000000,0.000000,0.000000,0.000000,0.000000,0.000000,0.000000,0.000000,0.000000,0.000000,0.000000,0.000000,0.000000,0.000000,0.000000,0.000000,0.000000,0.000000,0.000000,0.000000,0.000000,0.000000
0.000000,0.000000,0.000000,0.000000,0.000000,0.000000,0.000000,0.000000,0.000000,0.000000,0.000000,0.000000,0.000000,0.000000,0.000000,0.000000,0.000000,0.000000,0.000000,0.000000,0.000000,0.000000,0.000000,0.000000,0.000000,0.000000,0.000000,0.000000,0.000000,0.000000,-521213.517814,-515336.724208,-510293.586507,-505714.379958,-502077.814433,-498460.914384,-494925.339169,-491565.484366,-489154.385188,-487394.829163,-484830.251286,-482642.667799,-479052.970524,-471603.690963,-461751.633647,-449682.714328,-437865.961433,-428586.074535,-417340.360458,-406652.731390,-401524.878488,-398756.267042,-400137.575557,-407436.971207,-416628.978169,-427916.033555,-439447.637048,-448889.443992,-459032.986546,-469264.589016,-477353.897371,-482648.032460,-486164.455581,-489252.117219,-491030.151896,-491320.843526,-491262.783959,-492503.733363,-495770.694392,-500104.549111,-505148.722342,-511580.440898,-519513.360528,0.000000,0.000000,0.000000,0.000000,0.000000,0.000000,0.000000,0.000000,0.000000,0.000000,0.000000,0.000000,0.000000,0.000000,0.000000,0.000000,0.000000,0.000000,0.000000,0.000000,0.000000,0.000000,0.000000,0.000000,0.000000,0.000000,0.000000,0.000000,0.000000,0.000000
0.000000,0.000000,0.000000,0.000000,0.000000,0.000000,0.000000,0.000000,0.000000,0.000000,0.000000,0.000000,0.000000,0.000000,0.000000,0.000000,0.000000,0.000000,0.000000,0.000000,0.000000,0.000000,0.000000,0.000000,0.000000,0.000000,0.000000,0.000000,-516369.975064,-511826.385989,-507234.044474,-502598.238070,-498591.057154,-494629.423155,-490618.186957,-486516.145086,-481447.417798,-476450.719274,-474242.867549,-472176.286350,-469073.445856,-466895.395538,-462026.167386,-452033.820975,-435985.781815,-416716.894310,-398517.313872,-378776.148984,-361181.816811,-348286.397311,-335453.898429,-327891.290210,-332322.613212,-346144.785821,-364001.657942,-382074.156151,-398292.397965,-413800.513170,-429459.610103,-443679.629038,-455845.501207,-465715.130538,-472630.804909,-477102.771983,-480023.123864,-481347.397948,-482170.838992,-483825.340664,-486446.857182,-490203.594496,-494638.849595,-500395.291431,-507490.719989,-513045.044525,-518187.419802,0.000000,0.000000,0.000000,0.000000,0.000000,0.000000,0.000000,0.000000,0.000000,0.000000,0.000000,0.000000,0.000000,0.000000,0.000000,0.000000,0.000000,0.000000,0.000000,0.000000,0.000000,0.000000,0.000000,0.000000,0.000000,0.000000,0.000000,0.000000
0.000000,0.000000,0.000000,0.000000,0.000000,0.000000,0.000000,0.000000,0.000000,0.000000,0.000000,0.000000,0.000000,0.000000,0.000000,0.000000,0.000000,0.000000,0.000000,0.000000,0.000000,0.000000,0.000000,0.000000,0.000000,0.000000,-517941.449501,-511280.172540,-504861.661800,-500490.144700,-496577.789754,-491799.782950,-486616.264690,-481089.966134,-475798.869062,-469425.604229,-462322.795217,-457605.052811,-452975.891956,-447614.895184,-445982.288983,-444013.958141,-436965.971139,-423000.178920,-399261.403569,-368721.383096,-337027.624447,-307372.365638,-281898.711320,-261566.394671,-243981.784758,-232095.423097,-236002.992229,-260275.400533,-290649.037660,-314173.075366,-337527.098215,-363506.694658,-387240.153628,-406828.345481,-423880.288179,-438512.589649,-450628.686018,-461062.831077,-467059.954580,-468773.418050,-469898.862712,-472468.388255,-475704.916115,-478802.875412,-483224.609601,-490414.425398,-498118.161550,-503659.046320,-507247.468848,-511120.915831,-518460.030598,0.000000,0.000000,0.000000,0.000000,0.000000,0.000000,0.000000,0.000000,0.000000,0.000000,0.000000,0.000000,0.000000,0.000000,0.000000,0.000000,0.000000,0.000000,0.000000,0.000000,0.000000,0.000000,0.000000,0.000000,0.000000,0.000000
0.000000,0.000000,0.000000,0.000000,0.000000,0.000000,0.000000,0.000000,0.000000,0.000000,0.000000,0.000000,0.000000,0.000000,0.000000,0.000000,0.000000,0.000000,0.000000,0.000000,0.000000,0.000000,0.000000,0.000000,-521850.244036,-513906.231664,-508077.937619,-501916.971905,-496918.718483,-492475.184253,-486971.938051,-480688.188624,-473006.773682,-464093.340024,-454413.600239,-444568.289141,-434620.267073,-425856.778187,-418763.409999,-411087.050046,-407138.790587,-407928.406860,-402071.373296,-382228.657291,-351520.760770,-306914.517866,-255787.961495,-217704.962214,-184631.492221,-157860.174817,-139806.048520,-122386.147313,-128331.634731,-159283.547517,-192878.078819,-221366.883933,-249473.815534,-285428.166840,-323197.057880,-353424.697936,-376723.366921,-398349.173927,-417764.486945,-433504.035227,-446621.638268,-452597.863359,-452298.241157,-453429.560602,-458327.891067,-463197.332129,-468104.577371,-476374.795585,-486166.615671,-493497.590362,-497120.451163,-500088.183627,-505865.063571,-513825.939099,-522409.829856,0.000000,0.000000,0.000000,0.000000,0.000000,0.000000,0.000000,0.000000,0.000000,0.000000,0.000000,0.000000,0.000000,0.000000,0.000000,0.000000,0.000000,0.000000,0.000000,0.000000,0.000000,0.000000,0.000000,0.000000
0.000000,0.000000,0.000000,0.000000,0.000000,0.000000,0.000000,0.000000,0.000000,0.000000,0.000000,0.000000,0.000000,0.000000,0.000000,0.000000,0.000000,0.000000,0.000000,0.000000,0.000000,0.000000,0.000000,-516058.944024,-509296.432947,-504540.554818,-500322.719913,-495274.377111,-490108.375702,-484295.121082,-477014.023105,-468145.479668,-455565.182960,-439103.929002,-424223.148319,-409544.944121,-392050.830489,-376512.592356,-366852.893072,-359133.930047,-355932.310682,-360024.522154,-353354.761035,-327874.908485,-285652.722139,-231497.039122,-174530.352907,-122728.530159,-86743.705576,-63559.525172,-41722.826256,-23325.763353,-30028.137630,-58775.937953,-87417.768614,-112053.742952,-139210.913164,-182684.247343,-237849.528302,-283172.149128,-314992.349278,-345216.184898,-371801.320713,-394156.241397,-413951.476209,-423793.499221,-424660.937780,-423797.673796,-426613.013582,-434863.615079,-445455.466817,-456823.594123,-469078.164026,-478582.214126,-484898.180056,-490148.725081,-496655.647204,-504423.951084,-512588.688241,-521909.144966,0.000000,0.000000,0.000000,0.000000,0.000000,0.000000,0.000000,0.000000,0.000000,0.000000,0.000000,0.000000,0.000000,0.000000,0.000000,0.000000,0.000000,0.000000,0.000000,0.000000,0.000000,0.000000,0.000000
0.000000,0.000000,0.000000,0.000000,0.000000,0.000000,0.000000,0.000000,0.000000,0.000000,0.000000,0.000000,0.000000,0.000000,0.000000,0.000000,0.000000,0.000000,0.000000,0.000000,0.000000,0.000000,-509995.767869,-503265.606087,-499289.075244,-496356.669850,-492144.987457,-487220.280583,-481410.345498,-473658.932449,-463818.858111,-448836.626676,-426730.303845,-402741.904906,-378998.037962,-353576.612173,-326723.281603,-306764.163344,-297446.919382,-295383.177422,-302050.564021,-303822.133630,-286336.913458,-251748.489061,-199453.089673,-141161.100913,-90684.500471,-43309.787961,-8717.943188,17617.771149,42650.359141,57566.580950,57863.925398,35363.491552,10073.678817,-5892.099864,-29654.563364,-75200.050800,-138776.362640,-198264.307117,-248670.142797,-285944.752219,-312167.016262,-343078.294333,-368960.763533,-380540.524868,-379387.429351,-373261.745986,-376737.709097,-389984.127821,-407384.040912,-427361.288485,-445632.130180,-459644.788657,-470303.128719,-478580.846266,-487008.609511,-496510.604142,-504462.814423,-509828.599473,-516610.905038,0.000000,0.000000,0.000000,0.000000,0.000000,0.000000,0.000000,0.000000,0.000000,0.000000,0.000000,0.000000,0.000000,0.000000,0.000000,0.000000,0.000000,0.000000,0.000000,0.000000,0.000000,0.000000
0.000000,0.000000,0.000000,0.000000,0.000000,0.000000,0.000000,0.000000,0.000000,0.000000,0.000000,0.000000,0.000000,0.000000,0.000000,0.000000,0.000000,0.000000,0.000000,0.000000,-515883.255392,-507048.422678,-499318.590741,-493193.043603,-489398.381753,-485778.777326,-480542.142945,-474670.371415,-467585.444053,-457389.629805,-442906.026107,-420274.437294,-387787.127676,-349422.598734,-309584.522121,-272809.793683,-236274.992811,-209983.402340,-209424.456546,-221928.326525,-231955.244581,-229977.725152,-201541.069801,-151059.714154,-98939.440588,-46715.442747,-3692.402235,26471.255103,57329.630906,87041.491205,113792.729797,132653.439966,134386.724269,120487.903709,100130.568336,81502.030045,61225.738311,20517.893340,-41332.982314,-110308.250181,-172613.775235,-217861.891998,-250384.984764,-280042.417968,-309285.612574,-323249.974350,-315785.815224,-303033.706257,-304410.538618,-323606.481353,-353852.718261,-385258.775888,-410550.051656,-431512.989472,-449614.654102,-464074.254884,-475234.385322,-485214.018479,-493717.968619,-499517.831929,-504804.918936,-511911.846913,-520621.163107,0.000000,0.000000,0.000000,0.000000,0.000000,0.000000,0.000000,0.000000,0.000000,0.000000,0.000000,0.000000,0.000000,0.000000,0.000000,0.000000,0.000000,0.000000,0.000000,0.000000
0.000000,0.000000,0.000000,0.000000,0.000000,0.000000,0.000000,0.000000,0.000000,0.000000,0.000000,0.000000,0.000000,0.000000,0.000000,0.000000,0.000000,0.000000,0.000000,-511941.702226,-504119.920556,-497402.961260,-490413.338403,-482836.973948,-476070.051448,-469677.948926,-462752.384444,-455723.711268,-445307.735090,-431070.359017,-413799.578131,-387247.823491,-343362.310599,-285749.119368,-231507.136162,-181569.130530,-133388.194324,-103697.695687,-102931.098553,-120621.500243,-131949.133970,-125313.034476,-94762.494805,-43815.837542,4212.872187,41287.432316,70825.367207,96631.169434,123878.722924,149670.303977,172653.356752,189811.701138,192699.077500,184435.747996,169534.639303,151149.490740,129831.715104,95765.715754,39573.641164,-30160.373467,-90590.203021,-137951.589391,-175648.544720,-205954.779686,-233600.649112,-245383.003950,-236648.458528,-222322.911543,-219161.700675,-243913.870901,-288569.979118,-329379.474660,-362438.823973,-391032.194237,-415902.157760,-439494.563409,-457775.155933,-469638.975462,-479730.116467,-487449.542119,-494008.247182,-501347.401739,-508492.005059,-517663.390557,0.000000,0.000000,0.000000,0.000000,0.000000,0.000000,0.000000,0.000000,0.000000,0.000000,0.000000,0.000000,0.000000,0.000000,0.000000,0.000000,0.000000,0.000000,0.000000
0.000000,0.000000,0.000000,0.000000,0.000000,0.000000,0.000000,0.000000,0.000000,0.000000,0.000000,0.000000,0.000000,0.000000,0.000000,0.000000,0.000000,0.000000,-509335.873517,-500852.751297,-494256.628764,-488210.768302,-479524.421071,-468652.365162,-457601.335969,-446899.487250,-436454.863263,-422654.671595,-407174.249691,-392799.042866,-373124.643340,-341705.295062,-293663.474026,-229557.774263,-162110.717328,-100756.227000,-49094.352854,-13487.412889,-168.142411,-5954.502773,-13345.534248,-4583.431608,21080.036304,54220.835562,88757.184101,113883.013945,132262.373735,155782.213931,178934.102385,199033.115928,214396.888926,223327.130586,227209.742839,223474.733293,213502.458949,198951.981709,179603.216757,150144.953335,104828.426407,48195.520584,-9386.602022,-52360.664429,-80159.776378,-112452.044180,-139820.759390,-147937.474393,-141626.576551,-126792.331539,-130017.529927,-161581.137470,-207803.050367,-256141.532100,-296292.309620,-331823.082425,-368723.381261,-402627.351603,-429456.788207,-448973.951790,-462229.579451,-472366.114328,-481555.980867,-490182.057887,-497209.521848,-504494.001927,-514262.706123,0.000000,0.000000,0.000000,0.000000,0.000000,0.000000,0.000000,0.000000,0.000000,0.000000,0.000000,0.000000,0.000000,0.000000,0.000000,0.000000,0.000000,0.000000
0.000000,0.000000,0.000000,0.000000,0.000000,0.000000,0.000000,0.000000,0.000000,0.000000,0.000000,0.000000,0.000000,0.000000,0.000000,0.000000,0.000000,-508898.836359,-499792.041201,-491772.113505,-484205.561663,-476148.922539,-463964.373017,-447901.551912,-430534.978224,-412467.112742,-391985.939261,-368169.386067,-346353.807884,-329365.311992,-309278.005901,-276842.691018,-229485.606671,-168122.205922,-97497.648143,-37905.185006,9412.122992,53660.829284,78729.338216,86511.971294,89778.833920,96709.618671,113690.979673,133984.306011,152543.844328,168306.966599,183035.396679,199795.023606,216607.493673,229880.781661,238877.868862,243908.324065,245467.647904,244659.720436,239162.084127,228539.016036,214669.776232,191972.894174,158359.184972,117269.910995,74821.199088,40785.834739,15910.866937,-11019.156213,-33305.870627,-40219.182451,-35873.218075,-26566.487523,-33094.262436,-65007.796253,-112536.226544,-164185.709582,-210051.738768,-255690.919649,-309661.789180,-358391.062846,-393324.801479,-419346.296081,-439421.421076,-454964.984935,-466817.087153,-477338.098258,-485964.738755,-494192.807826,-503678.216235,-515000.604826,0.000000,0.000000,0.000000,0.000000,0.000000,0.000000,0.000000,0.000000,0.000000,0.000000,0.000000,0.000000,0.000000,0.000000,0.000000,0.000000,0.000000
0.000000,0.000000,0.000000,0.000000,0.000000,0.000000,0.000000,0.000000,0.000000,0.000000,0.000000,0.000000,0.000000,0.000000,0.000000,0.000000,-510486.172351,-500337.912201,-491941.886132,-482305.247681,-471638.375968,-457924.088716,-439024.194154,-415978.707062,-388998.832328,-360481.425045,-326662.322131,-289893.880568,-260505.126745,-239670.778098,-221674.952725,-192965.590799,-148919.172801,-95839.481997,-35538.438217,21270.243890,65852.399931,106677.570259,136620.417427,151219.888447,159082.585482,165120.712549,175067.964149,188418.068863,200680.348253,209888.444872,219411.148630,230728.255437,240812.766045,247896.080113,253293.209559,257178.818584,258340.428740,256366.236619,252489.921242,246658.871038,236901.356160,222446.784963,200771.210929,172684.414579,145383.781075,122230.402611,100171.751947,80369.805039,65994.298983,60525.776054,63538.371196,64691.170663,53881.733802,24306.498304,-20195.845307,-68351.174092,-125476.622900,-188516.810697,-247829.430666,-307304.478103,-352668.250123,-381380.747549,-407122.458220,-430587.115033,-449371.497093,-463785.715573,-475503.438877,-485267.605779,-495246.903745,-505547.547921,-516767.454440,0.000000,0.000000,0.000000,0.000000,0.000000,0.000000,0.000000,0.000000,0.000000,0.000000,0.000000,0.000000,0.000000,0.000000,0.000000,0.000000
0.000000,0.000000,0.000000,0.000000,0.000000,0.000000,0.000000,0.000000,0.000000,0.000000,0.000000,0.000000,0.000000,0.000000,0.000000,-509064.071740,-500845.285865,-492501.826056,-482343.393914,-469852.109223,-453110.502459,-431151.637165,-404099.564030,-370816.362396,-331612.600240,-291409.472931,-246039.298770,-195220.357644,-159507.124271,-143111.599235,-121682.828383,-91999.568370,-64466.685890,-24323.027896,30880.479092,82325.283538,122606.108716,155769.709105,181771.681539,195689.937682,202405.210023,208736.918022,215498.806799,222810.606883,230811.291523,237776.944375,243403.168906,249722.385437,254807.178570,258336.481924,262314.052456,264997.687227,265183.310125,263427.470112,260920.610624,257483.689486,251359.809097,242039.635622,229932.832161,213860.704880,194959.858465,179071.624021,165894.505034,152504.226700,142588.003021,139326.170124,138815.717338,135309.292307,118527.223522,87836.449659,49263.443707,-2179.662760,-64862.761235,-130966.986937,-194012.838875,-252130.600079,-297534.578457,-328850.746214,-361194.554019,-396213.983750,-425808.614120,-448638.279300,-465384.932971,-477514.093727,-487339.752306,-496694.119030,-505830.288077,-514844.617684,0.000000,0.000000,0.000000,0.000000,0.000000,0.000000,0.000000,0.000000,0.000000,0.000000,0.000000,0.000000,0.000000,0.000000,0.000000
0.000000,0.000000,0.000000,0.000000,0.000000,0.000000,0.000000,0.000000,0.000000,0.000000,0.000000,0.000000,0.000000,0.000000,-506014.147563,-498849.488171,-491862.405190,-482655.330161,-470660.111470,-453448.452687,-429355.773063,-397742.508850,-357568.065877,-308891.099125,-255722.888708,-203102.401194,-151962.249391,-99120.983597,-60056.149134,-40609.156828,-18207.165519,7935.063911,27177.224271,53272.769184,96789.795221,138658.455332,170370.483948,196447.715109,214705.141778,224164.303046,229446.135754,235276.290347,240611.273360,244873.957390,249064.551179,253625.725310,257231.446717,260152.488547,262825.432648,265552.490284,268079.530919,268937.955590,268335.523565,267254.153972,266134.933115,264633.852181,261523.422573,255870.051335,247887.627521,238948.943816,228757.463103,218535.664965,209696.443631,201389.279039,195808.783906,193424.519860,190117.438460,182919.430136,166696.451082,139219.883725,100523.867042,44060.879188,-16379.963452,-70678.775689,-127460.823585,-181917.861685,-225181.963422,-259714.142165,-301277.617698,-350952.356960,-396256.297725,-430309.941292,-453130.025914,-468622.053525,-479268.256811,-487966.459095,-496459.228417,-504543.362475,-513579.782195,0.000000,0.000000,0.000000,0.000000,0.000000,0.000000,0.000000,0.000000,0.000000,0.000000,0.000000,0.000000,0.000000,0.000000
0.000000,0.000000,0.000000,0.000000,0.000000,0.000000,0.000000,0.000000,0.000000,0.000000,0.000000,0.000000,0.000000,-505468.922515,-497186.834935,-490553.223178,-482891.528219,-472543.702423,-457435.345284,-433827.625903,-399428.143618,-355144.747973,-298369.589218,-230107.262389,-160637.515145,-101048.078788,-50376.858120,-3495.393773,29537.313171,51218.077800,73047.687478,94784.089394,112083.145415,128761.194156,155570.346665,185489.431018,207114.814674,223334.763056,235160.239815,241880.199613,246760.186887,250347.654419,253693.363790,257157.448915,260129.462661,262647.398243,264425.843652,266029.903173,267609.585421,269537.741486,271147.807259,271370.748452,270761.327214,269949.736450,269103.678298,268038.174803,266809.434975,264271.830454,259532.043588,254466.297700,249264.862845,243219.143294,237448.166482,232566.476367,228779.722458,225845.800932,222797.367193,216676.663069,203632.866019,180612.603569,146745.176830,100145.962048,45515.689447,-1004.182257,-42359.336172,-96822.077377,-152690.940013,-198232.059343,-248783.996543,-307979.680121,-365047.017583,-408821.390716,-437563.672385,-456084.594300,-468588.527675,-478107.048739,-486239.736880,-495119.271056,-504249.502924,-514325.815697,0.000000,0.000000,0.000000,0.000000,0.000000,0.000000,0.000000,0.000000,0.000000,0.000000,0.000000,0.000000,0.000000
0.000000,0.000000,0.000000,0.000000,0.000000,0.000000,0.000000,0.000000,0.000000,0.000000,0.000000,0.000000,-510531.158211,-499961.921725,-491624.165490,-484516.627921,-475164.830391,-461762.649834,-440665.651366,-407995.717579,-363270.440055,-303365.586356,-229006.190135,-146213.314176,-67712.325563,-8934.457012,36206.177414,77575.407034,103539.984100,118452.386765,140910.183857,161390.083427,172664.046976,185470.598026,202919.801282,219221.826637,231257.556476,241194.865886,248814.596296,253650.197504,257210.964387,259034.277852,260550.613735,263064.971909,265341.124597,267070.475816,268230.491559,269257.333866,270568.983089,272125.820638,272997.079491,272845.642420,272225.363034,271626.612549,271304.267957,270856.558007,269961.558406,268669.144269,266266.920709,263543.733867,260904.129731,257459.052908,254263.099035,251062.104580,248002.632492,245341.242695,242194.930232,237675.116332,228654.212447,212802.046099,188580.869244,154220.717477,115153.107537,77875.709867,36558.290381,-24537.369990,-95403.478659,-158300.305460,-221803.522029,-283465.830113,-337812.408565,-384059.039439,-416927.636778,-438446.029260,-454650.165587,-467104.955225,-476263.773916,-485781.417046,-495155.141135,-504987.823834,-517992.187807,0.000000,0.000000,0.000000,0.000000,0.000000,0.000000,0.000000,0.000000,0.000000,0.000000,0.000000,0.000000
0.000000,0.000000,0.000000,0.000000,0.000000,0.000000,0.000000,0.000000,0.000000,0.000000,0.000000,0.000000,-506616.809229,-496322.653682,-487907.742237,-478945.913108,-466501.076909,-448160.995706,-420661.034665,-377722.497572,-321062.423192,-251735.339404,-167306.643473,-78486.874298,-493.411974,54544.772263,94756.596564,133353.207079,159331.514987,173690.949934,189530.759088,204443.141885,214395.089257,223702.373281,233797.930116,241447.661596,247844.077935,254059.260224,258171.005318,260790.546537,262936.393208,264258.388930,265296.514902,266406.748699,268049.720497,269612.935572,270244.306571,271260.738660,272747.391130,273891.891612,274275.033809,273844.610706,272926.929393,272207.263600,272262.254845,272581.364558,272455.094009,271722.041305,270573.136251,269209.524655,267670.939723,265396.885234,262937.090406,260768.612350,259189.823620,257732.692565,255369.501477,250915.076414,243456.866900,234508.374243,220068.103575,196669.482220,170025.642833,140561.769442,98777.275767,35331.739101,-44565.954317,-124109.911863,-195367.642837,-255187.924119,-304349.853986,-348637.655476,-386247.525723,-413201.668579,-434026.667347,-453151.664462,-467121.035868,-477289.932357,-487859.947133,-498025.556319,-509093.858947,0.000000,0.000000,0.000000,0.000000,0.000000,0.000000,0.000000,0.000000,0.000000,0.000000,0.000000,0.000000
0.000000,0.000000,0.000000,0.000000,0.000000,0.000000,0.000000,0.000000,0.000000,0.000000,0.000000,-514608.594251,-503285.990782,-493307.034330,-483316.208271,-471434.160159,-456229.253308,-433152.473460,-398228.553633,-347261.871516,-282987.880512,-209691.443922,-124570.739924,-34000.299220,44107.746680,98437.850305,140892.906668,176002.693771,199502.222628,214084.482680,224435.536590,233566.418139,240366.498807,246429.860143,251619.830297,255386.802441,259232.588916,262201.847940,263891.377763,265697.211289,267052.667275,267925.648581,268527.138950,268872.718047,270046.646571,271484.045969,272081.995238,272806.323543,274045.550909,274616.164123,274328.809919,273892.481374,273034.044837,272346.109897,272382.085035,272878.609738,273666.357159,273921.937944,273527.541481,272901.489768,271899.323556,270020.800250,267879.549769,266312.200509,265277.612108,264456.172344,263353.059251,260685.114809,255311.392540,248091.436170,239230.141263,226270.824087,206529.245983,181560.506362,146214.574921,91738.116076,16620.378518,-67781.648834,-143038.985446,-200313.446591,-247699.028758,-297935.481450,-340774.672955,-372641.857720,-402665.557646,-430148.735867,-452544.955409,-468957.751129,-481457.086403,-492053.883513,-502927.092152,-515880.389601,0.000000,0.000000,0.000000,0.000000,0.000000,0.000000,0.000000,0.000000,0.000000,0.000000,0.000000
0.000000,0.000000,0.000000,0.000000,0.000000,0.000000,0.000000,0.000000,0.000000,0.000000,-520996.524139,-508802.358322,-499369.624482,-489073.121177,-476340.685821,-462268.797583,-442109.357172,-413395.052309,-373932.373594,-319448.552950,-254205.620635,-179157.539509,-92224.132219,-1258.344885,78726.059640,137936.503735,179540.768438,209357.137448,228079.687598,238513.266216,246612.459630,251741.933599,254879.216897,258508.046643,261243.371108,263641.211946,265815.435864,267266.512416,268428.420665,269534.804201,270349.091703,271088.865762,271242.428194,271279.764192,271938.887129,272513.711290,272834.088421,273244.822095,273968.960049,274297.539028,273918.944621,273670.274543,273254.585941,272853.085304,272837.735402,273264.731081,274496.220296,275258.761286,275439.136232,275058.271954,273941.976239,272461.582018,271163.978461,270270.062419,269367.168584,268648.054801,267407.619918,265682.837145,263267.616197,258771.685102,252027.457058,243632.637855,230841.179619,211127.775776,183191.556090,140808.878845,82198.607075,11106.440601,-60287.965758,-118226.610474,-170411.448828,-229145.207113,-281272.715690,-319790.395243,-360112.088543,-399889.726426,-431702.613017,-455916.253387,-472760.343756,-485338.400921,-496417.289408,-507392.963213,-519970.298695,0.000000,0.000000,0.000000,0.000000,0.000000,0.000000,0.000000,0.000000,0.000000,0.000000
0.000000,0.000000,0.000000,0.000000,0.000000,0.000000,0.000000,0.000000,0.000000,-524290.976834,-512835.379496,-503415.013853,-494307.341671,-482415.990136,-467852.631482,-449092.846305,-421568.361424,-385335.506313,-344508.216058,-291777.155727,-224166.820171,-149168.039897,-64667.494047,24576.739037,107247.670708,168662.884583,206463.503434,231354.167290,245537.987874,253678.145629,259424.461766,262132.461517,263991.497919,265689.680732,266832.377092,268195.616445,269570.018288,270786.073448,272069.349746,272546.590122,272741.411079,273787.463944,274100.319315,273597.943673,273296.690345,272848.258490,272658.421232,272846.526706,272998.939426,273240.152459,273473.448099,273849.342219,274254.849219,274284.416473,274087.732471,274403.901272,275347.605709,276113.577786,276502.005484,276098.780993,275144.527945,273961.930776,273077.204527,272581.749000,271907.473476,271145.518235,269762.117513,268157.815786,266857.650041,265141.279217,261103.723864,255182.114180,246501.493862,231592.348404,210650.801946,181336.336169,140050.691821,88348.155590,32876.990346,-22244.039874,-81223.713308,-149300.162838,-218765.976501,-270703.682761,-316734.780594,-369631.003420,-410576.124010,-439328.284516,-462160.986088,-477169.007176,-488969.822255,-500383.799701,-511825.238281,-525138.904085,0.000000,0.000000,0.000000,0.000000,0.000000,0.000000,0.000000,0.000000,0.000000
0.000000,0.000000,0.000000,0.000000,0.000000,0.000000,0.000000,0.000000,0.000000,-514794.866199,-505204.593423,-497034.748462,-487499.705941,-474924.581489,-458348.257345,-431377.065467,-393566.651923,-351209.936572,-307918.080393,-259326.377587,-192008.964904,-107027.758409,-21149.733033,58909.373064,134092.270661,190273.715652,224242.142303,244253.890317,255210.745679,262986.399740,267321.522993,268416.871077,269024.256092,269390.136344,269707.550090,270823.729113,271808.788463,273005.867720,274242.373602,274593.965362,274942.746068,275782.327316,276006.834483,275246.060259,274125.230951,273175.469246,272568.748954,272291.441802,272218.557438,272491.237141,273054.633557,274194.213991,275334.389491,275661.975906,275598.432746,275572.461437,276014.847246,276594.908019,276695.320456,276096.209252,275360.426541,274691.648808,274162.888877,273781.338620,272973.165262,271923.254822,271045.945260,270278.743832,269306.447172,268354.032403,266177.664032,262175.684477,256673.637377,246584.311699,230798.803372,210796.146697,184484.518067,150265.793841,108355.592316,61569.838759,1890.251616,-76057.945273,-153390.747230,-220368.731773,-281149.082345,-338812.162999,-387381.689698,-422001.218717,-448514.410344,-467922.023430,-481963.714218,-493941.602957,-504819.074196,-517242.452656,0.000000,0.000000,0.000000,0.000000,0.000000,0.000000,0.000000,0.000000,0.000000
0.000000,0.000000,0.000000,0.000000,0.000000,0.000000,0.000000,0.000000,-515787.091995,-506772.335665,-499211.133244,-490299.339357,-480103.473416,-467070.923854,-444882.579969,-411156.083462,-363616.855983,-314543.380153,-275443.758556,-224223.749933,-147007.185470,-54125.545466,33716.986378,105466.719226,164591.905376,209163.913272,236522.687931,251867.879618,261501.943020,267514.465178,270035.358493,270426.618291,270788.592900,271007.967805,271570.601997,272414.823940,273075.123331,273969.077448,274977.958967,275473.507108,275931.713272,276456.807071,276488.334016,275982.191803,274871.015713,273704.668874,272583.747795,271925.479217,271925.332544,272075.530762,272973.394355,274470.684911,275502.948471,275919.619224,275648.246461,275460.471945,276157.548773,276631.093746,276453.785749,275787.570326,274974.822203,274411.675017,274157.959364,274091.940631,273483.068383,272578.067820,271942.598274,271602.167197,271102.168304,270238.392878,268674.406929,266176.830802,263012.393845,256994.464874,246673.824775,232368.732749,214774.047884,192110.207351,160672.719831,121004.221671,66511.768978,-10296.697533,-91686.943212,-166340.533769,-238153.468669,-299980.000158,-353499.722600,-399805.987294,-433845.283339,-457705.820244,-474559.740900,-487517.641459,-498749.390919,-509836.953338,-522219.229235,0.000000,0.000000,0.000000,0.000000,0.000000,0.000000,0.000000,0.000000
0.000000,0.000000,0.000000,0.000000,0.000000,0.000000,0.000000,0.000000,-508480.456088,-499723.076375,-492243.364847,-482792.119730,-471849.790428,-455519.260796,-427481.109682,-388690.238726,-336937.422239,-285065.664562,-246768.530684,-189867.995271,-99398.772625,-2941.248661,80369.326781,144209.009927,190856.701006,224068.920126,244342.850128,256447.654827,264616.770563,268881.298254,270249.495127,270927.522289,271258.464284,271279.960356,271826.779583,272093.910874,272344.283416,273316.073077,274442.531816,275121.745660,275394.846795,275786.996066,275943.420641,275841.299404,275102.869096,273719.530833,272459.071675,271786.752172,271647.886074,271933.249853,273033.124314,274501.035269,275418.786197,275375.170684,274844.528633,274947.634000,275812.435737,276221.006384,275942.656343,275280.116964,274393.460396,273710.923198,273349.263448,273413.710661,273647.590688,273384.292811,272707.601029,272377.744383,271915.798409,270879.332415,269880.832785,268734.293406,266785.742454,263158.952472,257126.069380,248250.321615,235851.460889,218828.388781,194994.648400,160613.799578,110683.072797,41270.309918,-44337.607235,-122264.699872,-190144.572559,-258856.827998,-317150.853505,-371521.639769,-418765.962039,-448319.039827,-467663.213384,-481917.329541,-493349.047436,-503869.594906,-515992.226785,0.000000,0.000000,0.000000,0.000000,0.000000,0.000000,0.000000,0.000000
0.000000,0.000000,0.000000,0.000000,0.000000,0.000000,0.000000,-511613.878470,-501088.919939,-492871.093913,-484222.479620,-474389.675657,-460404.009783,-438300.660099,-408711.254558,-365049.076282,-311664.876765,-265054.897761,-216228.594349,-149193.086972,-58130.044358,40165.116716,117172.648650,170226.790818,208776.790438,234828.939087,249929.631820,259843.789397,266304.756028,269493.812773,270591.676151,270782.386802,270726.930242,270517.736608,270751.863544,270845.174778,270983.703811,271861.654322,273032.446953,273440.269185,273599.705865,273894.722466,274150.264663,274664.508243,274442.718585,273312.607817,272215.548915,271669.326986,271674.828495,272140.535452,273142.008137,274401.713319,275091.274184,274716.531592,274349.884203,274699.722989,275410.161541,275712.040757,275318.949072,274567.305405,273720.646759,272959.415308,272466.203162,272717.390255,273182.227541,273160.020750,272892.668602,272758.979238,272448.196703,271540.296449,270814.863933,270650.150748,269886.747419,267250.058952,263064.977314,257764.937904,249563.175861,236556.836601,217201.781250,187176.210087,139689.403515,74463.298268,-6806.835577,-87101.620027,-154957.328259,-222163.658523,-285403.361903,-345449.397725,-400348.562995,-438552.368854,-461617.206563,-476649.093590,-489022.779566,-499710.712735,-510096.071450,-522433.902428,0.000000,0.000000,0.000000,0.000000,0.000000,0.000000,0.000000
0.000000,0.000000,0.000000,0.000000,0.000000,0.000000,0.000000,-504943.127188,-494804.783730,-486660.360837,-476619.643689,-463903.120019,-444890.241769,-416762.129923,-381988.563855,-337577.844575,-284425.031464,-233175.417965,-177084.908679,-100163.104627,-7960.287462,78507.232791,144549.010773,191099.834194,223334.029714,243480.118470,254972.403796,262199.809089,266845.789890,269411.607413,270485.763604,270321.024247,270280.667395,270248.445979,270111.456544,270110.786951,270373.375633,271187.774982,271872.594243,272028.572029,271798.030094,271848.599458,272387.895877,273149.537102,273326.529446,272559.137437,271896.076638,271913.501892,272197.281835,272429.694202,273363.297736,274383.321506,274363.950360,273962.855783,273804.241545,274178.155536,274732.438002,274645.416959,274190.005549,273981.379667,273525.994035,272568.523069,271871.279269,272019.224829,272337.598769,272519.565530,272694.583124,272789.624117,272964.837123,272308.416353,271597.917494,271846.199667,271749.232116,270020.167069,267059.142166,263583.420677,257917.956464,247792.348989,231295.244795,204708.848966,164241.884902,100979.758042,23772.809952,-53283.745649,-130154.269610,-196359.163475,-258099.858063,-322407.630484,-381115.956241,-426615.586052,-454351.093942,-472053.977983,-485636.504089,-496347.234307,-505814.666222,-516967.078078,0.000000,0.000000,0.000000,0.000000,0.000000,0.000000,0.000000
0.000000,0.000000,0.000000,0.000000,0.000000,0.000000,-511057.387327,-499940.659780,-491606.869975,-482393.819030,-470508.903412,-453507.325696,-428346.142967,-393282.313914,-349450.412328,-302144.282974,-243313.732541,-179147.181471,-120666.959375,-45477.110782,43029.414246,115261.241049,169110.210505,208555.334997,234124.868332,249581.638219,258256.649446,263483.917138,266952.088517,269491.959068,270546.269763,270724.278835,270685.447250,270579.305965,270387.243648,270071.974636,270356.082979,271072.663719,271622.200906,271600.139300,271126.288310,271011.582724,271484.053338,272268.652015,272608.323963,272253.471695,272238.460860,272807.183809,273032.698426,273163.003327,273906.414813,274257.410859,273696.931756,273020.225344,273044.162237,273495.618404,273576.363797,273254.571326,273132.467898,273755.698401,273990.431019,273090.427754,271900.252480,271430.007859,271815.053964,272266.049047,272637.822778,273264.189208,273651.808332,272943.196859,272366.386991,272594.851469,272431.548541,271267.061806,269505.636428,267450.975916,263506.085612,255454.179475,241012.233339,217799.338866,182718.641938,127244.040151,55245.442190,-23438.959235,-105529.739274,-180377.805927,-243300.348716,-303265.930196,-364547.491049,-414178.462616,-446768.365542,-467744.323214,-481862.704158,-493392.082003,-503009.179011,-512783.733095,-525153.272657,0.000000,0.000000,0.000000,0.000000,0.000000,0.000000
0.000000,0.000000,0.000000,0.000000,0.000000,0.000000,-504908.315606,-496549.874652,-489859.576014,-479936.319852,-466342.875296,-444513.810415,-411842.587166,-370302.616828,-318623.650630,-257232.083039,-184804.376588,-112376.617472,-48948.166741,20062.215922,90588.495698,149220.433385,192537.309805,221878.021026,241931.164685,254138.029479,260931.478927,264509.851669,267115.730183,269253.357852,270274.399692,271009.227631,271381.870837,271291.943303,271000.706256,270580.736089,270299.827332,270543.134307,271314.858128,271356.980831,271085.789323,271116.041893,271225.681959,271690.736182,272022.280817,272410.969707,272994.441188,273523.028666,273678.168337,273747.368461,274116.804708,273922.166555,273125.007346,272556.267638,272796.434322,273157.294790,272929.842551,272662.273271,273068.843479,274249.171016,274994.590705,274417.471390,273027.332218,272100.508599,272118.456432,272463.982486,273343.709580,274455.746954,274751.548383,274107.782371,273362.630635,273344.111619,273209.935574,271984.359185,270773.990343,269950.721792,267151.126153,260451.270344,248562.065153,229070.231283,197712.103408,152937.025291,88804.890087,11410.419845,-69471.971256,-153291.885940,-222153.158486,-283169.460084,-348996.645023,-402525.143526,-438501.470023,-462194.022976,-478153.336375,-490022.449679,-499517.118297,-508402.190007,-518627.463928,0.000000,0.000000,0.000000,0.000000,0.000000,0.000000
0.000000,0.000000,0.000000,0.000000,0.000000,-510065.054996,-501043.169482,-494680.269057,-487269.587475,-477039.330401,-460456.177561,-433203.530971,-394154.604751,-341987.711198,-279440.299818,-203266.570949,-117968.578459,-42298.938747,23861.411174,83834.066039,136091.424254,180489.530804,212719.222904,234191.294692,249059.704207,258088.521193,262762.492809,265260.344511,266925.172036,268405.566916,269562.451216,270612.357594,271479.195761,271877.062102,271578.841505,270955.326244,270287.300372,270304.648090,270940.700398,271318.918263,271648.873236,271559.278745,271262.250242,271301.686563,271571.265482,272316.568623,273312.649507,273834.413197,273782.280309,273669.198855,273799.004295,273600.107619,272797.501132,272531.567783,273026.245857,273269.175389,272900.166310,272598.288793,273275.368925,274741.752021,275828.407712,275693.708766,274791.855070,273781.107178,273177.934494,273547.257159,274594.068201,275633.052685,276126.698205,275480.712923,274535.688070,274173.193610,273536.527007,272437.632029,271734.357056,271346.264630,269546.238249,263916.673951,253760.558610,238231.609200,213785.242750,176371.621580,124996.212586,60361.078699,-18532.849419,-102564.487998,-176338.917840,-248465.130773,-325566.791716,-387586.650693,-427852.554942,-455005.137710,-473666.220896,-486254.561313,-495206.008800,-503632.650401,-512128.139231,-522799.025892,0.000000,0.000000,0.000000,0.000000,0.000000
0.000000,0.000000,0.000000,0.000000,0.000000,-510035.509595,-500065.126844,-493199.192758,-484719.298253,-473744.453054,-453663.989596,-422694.942241,-375981.719858,-311649.975093,-237846.203049,-151840.331659,-64359.367887,12045.589275,75811.369323,128861.122284,173045.628697,205476.481797,228793.577023,245551.572619,255801.310187,261277.859083,264494.535392,266331.289721,267314.280476,268226.054142,269273.415462,270229.942195,271068.842488,271815.481029,271950.914732,271464.034535,270991.863482,270906.816264,271238.565367,271865.837198,272348.408718,272246.409086,271774.753028,271429.254986,271594.377299,272249.120941,273055.297290,273577.937936,273501.432411,273295.348817,273252.655875,272862.941170,272415.045041,272582.741607,273158.927987,273389.367461,273004.550209,272862.974890,273458.120135,274715.582662,275951.993184,276376.924310,276139.848685,275388.928435,274657.353642,274746.989008,275609.938418,276630.068767,276965.886796,276143.879002,275380.690510,274935.231534,273917.592586,273035.248403,272562.292394,272217.450164,270999.280283,266727.294917,258387.311261,246297.903664,228011.033284,198694.483218,158962.741625,106582.498598,37373.647542,-37774.999552,-114737.293306,-201167.008198,-290382.949572,-365280.833923,-414770.166445,-445015.795530,-466710.062766,-481321.647781,-490420.248588,-498176.693570,-505548.317112,-514601.966323,0.000000,0.000000,0.000000,0.000000,0.000000
0.000000,0.000000,0.000000,0.000000,-525305.743509,-511088.269583,-500726.673441,-493020.578606,-484084.033243,-471320.664510,-450859.983132,-416123.966265,-363524.177273,-292808.022927,-204925.301723,-115331.858172,-34638.210841,40348.477120,103216.636680,155652.124675,195905.297671,221976.657803,241442.934783,254433.972628,261088.398228,264102.605913,265896.403025,267026.791560,267852.259635,268714.355505,269539.513272,270391.954824,271105.296034,271724.345556,271946.182758,271917.193626,271864.603637,271563.489307,271701.650703,272042.582108,272277.070173,272613.133592,272363.685501,271828.691695,271889.736177,272457.113723,272905.384848,273130.398388,273026.868865,272554.736252,272312.739792,271943.747902,271623.400033,272037.318330,272893.363472,273382.685897,273128.919921,273093.687745,273867.315876,275071.886887,275866.366726,276440.964123,276729.050282,276192.602788,275536.891212,275490.587758,276396.561438,277261.793621,277001.444855,276072.409068,275411.921028,275097.312267,274702.895990,274032.274582,273495.451382,272999.253395,271816.542827,268829.230813,262925.443952,253753.407175,239987.015621,218624.325736,186133.425352,144149.064322,88950.388979,21375.024083,-51677.397530,-142919.876143,-246644.092642,-334454.389336,-395277.793741,-433204.878999,-457413.418563,-474268.963626,-485495.329553,-492344.126177,-499511.882639,-508610.809671,-519499.135516,0.000000,0.000000,0.000000,0.000000
0.000000,0.000000,0.000000,0.000000,-524793.461823,-511268.387126,-501171.125262,-493629.146561,-484196.963874,-470064.868989,-449245.351504,-412855.899166,-355622.964262,-277464.685836,-184701.622281,-92650.982416,-12399.483441,56509.434052,120444.839221,172694.341459,208584.075760,233507.175827,250421.066447,260041.397031,264132.586996,265763.514666,266492.002766,267358.671960,268401.843048,269650.809506,270673.491029,271095.547553,271481.908455,271843.268299,271992.735453,272194.613422,272244.483616,272100.635742,271798.357525,271649.972177,271997.076911,272389.728328,272434.095820,272471.578375,272678.693772,272976.389109,273234.494975,273224.464693,272782.864221,271986.171741,271361.945019,271137.003397,270849.170796,271016.750526,272101.132248,272961.470779,272940.317621,273070.826484,274182.118356,275478.679182,276196.822915,276500.287664,276595.279032,276119.860560,275515.292784,275710.574762,276468.205371,276895.420447,276423.133472,275479.676383,274931.980917,274900.626240,274810.817543,274590.326931,274088.753227,273158.287043,272194.195466,270368.372776,266590.030164,259985.548709,249801.958590,234114.040858,210076.420799,176571.278137,131825.337077,74624.216887,6848.112575,-82193.459774,-193497.773132,-294294.563811,-367305.817912,-417217.265717,-447277.013611,-466665.390588,-480447.714549,-488095.963946,-495176.247421,-504587.583554,-515850.350943,0.000000,0.000000,0.000000,0.000000
0.000000,0.000000,0.000000,0.000000,-523675.141637,-510401.161179,-500764.209624,-492452.346457,-483403.812185,-469570.410079,-446817.336709,-409749.595413,-349242.664384,-270020.866095,-181823.310793,-85640.433361,1445.922410,73214.944944,136620.150807,185388.762109,218172.581301,240950.614679,255357.882899,262726.583084,266045.093516,266835.047472,267148.375041,267920.702909,269266.454467,270701.626681,271748.850375,272109.872146,272307.155699,272578.813136,272602.342570,272615.052241,272608.580932,272597.090203,272207.598612,272056.626754,272302.857080,272633.934714,273139.325239,273396.732951,273457.082694,273332.862142,273203.712310,273023.443993,272411.257977,271578.426126,270917.229076,270624.743004,270376.755553,270394.105129,271199.607755,272192.907696,272535.327986,272899.220318,274246.178080,275598.456552,276367.801045,276625.949706,276413.722510,276021.480985,275561.723243,275327.974961,275525.818994,275839.195774,275424.031064,274555.245288,274420.413040,274705.159476,274534.306105,274238.367039,273554.816183,272464.094224,271828.373117,270917.173473,268684.575722,264360.892824,256997.029287,245613.765949,228414.780505,202199.880143,165359.249476,118845.068693,56264.283937,-30797.573632,-139948.741327,-249139.207431,-334755.455550,-395793.059692,-435279.376009,-458595.051100,-473812.067926,-483924.680153,-491976.938181,-500644.101421,-513004.681951,0.000000,0.000000,0.000000,0.000000
0.000000,0.000000,0.000000,0.000000,-520969.209655,-508705.938579,-499287.061442,-490737.149089,-481637.031069,-467645.989664,-443426.791920,-404018.097652,-348982.463953,-275466.118726,-187397.169945,-93174.567298,3336.150151,85857.343502,149031.039898,195426.334373,225786.934722,246158.521982,258261.184092,264402.271893,267175.981315,267716.453249,267919.841471,268508.554280,269765.837293,271396.735950,272511.119503,273172.856737,273425.433629,273471.550497,273059.200110,272769.482206,272914.409495,272913.904763,272849.507670,272765.612232,272932.542216,273503.029388,274170.159844,274322.332150,273766.029487,272968.003472,272343.952860,272085.977797,271669.855887,271069.674309,270904.089965,270738.164299,270305.122177,270156.054473,270783.901227,271858.880571,272409.364634,272982.312121,274249.693123,275612.398729,276225.602155,276442.709517,276640.072057,276194.087132,275621.199344,275014.443470,274408.363747,274405.004763,274150.671479,273789.574574,274101.587897,274298.908673,273945.599941,273311.620268,272574.823490,271726.029122,271280.713539,270828.273577,269498.186982,267075.311158,262410.860820,254291.103435,241518.799342,221571.094563,190754.113749,147893.497688,89024.895866,2722.706888,-105169.610145,-213625.167355,-306278.607241,-373490.914965,-419725.600910,-449604.580020,-466821.992337,-479082.719588,-488870.395739,-497322.380482,-507461.529868,0.000000,0.000000,0.000000,0.000000
0.000000,0.000000,0.000000,-529474.972040,-517750.764017,-507511.811867,-498774.054826,-490700.642133,-479788.827522,-463035.853409,-436383.672959,-395606.598330,-339103.848854,-268443.709743,-186374.376626,-91137.163973,11168.470008,97138.473689,159358.998205,203500.921479,232222.366560,250179.839873,260448.063531,265724.462772,268050.407281,268848.347833,269158.403131,269370.256076,270182.520983,271814.040758,273153.631409,273685.487585,273846.460330,273455.200885,272690.114296,272478.265381,272686.988242,273014.720518,272948.608347,272525.962097,272695.620178,273308.788258,274000.567961,274333.414252,273595.624692,272206.808547,271349.204303,271333.450510,271520.319250,271354.504621,271182.221188,271149.821991,270797.545013,270451.322710,271008.337652,272106.605338,272965.597518,274029.171965,275113.117219,275839.606129,276238.331737,276376.075195,276642.898977,276413.406830,275515.227290,274656.514341,273800.492300,273234.493537,273040.432497,273159.057782,273746.157525,273683.665067,272714.374805,272069.426984,271836.982543,271454.352753,271131.891193,270934.466804,270242.377719,268700.897951,266234.151704,261174.890979,250979.445707,234398.077307,208497.749592,168196.149588,109481.638350,22546.363609,-86570.116057,-191344.219125,-280701.352663,-351542.599624,-402699.219181,-437666.792628,-459337.932423,-473889.081321,-484921.170945,-494097.495355,-502128.544582,-511498.710352,0.000000,0.000000,0.000000
0.000000,0.000000,0.000000,-526584.254867,-514802.949291,-506051.238079,-498564.157380,-490107.998794,-477638.906449,-457346.303522,-427581.454160,-382196.419419,-314208.670665,-238578.579335,-156907.073939,-62374.019962,31888.768169,113091.851303,171880.918304,211053.224954,237788.023148,253613.953358,262411.476660,266980.725017,269176.174956,270144.991252,270062.445474,269632.160681,270152.220648,271672.082079,273027.606932,273688.226234,273538.888055,272837.438246,272114.568391,272019.185393,272500.641325,272699.198164,272257.524291,271699.035913,271317.573272,271598.741457,272617.018097,273405.518903,272926.004991,271912.259547,271413.755305,271595.350491,272089.512091,272286.032254,272070.196721,271662.589357,271489.995508,271396.764747,271770.003601,272720.816342,274072.249101,275675.197670,276830.607370,277002.809417,276774.331282,276724.133937,276556.274404,276360.141660,275634.712390,274515.260344,273772.696919,273205.143765,272812.645817,273013.222474,273623.729674,273426.064626,272337.666943,271499.526851,271532.571223,271631.227984,271112.151495,270821.464667,270598.768383,269836.304673,268448.483633,265262.428377,257343.993137,243041.518150,221451.689179,185944.275274,129525.473141,47222.277932,-58457.278090,-161770.117346,-249782.745304,-326095.641153,-382365.144793,-421408.987129,-449276.697555,-467743.689229,-480836.960546,-490793.748894,-499424.776233,-509217.170855,0.000000,0.000000,0.000000
0.000000,0.000000,0.000000,-523628.774675,-512171.321967,-503961.323699,-496299.520462,-487391.936449,-473833.131644,-452745.943486,-417945.240138,-364662.793399,-290696.064731,-199956.905840,-109209.083386,-24692.645290,57924.320295,130291.519363,183016.843091,219198.962651,243097.322212,256872.359138,264379.531740,267979.531957,269802.387503,270722.513371,270179.057893,269338.590023,269541.651298,270941.381944,272414.615985,273190.402444,273111.165751,272386.289346,271849.164802,271863.776121,272243.246745,272199.847082,271462.188414,270712.925136,270265.535895,270257.579587,271132.135725,272353.882733,272623.613141,272240.933775,272098.566693,272449.558960,273080.407197,273246.682234,272835.841647,272306.564652,272101.461136,272205.451990,272385.725725,273041.027796,274654.598113,276703.009264,278174.286004,278359.817823,277642.484082,277305.395362,276972.227372,276188.116059,275545.113587,274705.676081,273932.572720,273471.939991,273009.105745,273202.224760,273855.498950,273731.545537,272949.716111,272285.872860,272192.154317,272037.422702,271219.139214,270537.721824,270604.020970,270750.283849,269766.991340,267206.098255,261271.174237,250034.211114,231705.597892,202241.612661,153794.311553,81985.091521,-11354.588101,-115440.421574,-211218.788009,-292678.217793,-357396.618479,-403143.635945,-436689.223016,-461002.549531,-476902.985682,-488142.804304,-498279.256921,-510157.822669,0.000000,0.000000,0.000000
0.000000,0.000000,0.000000,-518780.911287,-508991.965114,-501275.334343,-493832.368059,-484088.910845,-468397.438411,-443857.379002,-404740.247990,-346642.286258,-264959.530306,-164298.221062,-70529.423830,9857.168393,85558.425170,147814.726914,193793.739912,227115.237919,248247.544059,260033.613279,266276.102506,269132.288261,270485.026240,271278.048155,270597.815173,269440.024651,269321.407772,270478.909712,271789.883148,272347.299233,272456.392028,272079.630591,271756.565700,271723.591686,271632.708366,271550.783584,270850.626657,270041.637658,269758.806663,269692.401223,270369.887424,271696.206844,272517.247518,272429.104258,272355.984818,272955.147958,273918.139266,273971.262096,273219.386129,272866.826276,272621.033853,272488.993998,272461.315479,272806.508106,274326.279464,276552.955700,278230.910016,278746.636177,278436.482873,278031.014411,277575.209467,276570.344888,275286.324286,274367.267015,273784.560121,273262.494305,272813.876078,273031.484815,273849.741566,273932.204337,273539.986999,273572.517406,273364.483794,272405.031337,271256.296679,270560.119102,270573.718931,270950.141460,270632.198247,268657.201637,264029.141447,255705.395726,240316.026183,215051.002227,177562.607935,117928.024455,36694.687887,-59387.750507,-161301.860144,-250822.095575,-324059.307842,-380954.112909,-422384.491728,-452711.923119,-472739.094892,-486474.745901,-498147.396828,-511055.690502,0.000000,0.000000,0.000000
0.000000,0.000000,-524524.555710,-513940.263366,-505652.187827,-498081.930190,-490801.010496,-479347.365847,-459517.315782,-428892.699680,-383631.198283,-319334.160819,-232879.380228,-131791.001123,-35699.116476,45941.713117,113313.478033,167466.224224,208305.713643,235788.885120,253254.459257,263384.135452,268209.742027,270301.269494,271476.797054,271964.853454,271230.986658,270032.741852,269851.079135,270716.740887,271462.386659,271625.243655,271605.139848,271689.309516,271713.513921,271690.315452,271526.127158,270829.397408,270158.068142,269665.337049,269262.082028,269344.383932,270169.228783,271553.593925,272292.880028,272187.172582,272246.113287,272928.311804,273919.775584,274098.208460,273395.206026,272794.082487,272565.655284,272393.120628,272267.125970,272633.401779,273837.842820,275744.491285,277275.294517,278141.376243,278724.812194,278603.710053,277939.087521,276987.095626,275336.693694,273795.702925,273109.294463,272697.039603,272394.364844,272628.679047,273359.525340,273917.711604,274146.533460,274349.317949,274228.831622,273164.172902,271595.285622,270949.245721,271182.668778,271472.620799,271312.193369,269692.675206,266184.775854,260065.777433,248219.611620,227037.932500,194097.881602,144394.242319,71768.381286,-15099.317351,-111712.302045,-209577.939785,-290004.690480,-357831.281287,-410637.218437,-444948.511658,-468867.131889,-484875.605445,-497953.816607,-512013.189334,-528774.620596,0.000000,0.000000
0.000000,0.000000,-522291.895026,-510924.758729,-502569.718005,-494880.590754,-485891.621153,-472132.056949,-449079.369556,-413536.782004,-357707.026701,-281574.992571,-193951.038747,-93944.937080,2957.182579,79495.201612,140213.163043,188109.810195,221841.866570,243714.211384,258150.848396,266472.324445,270016.164377,271772.026675,272955.334957,273159.380960,272178.746627,271136.993433,270946.796409,271279.452018,271271.963069,271079.801253,271250.102592,271789.299174,272184.805018,272233.124601,271988.313094,271068.988230,270054.072586,269226.848702,268860.182585,269202.116675,270157.704252,271580.790021,272283.018574,272118.537712,272065.364111,272618.578487,273413.966904,273366.425945,272667.448139,272171.346494,271858.618859,271531.149573,271590.250169,272290.572995,273355.789458,274801.141408,276218.446031,277398.593673,278272.543638,278630.706718,278241.954880,277001.276831,275180.080518,273435.897028,272591.684802,272340.394109,272112.098100,272312.327680,273052.711469,273952.586451,274511.730443,274512.648890,274311.355118,273615.343119,272371.960600,271880.675435,272308.146850,272412.263871,272095.389539,270892.788326,268027.817944,263178.819462,254420.521217,236981.664898,205209.602128,158798.704455,92831.076494,11641.823217,-77171.170296,-176162.041844,-268379.451645,-343429.636523,-401658.695670,-439816.613698,-464461.655667,-482008.409742,-496400.777575,-510895.418565,-526142.608583,0.000000,0.000000
0.000000,0.000000,-520781.288092,-508615.991389,-499724.343593,-491788.538785,-480840.621889,-464301.837369,-439311.815301,-395885.548248,-331659.115891,-248502.882703,-148260.868340,-48562.548591,38217.670601,109387.113536,163913.955360,203745.751499,230869.167175,249636.709779,262063.287653,268420.185774,271498.770382,273481.555573,274625.681205,274862.229388,273863.898977,272667.604917,272141.635490,271984.947448,271621.641730,271270.073261,271685.215248,272572.607563,273198.215707,273357.802890,272904.017565,271888.067480,270506.082720,269273.364356,268734.202430,268963.886384,270118.686865,271406.134620,272028.909743,272100.660651,271915.229374,272152.712200,272482.668688,272050.997542,271541.540236,271455.119692,271071.858134,270444.779517,270503.814078,271237.029778,272371.093597,273788.169643,275264.660009,276885.723583,277974.597204,278154.333517,277763.674977,276546.792334,274802.551926,273492.874719,273033.629632,272947.434006,272486.557937,272453.095920,273326.365739,274021.330563,274418.204420,274410.629536,274000.592812,273637.889308,273119.459026,272902.839880,273034.726363,272903.049597,272435.477969,271527.332745,269646.613076,265531.952569,258288.139072,243667.713442,217412.091043,172408.659623,113638.053013,43465.100977,-46299.222328,-147824.572462,-249686.757671,-332423.964499,-391197.572409,-432552.132114,-459546.586735,-479051.091816,-493916.617155,-508249.576924,-524298.277924,0.000000,0.000000
0.000000,0.000000,-517767.864480,-506149.857316,-497052.247047,-488198.851466,-475803.757156,-455722.779909,-424512.490843,-376097.350049,-305177.360722,-212659.751990,-110085.737271,-13965.401762,66969.578225,130808.002732,179356.267997,213906.707296,237774.702373,254442.562061,264248.699316,269319.842197,271994.690259,273780.304735,275247.213843,275796.376783,275057.739357,274071.109259,273315.675366,272878.666164,272627.311302,272452.327492,272862.171110,273520.762840,274127.032759,274489.721397,274106.262305,272826.557510,271265.463559,270125.510610,269539.214546,269609.467923,270271.716860,270952.112063,271488.814631,271794.374440,271693.883576,271618.520986,271492.335152,270980.124982,270728.145812,270825.350950,270573.919330,269976.870427,269524.408769,269894.308392,270927.039605,272386.198669,274301.653269,276059.320999,277203.507469,277128.381172,276247.369370,275435.215456,274409.930087,273906.905425,274263.204314,274297.257103,273755.307791,273352.923027,273685.590889,274338.778132,274528.604293,274167.954113,273793.770663,273809.029397,273927.547709,273875.558237,273545.936079,273201.395620,272472.617918,271516.218266,270644.575985,267819.256836,261239.590691,249529.975817,228891.893744,193921.775902,145178.220804,81992.211881,-7299.852744,-118429.452181,-227098.598549,-316056.505083,-379632.938729,-422678.944471,-453773.921591,-476387.209017,-493031.174066,-507980.507025,-523301.449792,0.000000,0.000000
0.000000,0.000000,-515660.453436,-504185.724857,-494797.126087,-484484.813498,-470275.401518,-446229.012936,-407897.584294,-353505.713352,-273243.800880,-175240.443039,-80093.866656,8985.247060,82538.756633,140800.585930,188145.261151,220763.548483,242855.806287,257172.033460,265526.353336,270024.051154,271835.377526,273108.331356,274466.384108,275169.147600,274965.306905,274185.831403,273716.961861,273655.696278,273571.440206,273559.994428,273866.194159,274318.585022,274745.439755,275074.020544,275111.456079,274069.616579,272561.386197,271653.375870,271210.825269,271156.989721,271053.190502,270961.798624,271129.390943,271513.932259,271829.441915,271688.577493,271225.643920,270616.644936,270302.730253,270434.057538,270303.638313,269583.867835,268961.343280,269151.031546,269907.640688,271038.718383,272990.889401,274829.315995,275656.294918,275679.986392,274826.427595,274060.272046,274099.089457,274702.297334,275456.872143,275477.088693,274974.508797,274574.397844,274384.710680,274701.453810,274963.519370,274430.602372,274005.977777,274284.135735,274736.229519,274832.303761,274235.996083,273460.690651,272782.798421,272062.905217,271366.429511,269437.224417,264531.572040,254750.341872,238135.864764,213415.093329,174471.909897,117343.222017,31768.454328,-84628.411120,-198644.646704,-291061.759914,-363533.263457,-413918.320014,-448571.568745,-474181.492609,-493344.695581,-508700.592347,-523355.912180,0.000000,0.000000
0.000000,0.000000,-516010.479059,-503446.267137,-493196.608763,-481391.657149,-464563.101068,-437359.142272,-395775.979963,-330120.799555,-242493.983580,-146483.882398,-48437.540113,30282.697553,90905.275540,148878.258719,195128.688795,226263.626290,246535.683227,259441.252289,267362.080710,270924.833920,271629.185380,272017.896696,272645.560137,273240.612359,273306.856145,272851.711378,273027.346382,273472.444957,273720.873581,273750.074353,274011.325476,274527.971459,274934.390079,275604.006698,275966.706510,275331.522977,274433.015063,273695.520004,273191.708554,272771.721224,272127.787836,271563.744828,271326.266774,271735.317474,272252.555936,272076.996461,271681.620137,271046.428646,270331.633719,270254.619549,269975.730094,269065.753041,268792.012660,269192.463004,269730.582081,270647.218124,271957.734795,273573.371836,274659.727891,274615.592979,274088.304021,273843.252166,274413.589175,275441.012463,275887.939556,275688.496425,275398.585120,275304.564799,275265.434367,275256.433753,275378.832754,275061.845996,274418.653513,274521.735386,275072.892525,275337.677679,275039.458230,274112.380327,273238.285081,272614.838358,271745.537857,270074.856311,266254.406804,258340.338788,245624.325303,225856.307571,195032.995827,146120.277176,65541.847256,-43995.044516,-157981.796201,-258476.815716,-339678.311671,-401918.573557,-445251.781896,-473362.906359,-493583.673859,-508790.653657,-523323.963541,0.000000,0.000000
0.000000,0.000000,-515808.384684,-502659.475648,-490880.765134,-477971.644417,-458786.899766,-430012.321203,-386006.600306,-317380.825055,-224658.596280,-120690.433028,-26557.087708,47026.961064,106125.969509,158401.445926,202159.906505,231758.456432,250112.358534,262412.934213,269426.279144,271916.524059,271934.455672,271585.352534,271384.157397,271133.209900,270959.816303,271239.894879,271956.977381,272536.023486,272757.751113,272866.444173,273552.057710,274308.768669,274861.459504,275771.235673,276633.436945,276822.028111,276400.731345,275632.954146,274919.010456,274217.723249,273351.761878,272584.038352,272261.872836,272402.573057,272326.028499,272068.200328,271908.796074,271418.512220,270714.927379,270284.085104,269753.846466,268973.702942,268972.360237,269901.514024,270697.549682,271246.553876,271992.701656,273064.925790,274073.141708,274222.458050,274007.370839,274082.043805,274611.794306,275145.687463,275015.736932,274651.956064,274675.508523,275086.424970,275355.288926,275657.183254,275849.474233,275309.628817,274228.138565,274006.515836,274788.062745,275202.928007,275127.742096,274470.145906,273341.702742,272192.070616,271144.387030,269750.161375,266697.940344,260855.471046,250821.252181,233990.598797,207769.242354,165091.488457,92311.513773,-7601.595559,-117865.043030,-226033.089872,-318066.250007,-388868.397369,-439529.824674,-472004.762335,-492452.059493,-506926.387434,-521703.903495,0.000000,0.000000
0.000000,0.000000,-515241.183391,-501483.095226,-489121.344214,-475497.571903,-454843.496329,-424035.203287,-376831.389044,-307249.349811,-211821.727701,-104847.153759,-10632.795101,65423.616628,122672.233412,170728.163482,210970.686605,237158.019973,253802.775566,264586.803054,270582.794449,272693.167039,272845.510810,272064.322342,271092.272455,270157.660254,269922.265778,270412.525592,271313.056113,271976.612244,271739.072935,271790.489477,272698.349495,273691.851461,274530.875285,275345.622040,276632.329823,277516.134042,277405.356935,276714.232904,275578.909627,274840.307745,274543.565984,273735.310676,272850.868042,272295.723683,271807.925979,271610.881279,271500.440103,271497.571032,271320.204496,270762.624770,270193.705052,269351.745473,269398.784925,270884.084383,271876.881810,272089.452279,272690.401652,273281.190725,273640.516652,273960.575524,273727.872882,273521.197617,273973.068759,274170.866168,273658.585525,273218.312222,273388.314178,274205.572220,274919.280937,275605.652422,276155.173668,275586.523010,274285.493940,273660.171157,274071.175483,274440.074001,274378.413966,273652.664548,272273.488524,270939.199834,269761.575534,268436.019646,266097.158162,261263.273235,252597.217105,237251.025627,212511.047083,173319.986740,107306.586114,10098.518289,-98350.947192,-205702.390146,-306787.337776,-382922.760427,-434199.401666,-469119.521265,-489776.924366,-503744.129190,-518341.444208,0.000000,0.000000
0.000000,0.000000,-515509.376171,-501049.517788,-488602.318493,-473908.693960,-451856.163188,-417806.956151,-366928.849505,-291931.460352,-194711.247289,-87376.611182,13609.884486,89360.655384,143824.198230,188329.490238,221286.863873,243188.020159,257337.623879,266287.577284,271326.844781,273352.951154,273499.852715,272805.769212,271649.388613,270590.506982,270290.413376,270735.068793,271729.700161,272033.199888,271425.021219,271382.382834,271912.471783,272554.380370,273404.685471,274352.594594,275477.272566,276499.414765,276886.874020,276383.739441,275449.542379,274982.573242,274842.241147,274065.689769,272608.776904,271464.323025,271040.290735,270945.928319,271379.867890,271961.030531,271942.514890,271527.302459,270755.412925,269796.690824,269808.787751,271134.244020,272076.187818,272461.552184,273014.513631,273209.003656,273311.846701,273270.483376,272841.640804,272742.141949,273055.012111,273470.195406,273279.008671,272638.676672,272590.924247,273138.401960,274282.265205,275578.067083,276293.016801,276026.204970,274805.344403,273847.866378,273707.783860,273693.462645,273198.587144,271940.447732,270423.030106,269270.389999,268199.222495,266756.678789,264108.895143,259453.844074,250900.760308,235741.333554,211807.506371,172046.263685,109662.454858,19119.828868,-92653.107174,-204486.437017,-304422.222141,-382085.441655,-433728.495515,-467177.394759,-487695.677146,-501364.347426,-515212.742696,0.000000,0.000000
0.000000,0.000000,-514930.417396,-500585.616109,-487044.561200,-471348.756557,-448240.512550,-411163.161263,-357103.997057,-278856.900101,-178354.097068,-68404.250356,33759.524300,109857.995179,164249.786582,204295.851506,230746.480328,248717.666192,260575.632529,267937.061083,272210.971328,273910.706980,274102.600075,273644.893421,272594.727228,271550.568909,271116.796218,271501.855285,272163.994674,272087.384092,271388.846542,270952.359279,271188.469844,271403.305594,271662.030720,272397.145819,273203.512464,274213.576175,274962.351312,274965.881509,275000.884462,275038.847660,274719.389436,273933.651575,272507.624391,271359.931461,271051.567120,271120.903587,271782.243775,272540.431239,272461.137380,271923.516242,270956.065927,269955.095397,270071.997972,271060.697808,271949.886805,272427.375474,272690.682828,272920.206132,272870.737342,272474.958913,271889.399711,271771.478430,272470.583663,273218.476716,273425.685882,272859.829768,272257.093957,272418.215110,273493.886405,275055.804950,276074.851380,276117.370214,275249.377617,274420.600241,273997.180780,273277.114028,272084.479436,270587.704117,269133.621858,268291.769623,267386.897660,265327.895059,262379.072733,256750.720601,245911.771241,228677.385640,202919.277976,162481.177143,98685.246471,11523.975624,-97175.764537,-213876.459050,-312559.054392,-386245.273543,-436428.083822,-467283.267347,-486563.308613,-499871.426056,-513598.166316,0.000000,0.000000
0.000000,0.000000,-513910.091750,-499275.432175,-485474.422897,-468718.534488,-443744.035746,-404301.331846,-347706.351576,-269849.828124,-171474.739023,-63844.235223,39238.462158,118957.996850,172381.884545,211139.959415,236867.989946,252698.683560,263491.197178,269863.079968,273270.982913,274620.540094,274694.540888,273985.404939,273187.592234,272509.006735,272010.399518,272087.853607,272066.495022,271783.074749,271243.301862,270627.901637,270392.251793,270339.495248,270387.249582,270541.537999,270794.288069,271519.549536,272638.838785,273650.274371,274418.066807,274869.131816,274937.544283,274464.352161,273496.475060,272682.790930,272403.351985,272345.995377,272625.514681,273103.790917,272838.491757,272086.725234,271344.424695,270574.232428,270715.487947,271760.282176,272330.853456,272302.053684,272310.929890,272405.150974,272390.347218,272025.360519,271337.438557,271077.786197,271941.157348,273018.331712,273336.807060,272971.603040,272160.750158,272194.976160,273090.333784,274021.079155,275064.612862,275528.445172,275400.832208,275073.581135,274500.642480,273468.145466,272007.349269,270422.125829,269072.295190,268398.653051,267153.964231,264306.633190,259918.413804,251936.040868,238059.633299,217721.540450,184724.891748,138017.965424,70824.216780,-20849.680615,-125346.990190,-235928.445168,-330691.582170,-397223.399027,-442384.256985,-470171.810184,-487292.687613,-499654.082715,-512440.405360,0.000000,0.000000
0.000000,0.000000,-513556.279026,-499057.298579,-485660.958174,-467649.897686,-439392.919225,-398021.459144,-336862.190070,-258185.584849,-166887.419400,-63435.982293,34239.677258,112337.098726,171318.797574,212420.629756,238986.049489,255228.904935,265237.789707,271023.918592,273873.828662,274813.419126,274706.311107,274295.588374,273812.397470,273222.206468,272787.398593,272367.113322,271999.281893,271704.533998,271122.388894,270510.343654,269929.310938,269639.616552,269713.442990,269581.825085,269487.880226,269919.933328,271091.899660,272759.294751,274142.240636,274899.331605,275197.131134,275347.362619,275108.799688,274471.238904,273860.140925,273364.319720,273201.322334,273327.644353,272998.517900,272171.360885,271781.910622,271805.812473,272009.871455,272760.005774,272901.099459,272235.451874,271861.245005,271807.125859,271989.639847,271838.085344,271220.871599,270984.669190,271828.458114,273089.247237,273421.821330,273107.258090,272613.405984,272494.150483,273047.525118,273385.833376,273902.619334,274678.751179,275142.735569,275400.827936,274837.601553,273707.964484,272352.674431,270542.485055,269447.036442,268601.660534,266609.861820,263128.474996,256481.681227,245202.410356,228145.299182,201060.257084,158228.259700,97009.034556,22191.240408,-66924.492764,-171132.765445,-271896.266631,-352818.672494,-410832.478371,-449597.977945,-474602.831642,-489742.159593,-500682.127692,-512941.621307,0.000000,0.000000
0.000000,0.000000,-513569.944497,-499951.305242,-485826.138681,-467481.764413,-437898.445455,-393725.649435,-327327.306675,-244173.409211,-159870.114027,-65933.949337,26694.518449,101789.152339,165054.735424,210811.718475,238454.895673,255765.857230,265855.038805,271001.238220,273593.061453,274482.549983,274565.184663,274631.414161,274379.748296,273956.255654,273250.917524,272460.559192,272021.719955,271734.656295,271151.932756,270404.902197,269549.950110,269064.935658,269147.412933,269192.902699,269327.328455,269795.481143,270565.893858,272049.336558,273759.141106,274734.671195,275238.141002,275722.401043,275790.856435,275012.044154,273970.482540,273320.079650,272984.005107,272835.228719,272404.505913,271805.036496,272084.477599,272677.629591,273158.012365,273563.250268,273171.414201,272312.566028,271692.725969,271794.901570,272072.292844,271792.359790,271189.405855,271195.367390,272220.434264,273328.039867,273818.706180,273580.787960,273276.958480,273181.290852,273352.713568,273395.215339,273354.660813,274138.075664,274963.228812,275262.632194,274673.962216,273339.068359,272037.195378,270648.771250,269558.451180,268462.353546,266051.164105,261178.339249,252125.876148,237270.308283,213762.660699,176321.418773,122629.603860,47576.584316,-38081.073726,-123740.592145,-218357.093535,-307392.511009,-375434.208898,-423908.308589,-456615.141033,-478516.905169,-492018.016571,-502114.441084,-514776.131440,0.000000,0.000000
0.000000,0.000000,-513943.844094,-499537.983985,-485248.721447,-467181.949987,-439443.302833,-392694.171710,-325872.640674,-241935.030680,-153896.207377,-68350.733698,20079.153669,96041.035914,158480.809772,208329.613557,237472.079810,254793.770312,265640.037474,270724.316544,272926.236129,273936.050843,274686.279343,275095.829272,274978.398994,274584.403796,273675.050319,272735.385966,271924.545787,271356.620338,271093.024003,270384.625729,269252.045478,268819.211005,269122.901777,269418.734910,269732.594166,270213.962996,270864.454089,271785.450096,273042.040037,274142.877403,274937.890832,275451.748163,275172.769813,274144.551965,273043.574916,272349.627180,271976.470454,271616.877363,270979.487231,270828.970678,271856.481173,273060.369762,273876.724231,274167.235736,273637.627862,272840.567186,272468.405949,272566.924808,272632.941358,272132.075369,271437.986675,271377.129714,272298.597690,273592.785920,274177.014283,273877.040061,273466.549179,273675.920540,274062.868706,273831.454910,273462.335705,273904.374382,274743.433563,274841.122906,274144.841826,272918.949838,271561.721980,270578.041010,269520.176525,268041.840680,265302.213748,258755.343720,246821.036298,228362.224192,198243.818364,153155.800448,88096.069435,3459.031165,-85961.411175,-171923.118705,-256129.396459,-335006.945631,-395414.150345,-435627.213813,-463961.248943,-482525.577260,-494518.438217,-504470.790528,-516539.609476,0.000000,0.000000
0.000000,0.000000,-512517.979557,-498279.359258,-485460.525413,-468082.847273,-442152.912822,-398495.137333,-332147.795711,-248559.297876,-159544.056189,-71431.763598,15555.373125,90779.693731,155049.005247,205976.936223,236262.770884,253775.317081,264641.613710,269865.726178,271929.864093,273181.226339,274410.643760,275232.728408,275317.525425,274869.117359,274053.359413,273099.506894,271923.426804,271070.138753,270657.418750,270147.285197,269511.243109,269158.697045,269212.347855,269639.553555,270067.930082,270510.948237,271076.442884,271616.301235,272450.451427,273412.812986,274177.432057,274498.437368,273774.383156,272789.728555,271991.840467,270997.554385,270224.792935,269805.445954,269337.126877,269563.518469,271214.356309,273139.908049,274228.585569,274476.479673,274277.830997,273846.727170,273629.575907,273676.365426,273431.157734,272948.640802,272366.395588,272028.390450,272612.404372,273653.347750,274281.958588,274217.786448,273880.701920,274365.495725,275013.232913,274689.509409,274138.131871,274019.364142,274280.137687,274316.576047,273551.573650,272572.550384,271616.554255,270400.834646,269324.399950,267771.456733,263998.472335,255979.817683,241968.833194,219221.085096,184378.637928,134718.592024,63457.199113,-27632.886023,-123265.849627,-209783.891630,-287906.645115,-359507.766018,-412595.242192,-447385.383737,-471691.260017,-487131.614060,-498033.805727,-507684.212705,-519094.340260,0.000000,0.000000
0.000000,0.000000,-509738.690502,-497966.838650,-487185.298739,-471673.037593,-446823.253619,-409203.370109,-346642.797858,-267346.959011,-184336.308783,-87460.627636,7191.664022,85780.173216,152052.912773,201890.258193,233966.184173,252923.938513,264167.916727,269428.916152,271695.078082,273139.923524,274189.936666,274855.770354,275234.276683,275017.744914,274229.253715,273288.158457,272106.272997,271040.563842,270438.184346,270119.889640,269725.834560,269401.373512,269306.821989,269478.754404,269925.948366,270404.644163,270854.437349,271379.497142,271945.226949,272465.280068,273042.391432,273231.051748,272736.486017,272105.566309,271361.737224,270269.917432,269129.133741,268352.614259,268159.480635,268996.596541,271056.578101,273102.505321,274174.400329,274623.894850,274688.229903,274420.943255,274115.571460,274006.883213,273776.460806,273562.451158,273372.021099,273049.529447,273061.894320,273528.096407,274302.508932,274565.766399,274477.363088,275097.219885,275897.543042,275580.182855,274655.975261,274204.599696,273854.844193,273493.511141,273087.404485,272689.361487,272102.270593,270819.647873,269399.407867,267459.118513,262466.361499,252990.017035,236918.167132,209355.155791,169404.581320,114758.339907,38391.397614,-60891.787588,-166567.592483,-256402.845242,-328540.717706,-387384.696472,-431317.915788,-460636.937340,-479398.670114,-492431.372102,-501785.279674,-510106.079891,-521696.500044,0.000000,0.000000
0.000000,0.000000,-509065.857773,-498831.975662,-489702.347216,-477157.931368,-455786.081323,-421654.070053,-370755.595409,-302477.759506,-217995.911849,-114790.705522,-10361.311457,76702.010687,148277.616882,200012.899304,232680.042430,253090.961933,264362.362537,270169.071378,272627.331114,273750.930495,274616.858085,275052.286319,275154.570797,274962.301316,274255.198933,273289.707595,272101.943861,271099.992340,270570.018686,270108.200406,269671.177425,269505.219311,269702.403269,269838.431791,269942.396588,270253.990844,270710.954911,271171.706291,271351.556052,271859.802942,272440.850514,272545.346232,272561.998232,272397.429522,271718.833897,270387.973562,268923.002280,268122.254776,268246.124526,269461.517283,271497.047924,273215.963563,273985.807387,274443.545609,274633.195009,274322.138019,273824.923446,273425.753308,273411.747243,273734.273995,273918.573943,273588.224171,273141.125664,273314.935021,273987.397906,274372.547724,274479.934295,275042.868232,275773.752398,275478.037242,274668.063661,274183.374276,273513.538827,272757.923320,272625.050525,272927.297548,272638.582037,271544.460774,269695.135561,266747.521574,260730.298383,249797.174981,230713.139702,199276.386659,154679.316640,92000.140238,7789.192894,-96329.506563,-206412.374640,-298139.259948,-365076.528448,-412752.249785,-447094.368822,-471096.073905,-486190.043980,-497184.281076,-505461.233270,-512813.848407,-524047.561874,0.000000,0.000000
0.000000,0.000000,-510737.726461,-500127.565825,-491648.512409,-481732.057035,-464920.238199,-435446.577731,-393182.354371,-332276.286468,-248512.141852,-143649.601512,-29217.040829,68739.991504,143941.058338,198828.391898,233062.307066,253757.092934,265428.902799,271411.671446,273837.613607,274455.275442,274745.375219,274693.060560,274508.690860,274337.910898,273686.322132,272546.890284,271596.859322,270792.649404,270297.094901,270067.518721,269877.550312,269888.528506,270339.646362,270740.758508,270631.326187,270518.260844,270632.392975,270828.284036,270928.505088,271381.510787,272076.522503,272485.947479,272640.537418,272748.838254,272276.274149,270675.121062,269089.571265,268597.396788,268945.689931,270074.877824,271974.153185,273329.237371,273739.773437,274098.144580,274220.698359,273799.287387,273035.393192,272756.866452,273302.907269,273794.993335,274160.667392,273992.018874,273179.152158,272991.534807,273512.032701,273900.583755,273931.938182,274209.386400,274639.224843,274430.930083,274226.438520,273993.559375,273267.074355,272620.144047,272575.618720,273061.268346,272886.724756,271774.533379,269710.681500,266032.114327,259369.229184,246802.984857,224322.712096,189297.006360,138462.276509,66348.111494,-22960.728320,-125117.101085,-230695.884682,-318209.759878,-382758.133121,-427402.000656,-456121.718345,-476869.692774,-491151.756345,-500412.764392,-508214.128739,-516163.845087,-526863.479753,0.000000,0.000000
0.000000,0.000000,-513471.216660,-501948.146040,-493363.141268,-484594.387138,-470851.649769,-446471.086839,-407616.321599,-351141.662903,-270247.266180,-164973.473886,-52283.247127,49973.085028,134723.176092,195204.818586,231731.246196,253542.437299,265892.193986,271814.817938,274087.048082,274657.655177,274388.533304,273745.200328,273284.306052,272980.323520,272343.667042,271322.538078,270511.932447,269959.696513,270076.073711,270467.779552,270614.865071,271002.778301,271413.644373,271586.577735,271274.829583,270812.285568,270652.125164,270443.773676,270398.178007,270544.291531,270973.011385,271713.586209,272168.414949,272406.559831,272123.267811,270930.093764,269790.340321,269320.681088,269647.605097,270780.987126,272134.017355,273084.159796,273367.113032,273528.964629,273482.302431,272826.402217,272289.571010,272661.663820,273630.875771,274374.912917,274747.853458,274409.352666,273336.759931,272775.502782,273156.899346,273494.297197,273277.125037,273322.717683,273657.104353,273429.910910,273356.608964,273526.310344,273095.722198,272649.418859,272896.298060,273220.170598,272685.480359,271247.421585,269194.468157,265589.477103,258468.101062,244648.519926,219534.994634,180399.107973,121047.318235,40635.479013,-55722.212865,-152627.880613,-240165.020890,-323626.076862,-389192.202634,-433144.412245,-462807.193854,-480563.197274,-492973.024093,-501705.602634,-509634.264756,-518987.937183,-531197.889494,0.000000,0.000000
0.000000,0.000000,0.000000,-505551.533366,-495861.766517,-487777.213468,-475821.347288,-454463.800830,-418438.970199,-364766.708155,-286275.286075,-186669.266028,-82811.745277,23085.725991,120243.921396,187716.685556,228191.956756,251929.880142,264172.578117,270501.712820,273358.877591,273908.425118,273710.555243,273234.531249,272509.435984,271700.661721,271170.438414,270505.376126,269796.334917,269752.110499,270355.491436,271041.584397,271736.525391,272317.278587,272474.648710,272199.744087,271440.156110,271025.923895,270923.750597,270358.217719,269827.704638,269790.695344,270002.651021,270352.830850,270956.770619,271551.249513,271783.641018,271335.097739,270655.127739,270396.731322,270788.152521,271681.460727,272452.604452,272892.547347,272905.667595,272721.207209,272511.461598,272114.494670,272065.914863,272790.052032,274036.722823,275190.336413,275412.569226,274609.265632,273414.577692,272596.742426,272829.728764,273301.260032,273235.878227,273267.739291,273243.939855,272992.852758,272920.747064,272898.787710,272587.903867,272607.162308,273173.109175,273355.157159,272791.972175,271073.444480,268851.578866,265367.651115,257475.951131,242846.290283,216790.176544,174198.997173,109584.771678,19864.718873,-81998.389470,-171629.676608,-248566.057304,-324783.754469,-389999.486885,-435847.539455,-465201.281399,-482161.578538,-492729.765926,-501714.218059,-510270.619485,-521338.204443,0.000000,0.000000,0.000000
0.000000,0.000000,0.000000,-510814.609200,-499983.531172,-492039.684559,-481204.134323,-461585.159848,-428415.853744,-376311.198658,-301985.602569,-211238.706152,-108925.305864,3405.152111,106218.251409,179314.416931,223206.190895,247981.506826,261318.506805,268367.495754,271806.417373,272532.788521,272371.848500,272225.834404,271715.577741,271163.090727,270874.875400,270413.308311,270182.162849,270193.859562,270551.950447,271364.543353,272191.762065,272864.500306,273177.074098,272635.805395,271789.728805,271552.150808,271478.299717,270946.851860,270125.236835,269817.784576,269816.469957,269676.145272,270178.647246,270948.910370,271470.115013,271687.123538,271400.437955,271534.524314,272119.924870,272627.094211,273177.194795,273029.511689,272457.672267,272106.811534,271729.985494,271639.667624,271840.062790,272582.770582,273965.312953,275130.012117,275360.314189,274593.252018,273350.653483,272532.145434,272763.674360,273229.450478,273473.911585,273591.583304,273343.841946,273042.861678,272912.268335,272760.911199,272592.836690,272857.247741,273589.517414,273848.137829,273154.594923,271373.255243,269044.055327,265054.336487,256785.571247,241871.261225,215123.786989,170990.109155,105725.391613,12452.050721,-91006.145417,-182628.493338,-262053.115077,-329979.726762,-392664.211269,-438608.931431,-464736.322443,-482245.332538,-492718.598091,-500872.120661,-509579.800791,-521948.592087,0.000000,0.000000,0.000000
0.000000,0.000000,0.000000,-516319.400532,-504362.815127,-496373.127792,-486250.772379,-467780.033893,-437265.990263,-389838.128376,-319917.405419,-231290.416779,-130758.234332,-15766.053367,95132.106239,172302.777612,216210.591103,241728.700185,256801.995941,264825.715698,268652.916396,270366.475316,270716.467212,270879.380615,271040.239511,271092.320577,271163.725319,271284.476845,271370.055969,271068.949308,271150.081981,271553.617013,272269.027442,273340.814669,273786.692415,273422.158061,272945.775843,272798.678363,272536.606287,271778.405300,271165.530079,270871.628103,270258.745520,269931.943471,270326.752166,270891.883272,271550.802908,272034.531142,272159.389953,272425.649293,273099.601204,273750.525375,273843.076750,273192.820732,272294.124947,271507.621181,271034.107857,270998.108695,271276.548943,272168.180764,273324.278157,274321.722767,274855.084861,274472.614033,273484.780170,272675.527659,272528.457900,272796.380958,273074.170443,273408.853087,273441.960864,272923.539547,272734.344269,273027.840676,273116.877094,273172.537067,273638.083479,273946.889607,273427.213129,271950.247881,269457.106600,264938.119343,256284.540556,240743.670294,213691.054497,170933.110673,108031.746957,19574.249731,-84236.880923,-184346.683561,-271966.016227,-343881.824880,-400479.318690,-440816.882890,-466172.187596,-482563.478539,-493208.977436,-500554.449899,-508617.431571,-521061.309452,0.000000,0.000000,0.000000
0.000000,0.000000,0.000000,-521117.103672,-508275.006435,-499529.867272,-489872.519883,-472633.986663,-445104.320742,-403053.787476,-339967.806384,-258119.876466,-155593.731585,-33200.177170,80553.816561,160366.969641,206539.890422,232809.192198,249897.983750,260103.825254,265056.874531,267410.995948,268690.240933,269827.550738,270807.162118,271295.314784,271847.247188,272409.562750,272669.031488,272610.451611,272652.685383,272769.026835,273412.129576,274297.166810,274597.560873,274476.830439,274185.899188,274095.783008,273747.569694,272732.783781,272276.341819,272211.705792,271489.063528,270888.381437,270939.065223,271480.668852,272076.962479,272427.289415,272585.890283,272764.184978,273424.343601,274221.548284,274111.529368,273123.329634,272090.953394,271012.909919,270333.763029,270370.693751,270717.651048,271557.937014,272800.859511,273885.017734,274485.713536,274498.303718,273903.589246,273008.063899,272132.433419,271766.106518,272043.611690,272524.306617,272782.497142,272557.006290,272597.367834,273009.557596,273281.179486,273293.896197,273221.203867,273477.122985,273480.901299,272410.058708,269709.741995,264274.611205,254890.118540,238653.931483,211899.943145,170757.241649,110370.848639,28321.701301,-69990.369160,-175005.057685,-275488.492202,-354530.571508,-406978.378345,-442865.046991,-467922.161349,-483836.576819,-494270.698038,-502186.798942,-510179.491742,-520675.196193,0.000000,0.000000,0.000000
0.000000,0.000000,0.000000,0.000000,-513368.919657,-502386.438876,-492677.764231,-476645.400472,-452062.545008,-414792.617466,-360054.964449,-283774.177209,-180091.291215,-55559.115278,61975.082445,142954.027112,189911.201633,219113.938795,238544.290350,252558.618188,260588.581727,264151.816794,266361.998726,268355.133292,270102.576656,271430.374451,272630.596515,273522.974015,274057.093434,274315.905052,274409.383542,274636.436273,274936.040615,275112.222843,275059.548458,274934.910585,274918.890741,274795.523149,274277.208180,273585.681070,273187.504720,273203.368303,272773.607072,271914.548410,271796.242139,272133.483756,272123.631448,272110.640040,272238.293906,272510.687216,273232.677882,273936.980783,273802.764689,272710.453836,271543.539120,270706.362636,269900.560849,269694.496669,270314.324861,271220.285105,272492.754214,273801.243467,274471.513194,274741.134923,274523.911038,273376.738490,271928.492158,271059.227103,270917.451737,271329.090399,271803.307957,272092.983687,272597.852185,273056.847969,273429.854278,273163.746080,272441.784138,272614.381306,272634.828549,271717.182841,269052.305620,262975.737708,252910.071110,235724.922998,207274.106982,164576.612731,100987.686029,22037.277818,-66166.511544,-169801.757296,-274629.557672,-356834.683438,-410316.599722,-445024.349360,-469703.672223,-485626.284517,-496112.845769,-503858.991340,-513492.171703,0.000000,0.000000,0.000000,0.000000
0.000000,0.000000,0.000000,0.000000,-517791.141026,-505019.357136,-494785.485748,-480831.794282,-458248.384358,-424964.736620,-375539.164058,-300856.157352,-198788.338417,-75860.468812,41985.539106,120748.746936,164326.815736,195276.947023,221425.495022,241457.367367,253506.225083,259999.412207,263655.995424,266343.847182,268899.908234,270902.779882,272804.296312,274462.183583,275285.486545,275606.403858,275798.793842,275765.429408,275574.903470,275541.087543,275205.780513,274897.211990,275082.828541,274976.110132,274510.343663,273929.651059,273626.737109,273820.268491,273404.337964,272614.857175,272441.934823,272307.449888,271825.995904,271541.959388,271723.122549,272263.386247,273113.767460,273770.353727,273376.170200,272130.876298,271090.125263,270415.390691,269673.697639,269333.368211,269974.953497,270975.951299,272175.096727,273447.321945,274296.182071,274830.748372,274680.481579,273673.130285,272341.251550,271262.931099,270643.771547,270685.739782,271212.387501,271774.467483,272528.668175,273216.500805,273358.996493,272765.418675,271893.289209,271745.107499,271854.905193,270990.317360,267966.508097,261419.325426,249491.984728,229604.949638,198890.100014,151964.290709,81103.609271,-2868.612973,-83010.571923,-172857.544104,-274331.352481,-357976.174958,-411764.037018,-446666.133532,-470774.932727,-486536.639096,-496520.697065,-504047.459915,-514465.532777,0.000000,0.000000,0.000000,0.000000
0.000000,0.000000,0.000000,0.000000,-518264.185262,-505806.592364,-496199.237710,-484825.972036,-465430.156105,-434765.592605,-387526.249617,-317878.119017,-217499.254948,-94598.589968,12284.664067,86557.091811,133508.965314,165930.369055,200394.257543,228140.171160,244153.835488,254091.520625,259944.545861,264039.326678,267220.844597,269893.285258,272457.215563,274689.181576,275771.382586,276110.063800,275997.767670,275762.210951,275603.182577,275558.930215,275378.864686,275070.215383,274945.067372,274850.266181,274574.821645,274156.224936,273967.943167,274055.734118,273791.129101,273096.875333,272814.654630,272607.757780,271917.387630,271430.297125,271708.904454,272733.642551,273736.851155,274079.855038,273256.772893,271688.509528,270747.780168,270138.913781,269575.214488,269561.773822,269975.608926,270768.896944,271933.444656,272962.396894,273724.071032,274153.330792,273986.874987,273456.109438,272687.133295,271894.438123,271299.449533,271012.644577,271301.119203,271973.355506,272537.141045,273077.726146,273150.370707,272525.810324,271844.088980,271311.565669,271195.353620,270155.562619,266300.907672,258596.202834,244228.814313,222169.001941,188958.228763,134719.749935,56225.819242,-32347.125084,-109229.730057,-187777.958142,-282061.445725,-361690.234881,-413788.853908,-448717.168407,-471557.863831,-486848.418609,-495993.307807,-503237.746114,-514285.453738,0.000000,0.000000,0.000000,0.000000
0.000000,0.000000,0.000000,0.000000,-517968.295409,-506717.904993,-498142.251393,-488660.303517,-473233.511883,-446549.364297,-403994.333264,-340944.964640,-250378.418991,-141892.829499,-43382.252750,32813.023677,90281.912537,136206.463900,176580.271569,210087.092628,232605.768874,246195.435305,255119.627165,260817.275327,264755.641183,268021.380734,271292.095172,274022.122477,275425.361959,275705.431230,275072.120292,274592.579974,274800.174965,275066.832664,275199.741133,275103.702422,274892.507298,274622.568546,274346.902729,274439.497736,274450.071650,274237.138221,274027.438046,273424.032929,272962.166923,272824.298561,272233.464245,271732.406065,272242.399410,273463.342022,274538.222700,274598.374034,273363.384038,271812.139522,270929.112428,270349.388270,269947.520853,270012.696957,270376.315874,271001.941743,271777.652043,272543.038930,273005.369500,273019.012388,273245.307603,273264.162266,272893.787266,272466.593139,272014.330292,272124.241363,272182.085430,272460.522287,272890.816985,272805.912373,272742.436343,272257.618341,271571.207496,271074.173532,270271.690112,268353.262569,263771.405815,254670.378293,238360.258563,212310.448581,172137.896510,111117.570990,26482.582958,-65027.431012,-142071.667700,-217639.362986,-302155.399324,-373841.099149,-421580.409369,-452752.968785,-474162.575205,-488619.426990,-497291.019762,-505052.412397,-516303.522389,0.000000,0.000000,0.000000,0.000000
0.000000,0.000000,0.000000,0.000000,0.000000,-510633.225480,-501563.335821,-493338.807603,-480399.880744,-458651.168129,-424794.619055,-373833.170555,-301272.777816,-216367.229905,-125118.776805,-38918.423125,30481.922458,93832.497378,146179.253888,184383.814205,214033.885163,233828.957537,247420.248789,256019.585055,261392.202246,265447.203140,268853.057898,272211.566413,274244.202839,274534.938387,273847.039916,273181.757858,273445.133215,274249.650289,274818.062851,274733.983835,274423.184664,274231.306868,274276.637818,274584.745125,274568.072421,274423.576890,274064.287809,273402.928821,272978.785671,272794.289314,272599.961589,272434.226232,272894.220337,273893.646761,274620.412702,274706.922948,273848.844276,272467.796553,271702.139010,271270.682004,270754.343474,270501.669780,270620.171584,270861.838678,271266.469026,271900.819005,272274.493680,272303.464005,272654.867804,273214.786780,273267.245137,272857.460157,272690.416803,272969.040277,273156.986774,273286.592084,273201.449497,272706.493721,272267.019914,271955.468150,271340.031178,270471.291258,268622.875940,265213.404393,259559.927784,248500.465926,228540.161413,196179.145660,146061.893932,76527.961618,-11126.348056,-103725.718312,-183467.023274,-258370.309050,-333015.588822,-393283.882051,-433499.275761,-459211.593020,-478417.836873,-492333.038028,-501017.402262,-511373.190178,0.000000,0.000000,0.000000,0.000000,0.000000
0.000000,0.000000,0.000000,0.000000,0.000000,-517560.367111,-506983.748968,-498165.236531,-486755.077929,-469415.810055,-443828.148845,-406642.449734,-354382.667506,-286227.876678,-206727.734400,-120024.276462,-33306.516267,38105.249160,95695.118732,146517.704344,186359.279410,214675.834519,234923.485450,248159.241794,256334.607025,262111.430689,266014.022961,269505.041502,272363.297788,273398.241585,272899.736454,272208.177289,272679.678148,273697.264180,274094.598699,274063.095448,273911.526577,273815.783945,274128.500498,274640.151056,274827.660722,274453.929095,273973.686285,273508.450637,273260.697670,273125.463224,273125.496924,273391.812650,273581.878334,274034.278012,274320.855913,274115.822154,273670.697755,272945.062601,272357.820625,272083.699466,271657.932343,271032.582885,270444.957232,270137.966429,270509.046581,271024.869697,271373.649706,271676.764227,272115.091430,272862.973497,273318.101460,273409.343341,273412.905393,273420.877677,273452.229852,273422.604892,273064.740134,272441.393236,271808.788468,271142.618146,270415.097022,268766.417470,265454.790375,260597.499967,253015.996861,238955.543865,214896.292610,177257.103901,117389.173323,36857.625523,-52553.281696,-140713.944656,-221977.976707,-298680.768483,-365133.776789,-413419.674788,-445065.476152,-466965.152889,-484077.364006,-496346.324793,-506653.957760,-519298.702689,0.000000,0.000000,0.000000,0.000000,0.000000
0.000000,0.000000,0.000000,0.000000,0.000000,0.000000,-514199.904155,-502972.226481,-492458.033072,-479009.860848,-459714.245432,-432624.494570,-394693.716223,-341321.348264,-272702.502094,-190733.001414,-104271.413255,-32039.624287,31663.955278,96876.966395,150406.292109,188440.452230,216186.462882,235484.600754,247993.820931,256157.701045,261890.400960,266026.981436,269369.169040,271666.318997,272017.017896,271794.591208,272622.885660,273419.228028,273506.859495,273242.088238,273089.326690,273199.297615,273862.374160,274896.128490,275252.010384,274655.548511,274130.957958,274019.831347,273627.037330,273345.711261,273536.159655,274076.615739,274445.308036,274283.390314,273992.239499,273249.532227,272560.267392,272400.768502,272299.147079,272303.857460,272268.155750,271461.641402,270353.354861,269870.541530,270032.471643,270563.669125,270962.572197,271315.794868,271833.479848,272436.563364,273279.632377,273921.085684,273970.458536,273678.121973,273032.852400,272692.473707,272467.499282,271627.876387,270669.970586,269952.124721,269018.878309,266348.537714,261079.268098,254082.880993,243331.435157,224873.077268,197531.580324,154115.128415,84626.919201,-4885.657856,-95914.354901,-182876.948130,-265343.922304,-335899.502531,-392530.805925,-432134.049181,-456782.530892,-475243.781544,-489349.513508,-499615.543404,-511352.627382,0.000000,0.000000,0.000000,0.000000,0.000000,0.000000
0.000000,0.000000,0.000000,0.000000,0.000000,0.000000,-523181.928265,-509729.751663,-498860.186832,-488076.861061,-473665.113896,-453242.635101,-424131.651742,-384529.887689,-326300.184511,-252602.008681,-182645.611789,-111234.852527,-33302.437387,40276.458940,104210.954786,153688.217544,189550.066252,216826.155639,235570.122656,247139.849889,255331.239021,261669.580089,265861.369174,268644.744660,270371.053771,271435.926579,272579.908178,273421.122847,273629.119562,273020.559725,272522.634698,272737.154070,273625.071990,274847.803073,275138.603059,274573.827867,274129.645439,273999.943169,273818.180551,273366.920453,273323.025345,273965.325007,274800.062087,274788.308130,273738.834775,272368.380348,271308.553246,270977.973672,271347.259005,272008.390804,272319.242815,271533.946041,270478.112353,270312.940249,270516.427699,271042.664970,271611.869899,271879.499059,271866.630597,272165.400687,273209.905497,274367.514269,274776.410636,274079.375511,273067.575458,272338.651363,271575.902008,270602.897052,269482.715907,268638.990255,266737.411333,261752.408780,254218.585998,243666.860397,227958.005181,204807.623026,171022.382250,118941.069607,40501.955912,-57771.054984,-153820.425483,-237985.007150,-313062.911631,-373917.696718,-418080.957658,-448336.783431,-468385.290852,-482739.193581,-493706.847035,-503680.271081,-515518.834794,0.000000,0.000000,0.000000,0.000000,0.000000,0.000000
0.000000,0.000000,0.000000,0.000000,0.000000,0.000000,0.000000,-518118.384651,-506823.097120,-496480.778893,-484642.752683,-469230.844846,-447392.126775,-416592.801590,-372152.525084,-318197.914693,-254177.142680,-181329.987085,-106155.790104,-23682.310227,51373.874070,107911.704140,153556.648400,189790.731307,216752.140657,234946.818292,246598.722283,255412.724761,262065.664023,265989.220849,268576.093630,270742.289550,272398.852315,273672.253605,273779.037692,273158.066651,272872.404238,272654.821329,273220.602120,274286.654680,274498.725428,273849.718030,273236.657192,273234.815285,273534.316409,273071.311005,272673.042675,273458.869659,274617.517155,275013.323854,273772.130504,271770.801324,270316.418433,269864.175151,270601.958476,271622.459934,271822.369248,271140.976901,270458.005356,270784.543323,271660.675566,272091.073164,272466.817515,272597.973937,272213.911316,272085.982707,272936.005205,274602.924140,275346.310677,274593.298728,273207.472849,271798.496137,270562.824838,269290.485693,267784.899358,265828.813868,261934.316135,254900.551044,244537.372375,228559.442574,205470.218251,175214.804499,132348.999038,69868.491360,-16528.498050,-116952.178309,-210422.808719,-289613.683847,-354822.552894,-404951.472739,-438849.832380,-461082.087628,-477662.008438,-489321.955786,-498369.632801,-509057.979995,0.000000,0.000000,0.000000,0.000000,0.000000,0.000000,0.000000
0.000000,0.000000,0.000000,0.000000,0.000000,0.000000,0.000000,-527056.974785,-513991.865540,-503395.080713,-492112.978266,-479901.686717,-464499.821357,-441739.056967,-410404.348777,-368747.517318,-312477.608849,-243872.916269,-167645.369525,-82473.064418,-2561.497740,58476.555538,112236.901736,156891.694784,190252.598799,217551.419393,235671.956705,247464.041460,256450.791886,262827.268368,266777.380843,269760.506618,272297.571515,273761.459123,274101.776298,273655.430152,273295.080866,272847.318010,272921.412139,273752.491998,273588.711021,272718.052889,272171.608115,272430.214116,272835.691922,272603.325729,272457.267574,273151.094925,274451.968373,274826.260265,273633.050326,271587.140496,270182.101624,269917.817074,270532.247514,271395.385453,271297.835911,270567.687355,270332.084433,271142.477967,272237.296597,272778.924753,272886.865633,272732.737236,272103.931948,271509.312071,272123.059579,273760.507611,274702.625566,274326.259761,272826.544076,270883.027665,269227.886387,267162.242583,264558.007596,261126.547229,255122.226376,245549.840140,229925.274471,205506.841194,173245.324008,130845.450251,74329.391078,2347.025281,-88987.398261,-182883.827221,-261579.279959,-332185.866463,-389256.497232,-427917.367397,-454505.846799,-472806.179958,-485585.619875,-494867.619875,-504315.835164,-515522.524393,0.000000,0.000000,0.000000,0.000000,0.000000,0.000000,0.000000
0.000000,0.000000,0.000000,0.000000,0.000000,0.000000,0.000000,0.000000,-520323.647689,-509220.421669,-498162.380769,-487480.226702,-475927.327208,-459875.325920,-436828.173271,-402085.416309,-353924.848208,-291018.304364,-214130.705335,-134267.411250,-56399.874204,13116.567310,68994.562745,116801.375776,157634.969421,192030.928545,219859.532976,238169.036677,249601.750940,257841.376513,263630.473088,267843.613628,270943.168120,272971.790413,273883.842080,273956.606175,273613.618478,273093.490463,272887.625067,273198.142339,272890.938742,272110.254774,271834.417484,272112.546379,272807.641145,273192.930142,273162.261872,273610.697632,274533.971968,274358.489536,272992.067087,271453.288038,270602.482320,270613.633791,270933.281637,271177.340746,270820.230653,270053.027935,270028.633730,271060.370850,272093.449229,272709.313287,272939.087715,272640.107801,271748.913045,270889.458639,271187.291051,272503.446844,273749.827326,273824.421000,272169.233994,269409.875315,266618.087941,263666.505357,259697.273812,253774.165160,244544.520972,230474.703839,207755.698365,173089.121587,125007.501980,68199.449218,927.837101,-83396.121572,-172941.419635,-254464.601328,-321169.864786,-373945.218656,-417527.157350,-448658.608611,-468566.222726,-482595.463701,-491656.571896,-498946.010703,-510091.216644,0.000000,0.000000,0.000000,0.000000,0.000000,0.000000,0.000000,0.000000
0.000000,0.000000,0.000000,0.000000,0.000000,0.000000,0.000000,0.000000,-528762.389884,-515274.635673,-504556.094357,-494337.600310,-484223.465190,-471399.587457,-453373.303683,-428452.890124,-386418.172203,-329693.917334,-270328.567626,-197365.120641,-116617.808428,-45729.465869,15499.447055,70736.120184,120657.969265,161693.459283,196291.819350,223290.379597,240232.076908,250965.152815,258572.333890,264399.536901,268645.843996,271441.431111,272745.222468,273380.872230,273483.259875,272933.694552,272425.758544,272324.839233,272196.394518,271963.112913,271903.497591,272387.241481,273534.976274,274293.756436,274348.620870,274541.433946,274666.106220,273631.254583,272024.671408,271142.557879,270988.855003,271215.214506,271459.654157,271162.940486,270317.721277,269736.939042,269816.816905,270622.928454,271669.817558,272494.300621,272898.165563,272492.417867,271648.961879,270698.064972,270520.530539,271680.206322,272946.524964,272835.566995,270633.645239,267161.280659,263082.906393,258323.082518,251743.431923,241552.644188,228079.977355,208953.369661,179969.463894,135332.189395,71954.687107,1658.555285,-74171.780957,-161471.712862,-246115.301764,-316900.568844,-371219.444816,-410750.676873,-441698.602695,-464019.245526,-478609.173914,-488500.242324,-495739.424858,-503988.328301,-515138.424026,0.000000,0.000000,0.000000,0.000000,0.000000,0.000000,0.000000,0.000000
0.000000,0.000000,0.000000,0.000000,0.000000,0.000000,0.000000,0.000000,0.000000,-522083.372245,-510576.419379,-500226.136144,-490216.080732,-479201.719587,-466024.667563,-447488.944918,-417591.899504,-376666.417643,-328975.140197,-265516.087629,-190664.545373,-118694.279660,-45889.660334,21875.506381,77073.000502,123762.650263,167129.906482,202712.673494,225982.004298,241411.408664,251576.108590,259157.170892,265602.517277,269687.460351,271439.004855,272607.109871,272993.688095,272230.638051,271426.948049,271268.562828,271125.488105,271157.390758,271712.417124,272638.063600,273914.213124,274777.129804,275092.545192,274772.526606,273976.652485,272721.986466,271087.672583,270536.552685,271123.538712,271673.676802,271916.217947,271407.867770,270380.419782,269930.287998,269935.887768,270384.951805,271362.906489,272257.042725,272647.004310,272192.020033,271218.885353,270235.318116,270162.131607,270953.057643,271498.351146,270883.781275,268421.515823,263665.953672,257100.573783,249156.096507,238006.820440,222934.410376,204562.942959,179687.360426,143862.436130,93489.525216,26832.232868,-57463.959063,-145331.886875,-224779.682130,-301871.429475,-363717.887745,-405685.547453,-437431.097689,-459055.490202,-473639.723945,-485050.755302,-493736.584314,-500428.129545,-509977.091353,0.000000,0.000000,0.000000,0.000000,0.000000,0.000000,0.000000,0.000000,0.000000
0.000000,0.000000,0.000000,0.000000,0.000000,0.000000,0.000000,0.000000,0.000000,-529316.499230,-516140.498737,-505333.847267,-494770.635723,-485561.692975,-476318.192490,-463161.618455,-443243.987590,-415035.928892,-376591.609617,-323219.517252,-257948.498859,-187310.185239,-112482.155668,-38479.882854,24691.720409,78874.013196,133017.341820,177775.298796,207534.082596,228648.846219,243327.267276,253280.500917,261473.848726,267337.499809,269693.374722,271029.530063,271702.576462,271132.931344,270423.931909,270503.664481,270653.458450,270875.024737,271579.339345,272536.458513,273773.036851,274560.340620,274565.371048,273751.360887,272689.192758,271824.361420,270755.484151,270490.545237,271290.739665,272256.301007,272834.600490,272426.851341,271621.200602,270993.320926,270559.193815,270900.835503,271700.531829,272426.307458,272764.143556,272175.757249,270821.560108,269782.744655,269698.012220,269702.807867,268956.335971,267396.963531,263680.794847,256453.508467,246810.980225,234769.263800,217394.273903,195113.798949,168453.575886,134636.743903,93158.873182,41388.204472,-28084.071020,-116945.908153,-208868.432263,-287385.370564,-350424.441981,-398428.232898,-432924.516186,-456183.288875,-471489.340480,-482701.524946,-491889.623788,-500190.932304,-507571.812524,-516760.157020,0.000000,0.000000,0.000000,0.000000,0.000000,0.000000,0.000000,0.000000,0.000000
0.000000,0.000000,0.000000,0.000000,0.000000,0.000000,0.000000,0.000000,0.000000,0.000000,-524845.145351,-511472.895439,-500950.520632,-492262.792926,-484715.451627,-476373.698243,-462559.525194,-440904.838609,-411741.357289,-366695.015486,-307199.278038,-249660.027449,-185566.295362,-110385.101379,-38926.351811,29825.677765,95390.646686,148267.339421,185356.227519,210807.480026,230902.189915,245732.148353,255703.082864,263229.236661,266729.528970,268028.011302,269082.652873,269504.840269,269710.357361,270283.442743,271087.581508,271579.364536,272114.107128,272646.145531,273424.606491,273918.886073,273489.616296,272673.480304,271922.555062,271332.171367,271138.433018,271309.935410,271881.158015,273001.945199,273881.314666,273742.606683,272900.470244,272071.334698,271683.998064,271990.695523,272718.054410,273598.726760,273781.258626,272601.732710,270810.676776,269421.144402,268472.074224,267152.048578,265114.725385,261364.385002,254894.462960,245201.477134,232169.575479,212980.900765,186193.310510,153729.416806,113609.550593,66316.944545,17225.769209,-35648.005497,-101326.189645,-182557.236988,-269315.520418,-341094.215264,-390186.336237,-425515.817623,-451900.895430,-469862.458265,-481724.265125,-491015.781740,-499600.405744,-507828.802794,-517894.378748,0.000000,0.000000,0.000000,0.000000,0.000000,0.000000,0.000000,0.000000,0.000000,0.000000
0.000000,0.000000,0.000000,0.000000,0.000000,0.000000,0.000000,0.000000,0.000000,0.000000,0.000000,-520182.126352,-508730.928511,-499795.982358,-492660.553985,-486264.478679,-477014.513095,-462575.049531,-438468.672068,-401945.786902,-356040.683337,-307419.919448,-253872.950066,-184432.332661,-104563.098518,-20382.823330,57414.375991,114075.833675,153557.842575,184887.416354,212064.913847,232317.587018,245752.403364,255642.849182,261345.551330,263839.258559,265430.368808,267272.886610,269294.640234,270806.486138,271662.285157,272287.687606,272924.253896,273019.877187,272970.205278,273021.245339,272666.821963,271984.658482,271313.445031,271213.114513,271491.822560,271704.393287,272474.851008,273472.870447,274028.438832,273774.803038,272725.683975,272125.918036,272035.561286,272507.204479,273501.538840,274182.023818,273979.371088,272596.841538,270431.955766,268190.388374,265885.864398,262920.316227,258669.395192,251796.501819,241877.022919,228394.730429,207971.463953,179286.290581,142473.932539,95038.280350,40078.542470,-20413.417345,-82886.863744,-135064.964622,-188828.926091,-258725.001341,-327815.813289,-381552.463803,-419142.884070,-445097.997370,-464583.231371,-479600.504174,-490552.379455,-498504.271812,-506728.323114,-517661.562122,0.000000,0.000000,0.000000,0.000000,0.000000,0.000000,0.000000,0.000000,0.000000,0.000000,0.000000
0.000000,0.000000,0.000000,0.000000,0.000000,0.000000,0.000000,0.000000,0.000000,0.000000,0.000000,0.000000,-515972.395773,-506570.111721,-498734.986113,-492622.543873,-486427.810366,-477103.188225,-460780.564167,-433786.519518,-399710.678489,-360505.298061,-312879.332876,-246900.765853,-159414.219125,-66533.410122,17636.490680,75712.701848,113060.669598,151235.968517,184569.852763,211352.327724,231921.508606,244471.833303,253049.296515,258387.204411,261629.503374,264420.648745,267585.496713,270195.006628,271430.541455,271949.188374,272621.324120,272480.317808,271980.454457,271898.024958,271811.048518,271154.364060,270238.367711,270367.324420,270696.625823,270887.173990,271758.796231,272587.913057,272586.632280,272064.477508,271301.111637,270654.556533,270691.750898,271617.157116,272664.868448,273036.317132,272768.655223,271290.631524,268182.060536,264505.664208,260765.128080,256094.574625,248449.680018,236988.361052,222892.734128,201481.852700,171411.926373,137139.885263,91509.556968,31455.237862,-33576.276035,-102043.997026,-170226.288566,-226734.503553,-276541.491271,-328769.482442,-377222.133545,-414778.369713,-441044.263767,-459625.635378,-474791.943357,-487683.645934,-497287.477121,-504875.467260,-513723.898222,0.000000,0.000000,0.000000,0.000000,0.000000,0.000000,0.000000,0.000000,0.000000,0.000000,0.000000,0.000000
0.000000,0.000000,0.000000,0.000000,0.000000,0.000000,0.000000,0.000000,0.000000,0.000000,0.000000,0.000000,-523006.201938,-511067.771088,-502327.621790,-496634.062007,-492317.966904,-485514.769582,-475828.715452,-458736.660469,-432376.950918,-401462.472390,-358706.987555,-295234.791219,-210847.071912,-113590.780089,-27576.409743,30137.858033,69150.724131,105678.297340,144059.001641,179466.396526,208341.823876,228197.794020,240759.269064,250322.484133,256519.391462,260591.010104,264365.812934,267428.550055,269322.362364,269935.214916,269898.415899,269548.813025,269262.529193,269301.636184,269598.709875,269033.289696,267676.962889,267292.163850,267564.025459,268095.285688,268956.601731,269785.817411,269806.699510,269153.548801,268470.577537,267787.381780,267934.939646,268923.032039,269774.089445,270440.392757,270299.454183,267862.693995,263496.982566,258567.950424,252833.934232,244770.803810,232566.410906,215616.370538,193527.085261,162441.988542,121902.500648,79468.534353,32906.306403,-22693.659374,-90255.915372,-163963.940184,-230750.396658,-291951.742034,-341623.256431,-381052.803845,-415952.770441,-440945.421308,-458639.168682,-472301.200574,-483471.707105,-493650.416721,-502077.181664,-510284.823805,-522081.141990,0.000000,0.000000,0.000000,0.000000,0.000000,0.000000,0.000000,0.000000,0.000000,0.000000,0.000000,0.000000
0.000000,0.000000,0.000000,0.000000,0.000000,0.000000,0.000000,0.000000,0.000000,0.000000,0.000000,0.000000,0.000000,-516605.663321,-506224.702793,-500215.434513,-496944.343598,-492428.097283,-485571.572922,-474652.655064,-456045.742981,-429084.126420,-391161.823606,-336452.999346,-259419.752606,-164431.215308,-81594.479624,-24997.550196,14602.152232,46112.813762,86179.621528,130635.626772,169926.756988,202643.250545,224039.348447,236229.474524,244890.948815,253188.340414,259376.382347,262417.573699,264606.988346,265533.688182,264695.679489,264058.097690,264106.358699,264278.078886,264423.232724,263761.812552,262230.448312,261398.153256,261232.004069,261804.117649,263120.875216,263901.393732,263779.247761,263588.793781,263299.080081,262830.775107,263254.995397,264562.892475,265727.945936,266183.667504,265375.488587,262111.297218,256816.241094,250653.359372,240555.063029,225882.201091,208862.589506,185475.234597,150343.726874,105932.937564,54327.406491,1644.055773,-42985.816210,-89782.997848,-149272.949784,-216878.896352,-283775.940986,-341442.695870,-386695.033958,-420982.371893,-444783.678200,-461123.189822,-473653.174446,-483365.795047,-491088.403234,-498159.565213,-506268.059526,-516668.401975,0.000000,0.000000,0.000000,0.000000,0.000000,0.000000,0.000000,0.000000,0.000000,0.000000,0.000000,0.000000,0.000000
0.000000,0.000000,0.000000,0.000000,0.000000,0.000000,0.000000,0.000000,0.000000,0.000000,0.000000,0.000000,0.000000,0.000000,-512660.160426,-505043.434941,-501369.975757,-498643.351736,-493698.510082,-484791.922558,-470306.762881,-448270.501333,-417002.482516,-371374.646384,-306126.891034,-225447.695491,-147097.630696,-92658.628672,-57419.069081,-26685.284939,10584.648726,62535.564105,117081.103404,163247.855217,194868.606667,213146.282254,226612.204585,237842.095295,247646.884865,253394.686417,255765.621250,257223.921706,256510.397361,255321.783785,254970.788910,255384.288640,255507.845707,253865.551116,252192.436642,251010.894398,250356.429991,250937.835097,251636.551759,252236.021519,252855.132483,253371.371764,253686.333372,253932.811895,255004.766233,256436.312210,258062.561469,259014.970409,258005.858138,254378.141413,247198.663669,236352.956176,220357.129032,198905.745178,172829.155425,138072.718371,93135.849445,33731.529688,-29728.990237,-81627.184921,-129029.607479,-174547.352615,-219274.172556,-272615.290183,-332942.900687,-383121.955503,-420274.634279,-447667.250549,-464592.588878,-476386.080427,-485421.583539,-491957.487761,-497633.600608,-504149.034123,-512756.210263,0.000000,0.000000,0.000000,0.000000,0.000000,0.000000,0.000000,0.000000,0.000000,0.000000,0.000000,0.000000,0.000000,0.000000
0.000000,0.000000,0.000000,0.000000,0.000000,0.000000,0.000000,0.000000,0.000000,0.000000,0.000000,0.000000,0.000000,0.000000,0.000000,-513594.855831,-506689.215295,-503359.991238,-499224.232462,-491954.999506,-480276.551796,-462662.513174,-438412.966952,-403198.982766,-354876.999326,-292288.803736,-229202.424211,-183179.815230,-150292.110595,-118731.366848,-77757.093487,-22390.058734,46546.759090,106956.875476,148323.426597,176939.410521,195228.573994,211103.929909,226763.154564,237483.353937,240877.012235,241368.493126,241577.221516,240371.385775,239096.349850,239170.377664,238486.932779,236169.013795,234162.397873,232377.869356,231414.126459,232660.868147,232508.613905,232981.889140,235401.678714,235386.130013,235068.762168,237783.777914,240931.750311,242573.300197,245216.272122,246485.268148,244849.748573,241254.034609,231949.759298,215206.355328,189847.500237,155682.571240,115708.062580,67598.535272,11596.273885,-48352.860214,-111828.457411,-165457.928711,-209995.581097,-252178.718621,-289292.806959,-332826.038041,-377729.691721,-415086.362941,-444573.587298,-464792.110474,-478398.618839,-486848.280815,-492785.785609,-498866.027000,-505091.699157,-513077.896535,0.000000,0.000000,0.000000,0.000000,0.000000,0.000000,0.000000,0.000000,0.000000,0.000000,0.000000,0.000000,0.000000,0.000000,0.000000
0.000000,0.000000,0.000000,0.000000,0.000000,0.000000,0.000000,0.000000,0.000000,0.000000,0.000000,0.000000,0.000000,0.000000,0.000000,0.000000,-514768.612418,-508065.281709,-503003.149533,-496286.965191,-487186.720994,-474075.647662,-455353.512055,-431230.459803,-398090.890580,-356193.780178,-315390.965010,-279872.214084,-248303.795888,-215293.295731,-168788.979573,-105698.240549,-32593.434036,36326.597833,88184.417549,123078.769850,149640.432085,175826.921542,197199.933992,209502.140764,213630.275277,214389.406577,215578.263312,215935.993494,213906.713757,210809.253590,208476.638477,206255.062199,205247.404655,203005.862127,201046.724129,202411.886246,202890.838318,203690.100842,204925.716211,204202.749233,205759.168991,209844.121535,214484.828092,220258.914939,225186.902470,225500.464817,222151.212226,218906.406824,209086.422607,187566.484338,149910.780485,95485.470756,37654.273328,-23433.976321,-88128.333095,-141777.515699,-188197.851395,-238282.339984,-283754.285484,-321698.103040,-354903.181170,-385982.293053,-416250.782465,-442328.719896,-462731.671337,-477604.143889,-487975.518396,-494123.017244,-498871.288839,-505413.222589,-514973.518989,0.000000,0.000000,0.000000,0.000000,0.000000,0.000000,0.000000,0.000000,0.000000,0.000000,0.000000,0.000000,0.000000,0.000000,0.000000,0.000000
0.000000,0.000000,0.000000,0.000000,0.000000,0.000000,0.000000,0.000000,0.000000,0.000000,0.000000,0.000000,0.000000,0.000000,0.000000,0.000000,0.000000,-515059.718361,-507015.200652,-499896.505085,-491866.220020,-481760.384468,-468095.591577,-451867.365540,-431567.460228,-407510.675119,-381840.614399,-356590.543497,-327850.918028,-293538.844255,-244744.904357,-177495.180666,-105743.127692,-40158.944573,13032.082369,59885.198806,97798.453092,127807.030476,152645.548234,165828.325683,169384.320273,170306.306146,175180.799773,176835.610099,172210.027525,167050.437360,163068.337993,160954.789081,159116.476738,158241.718076,157830.820803,156461.988345,158066.958415,160848.060204,159165.373159,156956.632635,158820.829531,163977.570533,172714.311612,182625.895083,189286.617797,189656.582016,186259.800201,183424.179072,175177.605239,147901.027823,101378.652784,36212.237846,-45271.849818,-120113.965612,-178184.860745,-226225.736612,-264350.220247,-301285.776003,-344798.162225,-380416.606193,-404607.037669,-425332.371101,-445170.207907,-462244.180693,-475307.509826,-486842.543466,-494706.169682,-499862.653134,-505611.406041,-513693.369088,0.000000,0.000000,0.000000,0.000000,0.000000,0.000000,0.000000,0.000000,0.000000,0.000000,0.000000,0.000000,0.000000,0.000000,0.000000,0.000000,0.000000
0.000000,0.000000,0.000000,0.000000,0.000000,0.000000,0.000000,0.000000,0.000000,0.000000,0.000000,0.000000,0.000000,0.000000,0.000000,0.000000,0.000000,0.000000,-513906.443184,-505233.958257,-497195.355058,-488797.023859,-478987.918178,-467988.203413,-456516.035979,-442867.471462,-427212.276179,-409454.986704,-385995.448242,-352952.088403,-308019.076227,-249792.700778,-183271.730048,-124385.340965,-73000.750249,-16856.221657,29197.039285,60647.614863,88060.698612,101864.139982,103773.322175,110141.172014,120159.281295,119529.194201,109961.925529,101709.486920,96760.132348,93739.181549,93855.144179,96557.440182,95152.247138,92615.323502,95908.918954,97448.735152,97144.249053,96033.147987,93602.101265,99336.890784,110150.050308,123008.593959,136433.914650,138045.624029,131771.728081,131410.534705,122057.884398,89604.457279,39351.468437,-30313.516408,-116095.162755,-197539.172355,-254259.641200,-292055.435107,-329091.381340,-363317.312084,-394898.257996,-421770.543168,-438123.783980,-451659.967649,-463935.402167,-473765.208225,-483967.748912,-493846.691910,-500972.532077,-506503.908131,-513856.829991,0.000000,0.000000,0.000000,0.000000,0.000000,0.000000,0.000000,0.000000,0.000000,0.000000,0.000000,0.000000,0.000000,0.000000,0.000000,0.000000,0.000000,0.000000
0.000000,0.000000,0.000000,0.000000,0.000000,0.000000,0.000000,0.000000,0.000000,0.000000,0.000000,0.000000,0.000000,0.000000,0.000000,0.000000,0.000000,0.000000,0.000000,-515337.524773,-505146.348199,-497310.736222,-489676.592415,-482202.989000,-474850.248262,-467431.111325,-458158.873021,-444440.522312,-426192.059293,-401048.757574,-366522.654738,-320960.659824,-269423.840892,-218230.630180,-165265.355402,-110892.891078,-62091.263339,-27336.596621,-2208.100494,12760.579708,22208.747525,39014.556490,48621.571405,44244.051028,28529.230400,15278.975675,13452.615621,9377.892623,13626.735347,21438.429282,19158.879857,13900.933517,8914.749434,9878.849018,16452.171930,19822.165799,19299.018372,23229.774747,33106.808583,51215.689902,72719.365649,76513.687582,69403.837673,67273.329162,48144.571415,8508.149391,-42932.658650,-109931.248088,-184229.191830,-259754.809793,-317333.351289,-352210.832088,-382662.672946,-412121.771817,-434918.919498,-450380.815057,-460520.464058,-468117.884145,-475710.104774,-482855.717679,-491359.129082,-500043.738384,-507343.851950,-516816.763778,0.000000,0.000000,0.000000,0.000000,0.000000,0.000000,0.000000,0.000000,0.000000,0.000000,0.000000,0.000000,0.000000,0.000000,0.000000,0.000000,0.000000,0.000000,0.000000
0.000000,0.000000,0.000000,0.000000,0.000000,0.000000,0.000000,0.000000,0.000000,0.000000,0.000000,0.000000,0.000000,0.000000,0.000000,0.000000,0.000000,0.000000,0.000000,0.000000,-517095.342694,-508006.489292,-500658.180561,-494417.323030,-488252.561241,-482995.340681,-477625.281394,-467915.619045,-453465.615504,-436098.623852,-412684.250608,-381195.396118,-343139.317690,-303148.280961,-256850.883197,-206455.983924,-167112.255944,-135557.005059,-110844.502434,-93494.387229,-74537.845863,-56082.311098,-44775.240410,-52854.449059,-72297.079378,-79763.839677,-80127.987916,-80925.037837,-74267.919291,-60490.578606,-58911.347768,-77738.076202,-97795.176961,-96261.760021,-83548.020931,-72098.199207,-63923.286351,-60865.759116,-46295.473739,-24122.207085,-7293.341958,-981.098309,-5943.450121,-15502.761424,-40367.315145,-89303.909575,-141557.529491,-194658.248760,-260773.306454,-322259.569120,-367334.270956,-400305.899648,-425373.945792,-445669.963429,-460499.631880,-469295.874059,-474701.420288,-479837.745589,-484775.855685,-490396.802788,-497917.496296,-507062.157338,-517144.802601,0.000000,0.000000,0.000000,0.000000,0.000000,0.000000,0.000000,0.000000,0.000000,0.000000,0.000000,0.000000,0.000000,0.000000,0.000000,0.000000,0.000000,0.000000,0.000000,0.000000
0.000000,0.000000,0.000000,0.000000,0.000000,0.000000,0.000000,0.000000,0.000000,0.000000,0.000000,0.000000,0.000000,0.000000,0.000000,0.000000,0.000000,0.000000,0.000000,0.000000,0.000000,0.000000,-513304.315919,-504923.729774,-499218.204451,-494740.603850,-490014.325218,-483783.344421,-474205.261316,-460719.219215,-444876.950301,-425237.863099,-398399.114955,-368098.961926,-334782.091613,-297266.312978,-267456.691705,-241773.764807,-217256.606408,-201946.160588,-187996.231564,-169827.832074,-157305.923722,-163864.779794,-174585.015371,-175545.306893,-172747.169345,-169459.510307,-160526.508760,-142839.821429,-142937.256379,-171248.070790,-199029.927504,-206121.226681,-190341.341777,-167223.173601,-154740.652613,-147988.862703,-132595.806989,-116315.493934,-108615.674717,-105383.832372,-113173.060556,-123847.848621,-145024.120999,-191832.485379,-239713.147355,-282649.433381,-331353.946291,-377026.351914,-410628.376528,-433969.504866,-452561.193197,-466899.729593,-476191.383359,-481575.665900,-484645.470463,-488135.104034,-492112.897623,-497328.810151,-506269.838993,0.000000,0.000000,0.000000,0.000000,0.000000,0.000000,0.000000,0.000000,0.000000,0.000000,0.000000,0.000000,0.000000,0.000000,0.000000,0.000000,0.000000,0.000000,0.000000,0.000000,0.000000,0.000000
0.000000,0.000000,0.000000,0.000000,0.000000,0.000000,0.000000,0.000000,0.000000,0.000000,0.000000,0.000000,0.000000,0.000000,0.000000,0.000000,0.000000,0.000000,0.000000,0.000000,0.000000,0.000000,0.000000,-516156.762568,-508211.461911,-503712.043933,-499414.277087,-495177.568824,-489427.867167,-480266.910097,-467994.521665,-453929.547267,-437170.749950,-416527.083033,-394201.461741,-370969.986124,-349072.234652,-329310.299748,-311139.594462,-299223.200119,-289654.887236,-276032.871245,-268310.735142,-265809.412926,-264243.000004,-263406.987874,-255693.597199,-252694.120858,-247526.169469,-232668.445183,-233970.902034,-258655.532428,-287569.616724,-298436.364566,-283132.838310,-260049.629972,-248263.415683,-233557.753622,-218621.851273,-216720.047898,-217469.715944,-222171.645337,-229523.485259,-236057.952833,-254178.584439,-286512.696952,-322408.185809,-355968.834298,-387828.759986,-418514.041301,-442661.801254,-458202.838128,-470090.084395,-479540.002300,-486107.806468,-490139.574110,-492253.943247,-495152.590576,-499628.321345,-506375.549594,0.000000,0.000000,0.000000,0.000000,0.000000,0.000000,0.000000,0.000000,0.000000,0.000000,0.000000,0.000000,0.000000,0.000000,0.000000,0.000000,0.000000,0.000000,0.000000,0.000000,0.000000,0.000000,0.000000
0.000000,0.000000,0.000000,0.000000,0.000000,0.000000,0.000000,0.000000,0.000000,0.000000,0.000000,0.000000,0.000000,0.000000,0.000000,0.000000,0.000000,0.000000,0.000000,0.000000,0.000000,0.000000,0.000000,0.000000,-518187.681464,-512941.533898,-507825.318713,-503944.069110,-500169.496647,-493701.331324,-484253.428021,-473360.195762,-462103.625411,-450609.657192,-436845.174960,-422172.434651,-409288.139337,-395396.764454,-382512.239625,-373780.271522,-366561.111938,-360039.365951,-353639.797209,-347639.970456,-344429.069719,-340879.305375,-336353.916631,-334866.370369,-331771.751056,-324888.768468,-325789.709398,-342289.482623,-362278.851877,-367861.960637,-358748.755674,-343919.224024,-330993.346274,-315253.087215,-301245.575081,-304230.708266,-312888.601957,-319202.799683,-324085.474038,-329459.498466,-341876.807549,-361922.753107,-385424.833566,-408156.944682,-430308.084244,-449657.671500,-464408.676096,-475206.140597,-482978.008879,-489079.532074,-493723.777747,-497207.156098,-500086.305611,-504249.353245,-510781.484237,0.000000,0.000000,0.000000,0.000000,0.000000,0.000000,0.000000,0.000000,0.000000,0.000000,0.000000,0.000000,0.000000,0.000000,0.000000,0.000000,0.000000,0.000000,0.000000,0.000000,0.000000,0.000000,0.000000,0.000000
0.000000,0.000000,0.000000,0.000000,0.000000,0.000000,0.000000,0.000000,0.000000,0.000000,0.000000,0.000000,0.000000,0.000000,0.000000,0.000000,0.000000,0.000000,0.000000,0.000000,0.000000,0.000000,0.000000,0.000000,0.000000,0.000000,-518538.759288,-513682.275723,-510345.079900,-504580.062227,-496653.383727,-488837.524289,-481310.543238,-474076.587237,-465988.846120,-456633.662028,-448297.077458,-440203.447989,-432002.643884,-425913.889591,-421059.558503,-417023.489875,-412627.796376,-407842.016761,-405578.010528,-403911.281670,-401994.916816,-399950.377384,-397592.590102,-395794.601257,-397292.556530,-405485.078281,-414741.882774,-417741.327723,-413730.599726,-404922.529404,-394236.554402,-383374.222032,-374080.040945,-375627.601415,-384344.790957,-387516.533128,-391279.723389,-396733.748333,-402789.031839,-415003.389956,-429957.337367,-444640.522558,-458903.233663,-471026.037375,-480977.981184,-488563.741669,-493284.081304,-497325.043036,-501936.379357,-506168.442667,-510490.979991,0.000000,0.000000,0.000000,0.000000,0.000000,0.000000,0.000000,0.000000,0.000000,0.000000,0.000000,0.000000,0.000000,0.000000,0.000000,0.000000,0.000000,0.000000,0.000000,0.000000,0.000000,0.000000,0.000000,0.000000,0.000000,0.000000
0.000000,0.000000,0.000000,0.000000,0.000000,0.000000,0.000000,0.000000,0.000000,0.000000,0.000000,0.000000,0.000000,0.000000,0.000000,0.000000,0.000000,0.000000,0.000000,0.000000,0.000000,0.000000,0.000000,0.000000,0.000000,0.000000,0.000000,0.000000,-523511.378597,-516396.334967,-509259.085309,-502957.366471,-497263.588252,-492020.263703,-486509.830528,-479489.950597,-473186.362780,-468617.000773,-464618.173570,-460615.282643,-456588.087055,-454259.011082,-452438.833910,-447664.821453,-444176.608000,-444394.034200,-442466.669361,-439804.917610,-439174.047641,-438293.475496,-439515.630220,-444150.779132,-448786.661220,-450016.247859,-447126.780394,-442742.429658,-437933.396299,-431030.419075,-425559.884029,-428127.800392,-432897.591445,-433517.831166,-435518.747867,-438766.802092,-441945.837620,-448831.318137,-458089.111583,-467762.276949,-477608.944801,-486164.354369,-493503.383068,-499402.029679,-503145.636401,-507131.247581,-513334.976726,0.000000,0.000000,0.000000,0.000000,0.000000,0.000000,0.000000,0.000000,0.000000,0.000000,0.000000,0.000000,0.000000,0.000000,0.000000,0.000000,0.000000,0.000000,0.000000,0.000000,0.000000,0.000000,0.000000,0.000000,0.000000,0.000000,0.000000,0.000000
0.000000,0.000000,0.000000,0.000000,0.000000,0.000000,0.000000,0.000000,0.000000,0.000000,0.000000,0.000000,0.000000,0.000000,0.000000,0.000000,0.000000,0.000000,0.000000,0.000000,0.000000,0.000000,0.000000,0.000000,0.000000,0.000000,0.000000,0.000000,0.000000,0.000000,-523259.272428,-516612.439968,-510828.404682,-505756.182687,-501130.036893,-495940.634533,-490659.936204,-487115.494469,-484795.569792,-482350.965598,-480763.160454,-478604.493340,-475631.608399,-472261.035552,-468605.526972,-467322.263091,-466628.949619,-465407.213282,-464324.784210,-463226.951731,-465110.886144,-469339.180466,-472050.796704,-472090.402468,-469396.066468,-465813.670076,-463303.087815,-460891.018395,-459627.781853,-461210.418138,-462004.176316,-461622.048525,-462968.454282,-463960.136751,-465514.791397,-469688.725653,-475548.703573,-482977.286521,-490962.706455,-498507.816510,-505325.197535,-510746.221418,-515542.652416,0.000000,0.000000,0.000000,0.000000,0.000000,0.000000,0.000000,0.000000,0.000000,0.000000,0.000000,0.000000,0.000000,0.000000,0.000000,0.000000,0.000000,0.000000,0.000000,0.000000,0.000000,0.000000,0.000000,0.000000,0.000000,0.000000,0.000000,0.000000,0.000000,0.000000
0.000000,0.000000,0.000000,0.000000,0.000000,0.000000,0.000000,0.000000,0.000000,0.000000,0.000000,0.000000,0.000000,0.000000,0.000000,0.000000,0.000000,0.000000,0.000000,0.000000,0.000000,0.000000,0.000000,0.000000,0.000000,0.000000,0.000000,0.000000,0.000000,0.000000,0.000000,0.000000,-525825.624190,-518028.802501,-511901.639389,-508122.910789,-504723.227541,-501714.259383,-499473.893672,-496893.391681,-495311.147565,-493385.263803,-490181.223350,-487418.324451,-484117.996751,-481469.382217,-480693.117993,-480847.093285,-480789.813898,-480557.477857,-482085.899599,-485265.575413,-487855.062300,-487757.600391,-484922.224686,-481216.065919,-478600.820912,-478184.562319,-479929.225968,-481258.456426,-480613.846599,-480420.500354,-480396.991941,-479904.915459,-481139.150741,-484320.324669,-488865.634147,-495179.161331,-502119.528703,-509661.890190,-519327.827620,0.000000,0.000000,0.000000,0.000000,0.000000,0.000000,0.000000,0.000000,0.000000,0.000000,0.000000,0.000000,0.000000,0.000000,0.000000,0.000000,0.000000,0.000000,0.000000,0.000000,0.000000,0.000000,0.000000,0.000000,0.000000,0.000000,0.000000,0.000000,0.000000,0.000000,0.000000,0.000000
0.000000,0.000000,0.000000,0.000000,0.000000,0.000000,0.000000,0.000000,0.000000,0.000000,0.000000,0.000000,0.000000,0.000000,0.000000,0.000000,0.000000,0.000000,0.000000,0.000000,0.000000,0.000000,0.000000,0.000000,0.000000,0.000000,0.000000,0.000000,0.000000,0.000000,0.000000,0.000000,0.000000,0.000000,-523810.600042,-521381.367165,-518689.348347,-515780.085485,-512193.315715,-509397.772136,-507085.097995,-503908.194506,-501253.838463,-498086.134020,-494730.208569,-491881.189998,-490537.828817,-491238.610754,-492516.897372,-493625.469277,-495087.030485,-497874.672027,-500181.050653,-499481.659583,-496393.782273,-492640.979954,-489345.660323,-488819.210513,-491290.321108,-493916.477102,-494881.669230,-494371.801046,-493481.472106,-492673.426717,-494088.520462,-497298.084173,-501652.001391,-507722.826089,-513790.610721,0.000000,0.000000,0.000000,0.000000,0.000000,0.000000,0.000000,0.000000,0.000000,0.000000,0.000000,0.000000,0.000000,0.000000,0.000000,0.000000,0.000000,0.000000,0.000000,0.000000,0.000000,0.000000,0.000000,0.000000,0.000000,0.000000,0.000000,0.000000,0.000000,0.000000,0.000000,0.000000,0.000000,0.000000
0.000000,0.000000,0.000000,0.000000,0.000000,0.000000,0.000000,0.000000,0.000000,0.000000,0.000000,0.000000,0.000000,0.000000,0.000000,0.000000,0.000000,0.000000,0.000000,0.000000,0.000000,0.000000,0.000000,0.000000,0.000000,0.000000,0.000000,0.000000,0.000000,0.000000,0.000000,0.000000,0.000000,0.000000,0.000000,0.000000,0.000000,0.000000,-527067.821562,-524010.558669,-520712.369919,-516097.319840,-510769.902546,-507328.102503,-504302.846642,-501066.778171,-500088.553645,-501748.859590,-503924.122048,-504917.277679,-506163.648928,-508615.142625,-510599.583946,-509862.193087,-506655.776404,-502328.258127,-498406.497252,-497337.720128,-499546.553043,-503108.243687,-506117.100144,-507111.524454,-506447.042576,-506585.964502,-508482.110646,0.000000,0.000000,0.000000,0.000000,0.000000,0.000000,0.000000,0.000000,0.000000,0.000000,0.000000,0.000000,0.000000,0.000000,0.000000,0.000000,0.000000,0.000000,0.000000,0.000000,0.000000,0.000000,0.000000,0.000000,0.000000,0.000000,0.000000,0.000000,0.000000,0.000000,0.000000,0.000000,0.000000,0.000000,0.000000,0.000000,0.000000,0.000000
0.000000,0.000000,0.000000,0.000000,0.000000,0.000000,0.000000,0.000000,0.000000,0.000000,0.000000,0.000000,0.000000,0.000000,0.000000,0.000000,0.000000,0.000000,0.000000,0.000000,0.000000,0.000000,0.000000,0.000000,0.000000,0.000000,0.000000,0.000000,0.000000,0.000000,0.000000,0.000000,0.000000,0.000000,0.000000,0.000000,0.000000,0.000000,0.000000,0.000000,0.000000,0.000000,-522899.735442,-519228.843078,-516055.224841,-513304.061408,-511661.196154,-514060.618677,-517139.888273,-517829.810740,-518186.187415,-519801.582391,-522181.574156,-522093.152895,-518937.255741,-514362.755373,-509614.061295,-507704.379882,-509755.490983,-514552.115278,-518727.941888,0.000000,0.000000,0.000000,0.000000,0.000000,0.000000,0.000000,0.000000,0.000000,0.000000,0.000000,0.000000,0.000000,0.000000,0.000000,0.000000,0.000000,0.000000,0.000000,0.000000,0.000000,0.000000,0.000000,0.000000,0.000000,0.000000,0.000000,0.000000,0.000000,0.000000,0.000000,0.000000,0.000000,0.000000,0.000000,0.000000,0.000000,0.000000,0.000000,0.000000,0.000000,0.000000
0.000000,0.000000,0.000000,0.000000,0.000000,0.000000,0.000000,0.000000,0.000000,0.000000,0.000000,0.000000,0.000000,0.000000,0.000000,0.000000,0.000000,0.000000,0.000000,0.000000,0.000000,0.000000,0.000000,0.000000,0.000000,0.000000,0.000000,0.000000,0.000000,0.000000,0.000000,0.000000,0.000000,0.000000,0.000000,0.000000,0.000000,0.000000,0.000000,0.000000,0.000000,0.000000,0.000000,0.000000,0.000000,0.000000,0.000000,0.000000,0.000000,0.000000,0.000000,0.000000,0.000000,0.000000,0.000000,0.000000,0.000000,0.000000,0.000000,0.000000,0.000000,0.000000,0.000000,0.000000,0.000000,0.000000,0.000000,0.000000,0.000000,0.000000,0.000000,0.000000,0.000000,0.000000,0.000000,0.000000,0.000000,0.000000,0.000000,0.000000,0.000000,0.000000,0.000000,0.000000,0.000000,0.000000,0.000000,0.000000,0.000000,0.000000,0.000000,0.000000,0.000000,0.000000,0.000000,0.000000,0.000000,0.000000,0.000000,0.000000,0.000000,0.000000,0.000000
0.000000,0.000000,0.000000,0.000000,0.000000,0.000000,0.000000,0.000000,0.000000,0.000000,0.000000,0.000000,0.000000,0.000000,0.000000,0.000000,0.000000,0.000000,0.000000,0.000000,0.000000,0.000000,0.000000,0.000000,0.000000,0.000000,0.000000,0.000000,0.000000,0.000000,0.000000,0.000000,0.000000,0.000000,0.000000,0.000000,0.000000,0.000000,0.000000,0.000000,0.000000,0.000000,0.000000,0.000000,0.000000,0.000000,0.000000,0.000000,0.000000,0.000000,0.000000,0.000000,0.000000,0.000000,0.000000,0.000000,0.000000,0.000000,0.000000,0.000000,0.000000,0.000000,0.000000,0.000000,0.000000,0.000000,0.000000,0.000000,0.000000,0.000000,0.000000,0.000000,0.000000,0.000000,0.000000,0.000000,0.000000,0.000000,0.000000,0.000000,0.000000,0.000000,0.000000,0.000000,0.000000,0.000000,0.000000,0.000000,0.000000,0.000000,0.000000,0.000000,0.000000,0.000000,0.000000,0.000000,0.000000,0.000000,0.000000,0.000000,0.000000,0.000000,0.000000
