0.000000,0.000000,0.000000,0.000000,0.000000,0.000000,0.000000,0.000000,0.000000,0.000000,0.000000,0.000000,0.000000,0.000000,0.000000,0.000000,0.000000,0.000000,0.000000,0.000000,0.000000,0.000000,0.000000,0.000000,0.000000,0.000000,0.000000,0.000000,0.000000,0.000000,0.000000,0.000000,0.000000,0.000000,0.000000,0.000000,0.000000,0.000000,0.000000,0.000000,0.000000,0.000000,0.000000,0.000000,0.000000,0.000000,0.000000,0.000000,0.000000,0.000000,0.000000,0.000000,0.000000,0.000000,0.000000,0.000000,0.000000,0.000000,0.000000,0.000000,0.000000,0.000000,0.000000,0.000000,0.000000,0.000000,0.000000,0.000000,0.000000,0.000000,0.000000,0.000000,0.000000,0.000000,0.000000,0.000000,0.000000,0.000000,0.000000,0.000000,0.000000,0.000000,0.000000,0.000000,0.000000,0.000000,0.000000,0.000000,0.000000,0.000000,0.000000,0.000000,0.000000,0.000000,0.000000,0.000000,0.000000,0.000000,0.000000,0.000000,0.000000,0.000000,0.000000
0.000000,0.000000,0.000000,0.000000,0.000000,0.000000,0.000000,0.000000,0.000000,0.000000,0.000000,0.000000,0.000000,0.000000,0.000000,0.000000,0.000000,0.000000,0.000000,0.000000,0.000000,0.000000,0.000000,0.000000,0.000000,0.000000,0.000000,0.000000,0.000000,0.000000,0.000000,0.000000,0.000000,0.000000,0.000000,0.000000,0.000000,0.000000,0.000000,0.000000,0.000000,0.000000,0.000000,0.000000,0.000000,0.000000,0.000000,0.000000,0.000000,0.000000,0.000000,0.000000,0.000000,0.000000,0.000000,0.000000,0.000000,0.000000,0.000000,0.000000,0.000000,0.000000,0.000000,0.000000,0.000000,0.000000,0.000000,0.000000,0.000000,0.000000,0.000000,0.000000,0.000000,0.000000,0.000000,0.000000,0.000000,0.000000,0.000000,0.000000,0.000000,0.000000,0.000000,0.000000,0.000000,0.000000,0.000000,0.000000,0.000000,0.000000,0.000000,0.000000,0.000000,0.000000,0.000000,0.000000,0.000000,0.000000,0.000000,0.000000,0.000000,0.000000,0.000000
0.000000,0.000000,0.000000,0.000000,0.000000,0.000000,0.000000,0.000000,0.000000,0.000000,0.000000,0.000000,0.000000,0.000000,0.000000,0.000000,0.000000,0.000000,0.000000,0.000000,0.000000,0.000000,0.000000,0.000000,0.000000,0.000000,0.000000,0.000000,0.000000,0.000000,0.000000,0.000000,0.000000,0.000000,0.000000,0.000000,0.000000,0.000000,0.000000,0.000000,0.000000,0.000000,-653700.859067,-619373.333558,-570000.685735,-520121.450218,-476866.661113,-443644.429962,-419370.568828,-401978.479448,-392309.968123,-390631.561364,-395173.277368,-404581.898086,-419110.946939,-438952.726234,-467634.186300,-511726.202197,-573727.771450,-647475.287788,-731783.875480,0.000000,0.000000,0.000000,0.000000,0.000000,0.000000,0.000000,0.000000,0.000000,0.000000,0.000000,0.000000,0.000000,0.000000,0.000000,0.000000,0.000000,0.000000,0.000000,0.000000,0.000000,0.000000,0.000000,0.000000,0.000000,0.000000,0.000000,0.000000,0.000000,0.000000,0.000000,0.000000,0.000000,0.000000,0.000000,0.000000,0.000000,0.000000,0.000000,0.000000,0.000000,0.000000
0.000000,0.000000,0.000000,0.000000,0.000000,0.000000,0.000000,0.000000,0.000000,0.000000,0.000000,0.000000,0.000000,0.000000,0.000000,0.000000,0.000000,0.000000,0.000000,0.000000,0.000000,0.000000,0.000000,0.000000,0.000000,0.000000,0.000000,0.000000,0.000000,0.000000,0.000000,0.000000,0.000000,0.000000,0.000000,0.000000,0.000000,0.000000,-696115.948694,-627743.297805,-556123.330922,-512240.758687,-487396.441922,-448306.513169,-397170.225174,-349827.939989,-310640.122140,-281704.871446,-261514.037234,-248097.814466,-241550.613638,-241307.459583,-246844.724621,-258354.002077,-274264.723431,-295560.487676,-324778.179176,-365610.723883,-423951.597510,-506791.988217,-584153.280323,-643302.119311,-715381.259318,-817570.659145,-948326.800632,0.000000,0.000000,0.000000,0.000000,0.000000,0.000000,0.000000,0.000000,0.000000,0.000000,0.000000,0.000000,0.000000,0.000000,0.000000,0.000000,0.000000,0.000000,0.000000,0.000000,0.000000,0.000000,0.000000,0.000000,0.000000,0.000000,0.000000,0.000000,0.000000,0.000000,0.000000,0.000000,0.000000,0.000000,0.000000,0.000000,0.000000,0.000000
0.000000,0.000000,0.000000,0.000000,0.000000,0.000000,0.000000,0.000000,0.000000,0.000000,0.000000,0.000000,0.000000,0.000000,0.000000,0.000000,0.000000,0.000000,0.000000,0.000000,0.000000,0.000000,0.000000,0.000000,0.000000,0.000000,0.000000,0.000000,0.000000,0.000000,0.000000,0.000000,0.000000,0.000000,-860230.860698,-741691.697089,-633097.763737,-564778.923179,-514165.087336,-439721.419773,-354534.695461,-286819.412173,-228882.616950,-174939.932381,-122674.272131,-79047.232279,-47498.314575,-24856.176787,-11670.411452,-5417.231200,-4075.489974,-8167.364675,-19096.484647,-35428.488439,-55912.060334,-80672.450642,-113034.384726,-152763.837208,-208547.007990,-285373.208475,-372996.028911,-462507.313273,-550236.049290,-668939.832550,-790489.257250,-910395.293173,-1063237.697332,-1227328.638764,-1376717.871836,0.000000,0.000000,0.000000,0.000000,0.000000,0.000000,0.000000,0.000000,0.000000,0.000000,0.000000,0.000000,0.000000,0.000000,0.000000,0.000000,0.000000,0.000000,0.000000,0.000000,0.000000,0.000000,0.000000,0.000000,0.000000,0.000000,0.000000,0.000000,0.000000,0.000000,0.000000,0.000000,0.000000,0.000000
0.000000,0.000000,0.000000,0.000000,0.000000,0.000000,0.000000,0.000000,0.000000,0.000000,0.000000,0.000000,0.000000,0.000000,0.000000,0.000000,0.000000,0.000000,0.000000,0.000000,0.000000,0.000000,0.000000,0.000000,0.000000,0.000000,0.000000,0.000000,0.000000,0.000000,0.000000,0.000000,-900353.131609,-777170.745761,-666895.668321,-541846.127902,-417286.992190,-323121.961165,-234566.376002,-146749.046801,-59422.497367,12887.945855,68946.455015,121209.974217,164342.005865,196099.864346,218110.216956,231171.009264,236953.430101,237598.106786,232041.742886,221288.970850,206843.406957,187773.475043,164193.209929,136361.747355,101457.664326,58187.608004,6066.511198,-61298.016350,-145540.699082,-231804.887668,-331558.447658,-454592.066617,-591319.345027,-747302.006414,-919832.287954,-1108086.478925,-1266611.659419,-1368837.128220,-1419540.717060,0.000000,0.000000,0.000000,0.000000,0.000000,0.000000,0.000000,0.000000,0.000000,0.000000,0.000000,0.000000,0.000000,0.000000,0.000000,0.000000,0.000000,0.000000,0.000000,0.000000,0.000000,0.000000,0.000000,0.000000,0.000000,0.000000,0.000000,0.000000,0.000000,0.000000,0.000000,0.000000
0.000000,0.000000,0.000000,0.000000,0.000000,0.000000,0.000000,0.000000,0.000000,0.000000,0.000000,0.000000,0.000000,0.000000,0.000000,0.000000,0.000000,0.000000,0.000000,0.000000,0.000000,0.000000,0.000000,0.000000,0.000000,0.000000,0.000000,0.000000,0.000000,0.000000,-963209.848632,-814855.502695,-686989.408698,-542338.099241,-378794.256779,-236080.933631,-109006.746083,-7447.408635,74981.685907,152744.939861,219717.147017,272059.362624,315155.601203,350333.594089,376511.335406,396287.190782,409521.237381,413564.067638,413420.689341,410390.590278,398879.562872,383697.967874,367650.511738,348366.364298,325783.399307,298839.999085,265029.047673,225175.996238,178594.579826,120147.941533,46619.871252,-37388.682186,-131684.605892,-250865.072666,-396893.342335,-566238.329691,-772901.359630,-997529.595037,-1182676.056424,-1287981.643147,-1318535.241802,-1312601.251115,-1289024.660009,0.000000,0.000000,0.000000,0.000000,0.000000,0.000000,0.000000,0.000000,0.000000,0.000000,0.000000,0.000000,0.000000,0.000000,0.000000,0.000000,0.000000,0.000000,0.000000,0.000000,0.000000,0.000000,0.000000,0.000000,0.000000,0.000000,0.000000,0.000000,0.000000,0.000000
0.000000,0.000000,0.000000,0.000000,0.000000,0.000000,0.000000,0.000000,0.000000,0.000000,0.000000,0.000000,0.000000,0.000000,0.000000,0.000000,0.000000,0.000000,0.000000,0.000000,0.000000,0.000000,0.000000,0.000000,0.000000,0.000000,0.000000,0.000000,-1057584.491612,-881878.085382,-733757.346026,-569323.110052,-377158.461277,-203406.711263,-49190.738730,78371.839496,178785.986214,255946.056900,319226.666899,371902.737321,411859.075435,441310.373696,464838.484109,483271.539267,497930.859895,509389.653407,514045.411021,515490.339240,511321.628747,499908.258330,486873.613365,471855.505860,453707.999350,433981.420158,409861.127993,381286.609374,350471.066158,315868.431561,276554.214320,232394.484272,176343.542242,104816.685756,18059.953100,-93511.279369,-243108.430746,-431936.121700,-664222.786261,-922788.829355,-1131423.219791,-1233467.903362,-1232061.899409,-1179626.476070,-1142413.044614,-1131866.149633,-1127692.616511,0.000000,0.000000,0.000000,0.000000,0.000000,0.000000,0.000000,0.000000,0.000000,0.000000,0.000000,0.000000,0.000000,0.000000,0.000000,0.000000,0.000000,0.000000,0.000000,0.000000,0.000000,0.000000,0.000000,0.000000,0.000000,0.000000,0.000000,0.000000
0.000000,0.000000,0.000000,0.000000,0.000000,0.000000,0.000000,0.000000,0.000000,0.000000,0.000000,0.000000,0.000000,0.000000,0.000000,0.000000,0.000000,0.000000,0.000000,0.000000,0.000000,0.000000,0.000000,0.000000,0.000000,0.000000,-1186806.188721,-987132.420616,-816920.926096,-629916.876324,-409919.489794,-212318.324148,-36502.982271,109989.916374,226096.621472,315711.339336,382231.769332,430227.173163,468552.762578,497391.280740,514363.965759,529357.336177,542572.563044,551744.118133,560499.517506,568172.968052,571129.421694,568488.855616,560361.423688,545252.708289,524963.737865,505859.727860,487878.598200,463030.618450,430812.243116,399849.009742,369697.764817,337946.180914,304755.498065,269827.998787,229996.260403,176538.694183,104960.316971,5438.687420,-139682.740102,-343236.826105,-607914.164475,-895467.631328,-1110148.578856,-1181906.602313,-1134303.140165,-1047903.997204,-978490.740895,-945856.862101,-957120.110840,-992282.941649,-1029320.840694,0.000000,0.000000,0.000000,0.000000,0.000000,0.000000,0.000000,0.000000,0.000000,0.000000,0.000000,0.000000,0.000000,0.000000,0.000000,0.000000,0.000000,0.000000,0.000000,0.000000,0.000000,0.000000,0.000000,0.000000,0.000000,0.000000
0.000000,0.000000,0.000000,0.000000,0.000000,0.000000,0.000000,0.000000,0.000000,0.000000,0.000000,0.000000,0.000000,0.000000,0.000000,0.000000,0.000000,0.000000,0.000000,0.000000,0.000000,0.000000,0.000000,0.000000,-1311297.455999,-1134754.613420,-949209.234785,-737568.145409,-486830.194905,-262402.305907,-61888.312110,104168.497723,234326.011427,334774.318685,408615.508306,460454.396250,497367.755329,524995.149003,546068.972143,562355.300289,573187.789480,580077.922400,586976.975551,594416.285702,598007.803598,603631.453032,608640.758784,599389.283925,584671.432825,563111.810480,530455.899030,505060.863902,478092.392586,441589.975219,403569.808584,367697.084809,339229.594114,314720.636167,288955.157043,263010.101281,236486.625912,198870.876758,139431.132882,48315.144345,-97162.237745,-316777.725778,-603719.529497,-900736.872731,-1096469.408240,-1119662.214874,-1013091.512229,-877831.140638,-779725.232761,-736080.547925,-739056.095803,-779046.948198,-847545.335300,-916158.512695,-978745.908590,0.000000,0.000000,0.000000,0.000000,0.000000,0.000000,0.000000,0.000000,0.000000,0.000000,0.000000,0.000000,0.000000,0.000000,0.000000,0.000000,0.000000,0.000000,0.000000,0.000000,0.000000,0.000000,0.000000,0.000000
0.000000,0.000000,0.000000,0.000000,0.000000,0.000000,0.000000,0.000000,0.000000,0.000000,0.000000,0.000000,0.000000,0.000000,0.000000,0.000000,0.000000,0.000000,0.000000,0.000000,0.000000,0.000000,0.000000,-1318044.405101,-1130861.339772,-919491.491786,-640062.340023,-374359.311409,-137960.235416,56966.024007,207560.142166,323534.715371,408960.015799,468943.048237,508045.330880,535491.683494,557427.016039,575310.572764,589338.891909,602058.291931,611015.093554,614884.855610,620409.014177,626364.799025,630542.532157,630573.827241,625226.857895,615205.553164,590737.834172,552502.418889,509613.689924,469978.835262,426612.956880,378169.948928,334986.265128,300144.405747,278468.480851,262884.562735,244177.544150,226924.999898,213814.693620,188843.660421,140952.946311,54978.262375,-98877.410711,-338890.457031,-644695.415566,-931713.905275,-1080726.968671,-1040092.496047,-873134.366237,-686295.761976,-549902.823921,-484162.093151,-480553.102063,-524843.173074,-600116.734772,-695438.080017,-796122.778138,-855262.733438,0.000000,0.000000,0.000000,0.000000,0.000000,0.000000,0.000000,0.000000,0.000000,0.000000,0.000000,0.000000,0.000000,0.000000,0.000000,0.000000,0.000000,0.000000,0.000000,0.000000,0.000000,0.000000,0.000000
0.000000,0.000000,0.000000,0.000000,0.000000,0.000000,0.000000,0.000000,0.000000,0.000000,0.000000,0.000000,0.000000,0.000000,0.000000,0.000000,0.000000,0.000000,0.000000,0.000000,0.000000,0.000000,-1273965.653181,-1152364.347255,-920435.434144,-608953.697903,-306467.462121,-56831.544301,134572.247927,281095.199505,386577.275077,459808.568734,508366.220482,538967.593018,562361.442091,583709.994463,600313.551619,609930.649242,618526.725481,627178.771349,630574.411039,637469.841384,648186.266815,653745.340839,656449.714964,653186.100560,637552.789625,616538.022674,581406.047701,532451.825151,474418.455646,409515.412486,348886.390412,286941.713591,234183.099782,205121.019912,194428.284138,192680.993392,188635.162788,182800.594526,172218.804614,154741.493307,118775.284118,27848.903950,-141912.985831,-401102.880417,-711139.594642,-963444.959170,-1046188.157364,-934971.874233,-718036.437156,-503256.634305,-342803.602143,-246470.785504,-214108.715191,-243054.800933,-319640.036155,-426611.266366,-550437.097004,-681855.976009,-786743.035059,0.000000,0.000000,0.000000,0.000000,0.000000,0.000000,0.000000,0.000000,0.000000,0.000000,0.000000,0.000000,0.000000,0.000000,0.000000,0.000000,0.000000,0.000000,0.000000,0.000000,0.000000,0.000000
0.000000,0.000000,0.000000,0.000000,0.000000,0.000000,0.000000,0.000000,0.000000,0.000000,0.000000,0.000000,0.000000,0.000000,0.000000,0.000000,0.000000,0.000000,0.000000,0.000000,-1119550.559043,-1186829.744547,-1162108.508687,-961445.446053,-644583.355255,-307082.239794,-29551.736230,176820.669246,325739.327084,424802.537069,491383.247348,536139.335461,568534.070723,593594.301445,614816.467895,629162.170282,640238.322763,644933.875037,642577.154395,644113.560463,649635.720589,656104.908265,667037.659082,675830.465592,672489.209978,666067.667545,650321.841402,618061.174724,573693.486940,511531.958423,432586.787029,345150.456040,258459.160967,182583.428702,124700.314200,92617.145247,91919.680170,107430.514485,123897.017081,131353.808107,126204.815890,111273.376260,72248.979692,-26589.416516,-218817.045307,-495187.517397,-786071.110776,-979165.778775,-985856.879273,-812863.324912,-562938.777635,-334706.257670,-167094.130318,-63181.214191,-12374.737951,-6675.204510,-49472.528911,-147377.739829,-286299.509697,-446648.318949,-614335.548919,-770187.841060,-892653.825263,0.000000,0.000000,0.000000,0.000000,0.000000,0.000000,0.000000,0.000000,0.000000,0.000000,0.000000,0.000000,0.000000,0.000000,0.000000,0.000000,0.000000,0.000000,0.000000,0.000000
0.000000,0.000000,0.000000,0.000000,0.000000,0.000000,0.000000,0.000000,0.000000,0.000000,0.000000,0.000000,0.000000,0.000000,0.000000,0.000000,0.000000,0.000000,0.000000,-1016795.702739,-1083413.397756,-1138882.173060,-1015536.476051,-741125.611864,-387915.132499,-63221.928315,172042.750015,332850.099401,435803.582779,502147.103696,548408.305889,584726.264013,616673.416507,641403.459234,654542.891969,664182.989288,672967.629377,674217.688011,670595.729101,667761.710313,670625.785548,674990.196214,679515.881139,684329.074242,682175.361348,672947.429345,656431.321067,627314.974518,576054.256095,496121.552501,391364.530544,274535.871029,161000.061381,69126.470412,8403.265627,-19448.582780,-12811.593762,18309.726380,50769.137777,67783.466529,72350.036342,56644.916203,3917.059292,-112445.616859,-323257.131270,-599797.711400,-852073.366900,-972394.655069,-900948.183669,-687346.852282,-433348.990710,-207644.954609,-42819.523674,61983.884426,122539.105805,149211.857512,145104.328757,95098.095719,-12975.807012,-176582.592465,-369757.107458,-560819.875140,-731288.102592,-842585.567302,0.000000,0.000000,0.000000,0.000000,0.000000,0.000000,0.000000,0.000000,0.000000,0.000000,0.000000,0.000000,0.000000,0.000000,0.000000,0.000000,0.000000,0.000000,0.000000
0.000000,0.000000,0.000000,0.000000,0.000000,0.000000,0.000000,0.000000,0.000000,0.000000,0.000000,0.000000,0.000000,0.000000,0.000000,0.000000,0.000000,0.000000,-870156.459476,-961972.361271,-1060814.358072,-1069415.630006,-889237.660148,-556904.643639,-186876.832203,109353.214238,298411.299378,417733.816303,490968.672418,542317.030991,582943.994964,614601.148230,639359.102392,656192.895390,667797.686325,677847.221285,684770.767633,686437.428536,686200.543669,684928.577403,684246.948113,686344.001924,687803.188987,686227.440296,684832.974559,678473.955217,663812.906021,637409.131991,581692.117272,488910.663253,360951.201910,212116.666133,70601.703148,-40171.266397,-106890.907339,-129279.049996,-113097.824901,-71567.883034,-26725.901395,2155.772094,5677.401118,-16045.467732,-77457.591834,-219758.718326,-444577.836312,-699934.903790,-897257.245329,-938479.511174,-810235.601748,-579372.520497,-333569.221493,-128919.395625,21533.657518,122959.142176,187672.661862,231130.248040,257412.197428,253630.644796,204833.013358,92524.650677,-79905.991931,-283862.515442,-489998.440211,-672891.428975,-806018.393745,0.000000,0.000000,0.000000,0.000000,0.000000,0.000000,0.000000,0.000000,0.000000,0.000000,0.000000,0.000000,0.000000,0.000000,0.000000,0.000000,0.000000,0.000000
0.000000,0.000000,0.000000,0.000000,0.000000,0.000000,0.000000,0.000000,0.000000,0.000000,0.000000,0.000000,0.000000,0.000000,0.000000,0.000000,0.000000,-774969.009695,-820169.473035,-917770.608676,-1025636.935001,-1021747.623610,-803512.461364,-420931.376823,-43626.176562,211212.377029,362996.255214,456823.455632,516985.759889,561809.111061,595698.999740,621500.956076,641342.287717,657272.441826,670747.646186,675260.755347,679454.455691,686067.217537,686830.359678,687290.403724,687610.658004,687036.209938,687925.094770,687731.278915,686407.361536,683063.381329,673728.944250,649182.579658,594090.855802,495698.147663,352004.133304,177843.083896,5339.917345,-128866.271868,-206105.400643,-227912.052153,-204465.716538,-157074.608432,-107215.021676,-73320.542746,-69347.349500,-100330.866408,-180962.841354,-339857.087759,-561789.007001,-781036.038968,-912124.715062,-886151.001053,-721072.342582,-489318.393909,-263004.472481,-81964.287163,50187.731784,139013.607078,197397.732140,249918.420364,301718.832202,335040.420058,335176.784645,287679.041557,179209.715251,5395.185363,-210550.560446,-434973.988546,-640506.419089,-784976.532912,0.000000,0.000000,0.000000,0.000000,0.000000,0.000000,0.000000,0.000000,0.000000,0.000000,0.000000,0.000000,0.000000,0.000000,0.000000,0.000000,0.000000
0.000000,0.000000,0.000000,0.000000,0.000000,0.000000,0.000000,0.000000,0.000000,0.000000,0.000000,0.000000,0.000000,0.000000,0.000000,0.000000,-703635.037503,-711025.363948,-751825.469304,-867383.199580,-997706.033906,-993668.655891,-747049.336316,-341428.490236,21929.481884,252235.955189,388958.612117,471626.663105,524534.012970,565515.308480,593322.754255,617749.968982,641436.994518,657515.092536,668043.921604,674267.838650,678808.248297,684658.332013,686412.856452,686076.041774,686419.486016,685718.634885,686021.521616,687097.438897,688150.354866,686821.820404,681212.779857,663126.318474,615821.149823,521909.212388,372388.797728,178538.650948,-23439.212994,-188753.560788,-286206.608379,-313668.970164,-290622.240925,-241225.822098,-190907.392890,-160490.380660,-160003.468216,-201515.020733,-302355.365554,-465405.583885,-664398.360559,-833688.199020,-897479.669487,-822479.125179,-639232.396774,-419020.863899,-219434.527402,-60198.054523,45934.325165,113594.572961,174129.222483,234215.449594,302316.169948,366945.660717,402292.409715,398424.002165,349366.503999,240475.365385,63290.957897,-167021.106265,-412333.009334,-629820.015490,-787948.498214,0.000000,0.000000,0.000000,0.000000,0.000000,0.000000,0.000000,0.000000,0.000000,0.000000,0.000000,0.000000,0.000000,0.000000,0.000000,0.000000
0.000000,0.000000,0.000000,0.000000,0.000000,0.000000,0.000000,0.000000,0.000000,0.000000,0.000000,0.000000,0.000000,0.000000,0.000000,-667795.317370,-641318.793071,-630359.304779,-676031.470369,-802899.906710,-954597.138768,-972378.134826,-738276.940191,-337476.342109,27230.475487,259436.346259,392503.082893,470401.265224,515898.603233,547015.400062,577875.578926,605453.270129,624748.963190,645239.505658,664178.003315,675168.632310,681774.588936,685419.458081,686360.356753,685400.459637,685580.488777,686156.371570,686291.276118,686289.429496,686851.469597,687463.765781,685589.789415,675181.265284,641194.318237,562402.903025,421023.074022,219093.557921,-8672.456055,-208608.941257,-337394.133393,-385385.980197,-373118.033080,-330900.704662,-285628.826040,-260546.686351,-270700.050732,-323452.849123,-428477.574736,-581619.873846,-745339.073317,-857392.636857,-865754.205767,-758365.150881,-577742.520746,-381025.740131,-206764.766743,-78864.240397,2938.911684,62326.329930,126841.181910,203815.099544,290746.120800,376144.160407,435144.719868,456893.900277,444153.197758,389069.263082,276455.412412,91838.942107,-151128.742946,-407074.788443,-637752.535204,-802828.915647,0.000000,0.000000,0.000000,0.000000,0.000000,0.000000,0.000000,0.000000,0.000000,0.000000,0.000000,0.000000,0.000000,0.000000,0.000000
0.000000,0.000000,0.000000,0.000000,0.000000,0.000000,0.000000,0.000000,0.000000,0.000000,0.000000,0.000000,0.000000,0.000000,-648159.535958,-601133.593673,-550128.787682,-535861.338527,-584577.613079,-717716.054464,-891401.286957,-956597.101499,-771542.304397,-389543.331715,-13012.786582,235236.735476,368561.620483,443871.962176,488577.535264,517993.357837,548216.274988,574899.746819,596370.418947,622510.192695,648683.297295,664842.645015,675665.314627,682317.278883,684706.018687,684814.157150,684735.577753,685446.001422,685954.444037,686000.658277,686361.992828,687334.280436,687626.725867,683674.029552,664570.334964,608851.859292,490509.032718,298617.689331,57366.053393,-178299.081541,-351463.281151,-436903.042945,-448932.066790,-422529.563808,-390280.920329,-374696.846101,-392217.547000,-450671.668791,-550776.311874,-679769.064404,-798149.199329,-856740.684505,-825571.410663,-706506.183765,-539979.718293,-371063.247212,-228902.570387,-132816.512759,-64943.642469,3610.159776,84356.662275,182242.454512,287923.149530,385880.343765,455867.222768,489185.367619,492347.529285,467784.541934,408330.206041,290750.359715,97833.698190,-156778.900957,-425865.845826,-664087.584643,-842850.281686,0.000000,0.000000,0.000000,0.000000,0.000000,0.000000,0.000000,0.000000,0.000000,0.000000,0.000000,0.000000,0.000000,0.000000
0.000000,0.000000,0.000000,0.000000,0.000000,0.000000,0.000000,0.000000,0.000000,0.000000,0.000000,0.000000,0.000000,-644081.539056,-579930.444801,-503050.477534,-442861.009809,-424451.279832,-473421.203612,-610952.720089,-808610.266675,-933289.614724,-823199.258201,-484115.151598,-99870.537173,176454.845263,328086.719272,406200.479752,448382.622047,476745.875010,500955.584285,524047.353567,549820.985287,578909.409128,609462.189239,636938.022276,658856.742092,673788.820697,681623.227458,684080.037051,684208.674344,683343.680457,683681.061907,684780.387331,685825.438556,686628.450506,687488.316432,687439.524453,680231.397951,649005.327501,566128.645392,407093.788987,175729.223798,-84507.309814,-309445.057838,-452612.779500,-509214.393466,-510345.171998,-495307.794718,-490943.279050,-513283.679652,-569144.216259,-654336.947273,-750244.844558,-824215.994388,-841689.856803,-785955.473049,-668426.958851,-523211.084334,-384694.354034,-271633.089623,-189400.723473,-125585.550962,-46600.364581,62594.477517,180007.450581,292343.687582,395092.981024,469634.392384,508391.663729,518825.010858,508927.261804,478600.962450,414216.352175,290151.728465,85452.518102,-181529.895763,-460403.082820,-713685.477235,-901624.970304,0.000000,0.000000,0.000000,0.000000,0.000000,0.000000,0.000000,0.000000,0.000000,0.000000,0.000000,0.000000,0.000000
0.000000,0.000000,0.000000,0.000000,0.000000,0.000000,0.000000,0.000000,0.000000,0.000000,0.000000,0.000000,-640034.302277,-570026.392368,-474146.022098,-381700.619123,-316618.591359,-300710.464702,-352566.342559,-490979.475206,-703492.913765,-883032.573283,-865830.939255,-599853.617885,-223431.497370,85451.352923,267808.090860,356975.733899,392963.926314,412026.752514,433769.643354,451846.991991,472314.280595,505223.956716,544492.251377,585811.533841,624827.687214,655080.103650,673415.479120,681117.195971,682752.922001,681584.099529,681274.592892,682578.183995,684211.993013,685351.251851,686615.532506,687948.589322,687423.313799,675594.072809,630157.458879,520550.088822,328942.442118,73782.240700,-189208.974386,-398618.484856,-523314.800661,-573880.513348,-586236.345968,-594332.412837,-618703.792595,-665827.702389,-728985.666673,-791352.708083,-828569.079002,-818150.386494,-753554.535398,-647291.961673,-526693.725275,-414779.313896,-320368.897258,-242053.632096,-164197.938357,-64941.683212,61714.472643,193073.997636,310939.464569,411884.215980,481568.940878,520586.933980,538218.347294,536389.670826,519220.668366,482524.026297,409813.948554,272164.032457,51949.584498,-233414.552389,-527688.602460,-793763.104984,-987951.708913,0.000000,0.000000,0.000000,0.000000,0.000000,0.000000,0.000000,0.000000,0.000000,0.000000,0.000000,0.000000
0.000000,0.000000,0.000000,0.000000,0.000000,0.000000,0.000000,0.000000,0.000000,0.000000,0.000000,0.000000,-560025.542900,-461661.752744,-341656.665102,-240979.665222,-178771.748837,-172077.943691,-229287.282050,-361840.871549,-574407.919890,-796998.921359,-874785.209370,-709904.470322,-376421.676692,-48532.819869,170401.569417,285122.046049,328932.745732,343370.913570,353149.852037,359321.686979,372814.345562,403084.972056,447524.438036,503486.327707,563903.802227,616758.031676,653808.415110,673130.091535,679281.976094,678858.197455,677829.847458,678290.720976,680767.459194,683488.521604,685478.092447,687144.607199,688629.925730,687050.218550,670711.787682,613312.445097,484565.225031,274559.636579,12027.290195,-245959.872256,-446971.783909,-571023.223093,-633192.845879,-664783.593505,-692831.364806,-729283.245213,-771356.585679,-806047.572164,-816479.062293,-790444.608737,-727921.602430,-640262.618460,-544825.898071,-451650.565462,-364326.524854,-277851.312830,-176150.442952,-50118.687521,93950.795309,237506.972419,359679.821999,452498.961449,514359.152151,548791.104349,565114.989454,565994.082381,551557.960938,524576.877843,479413.044554,392804.008900,236413.456238,-8518.807996,-314704.092158,-620391.002312,-864946.067031,0.000000,0.000000,0.000000,0.000000,0.000000,0.000000,0.000000,0.000000,0.000000,0.000000,0.000000,0.000000
0.000000,0.000000,0.000000,0.000000,0.000000,0.000000,0.000000,0.000000,0.000000,0.000000,0.000000,-572342.703838,-464336.217786,-328364.468232,-195276.646572,-95648.372372,-47855.734520,-51898.285799,-109975.174005,-231504.591306,-431238.203885,-676197.033315,-838303.170096,-790139.115347,-540294.677117,-223879.531505,34817.412832,188810.678573,253544.389406,270474.872861,267361.110401,259884.727186,260596.795599,279806.162208,321790.015650,387537.733218,468698.376583,549393.249367,614866.361765,655787.398751,672550.413652,674410.103452,672166.289183,671554.867080,674698.879069,679435.238100,683381.684053,685685.999312,687353.975089,688556.907073,686741.088210,667987.418831,604984.302953,470844.927507,260866.836496,5034.425399,-245088.774165,-446162.525686,-582393.516743,-664326.514993,-714449.466135,-750572.682797,-778890.856941,-794950.152924,-790821.971705,-760732.017745,-705886.835072,-634059.127912,-554427.041617,-469128.708678,-373644.869337,-261528.672263,-130374.292238,19120.344488,176455.490374,323038.414504,440308.307410,519765.257583,566921.150106,591980.468321,603735.640593,598648.730948,582156.488916,559748.174841,525399.399982,468116.759178,362939.368533,179668.933028,-99520.476987,-420128.195491,-701700.974886,-912763.532489,0.000000,0.000000,0.000000,0.000000,0.000000,0.000000,0.000000,0.000000,0.000000,0.000000,0.000000
0.000000,0.000000,0.000000,0.000000,0.000000,0.000000,0.000000,0.000000,0.000000,0.000000,-634054.205945,-509537.333880,-350044.665837,-186032.135890,-48147.797007,36223.165218,67755.779741,53324.034213,-4033.643764,-112353.364767,-292113.873939,-533265.422545,-749561.606677,-815183.670666,-679426.041902,-414061.625849,-139817.249445,57166.357184,157103.943447,188787.450884,185396.717387,165854.108352,148804.847816,149800.505368,178956.649496,243080.926019,336565.421733,444831.276420,546476.509052,620317.399371,658347.118100,667982.534230,664897.163091,662011.220088,664640.046666,670977.083232,678186.086385,683359.552259,686154.992354,687372.939617,688739.097561,687446.600017,669760.907074,611106.167969,487917.335303,297082.330141,63704.319180,-171749.199780,-373131.809673,-523685.579615,-625981.030691,-690637.386278,-727855.107867,-742490.568143,-735861.896292,-707223.619870,-658234.712866,-591266.762310,-508469.854413,-409686.700131,-291517.222789,-151589.030196,4317.588980,163064.027429,311753.501078,437083.705124,531576.113126,592284.403287,621644.538267,633517.015792,637440.765578,628769.619373,609684.030786,589046.121815,560311.693517,517295.129242,444928.870621,317429.070581,99901.668947,-202615.208319,-511595.017139,-785993.228185,-992723.513697,0.000000,0.000000,0.000000,0.000000,0.000000,0.000000,0.000000,0.000000,0.000000,0.000000
0.000000,0.000000,0.000000,0.000000,0.000000,0.000000,0.000000,0.000000,0.000000,-703378.254654,-577678.065868,-403688.927692,-212977.666692,-39001.218427,84855.079869,147789.579581,162524.610155,139748.330364,81665.930044,-13222.905958,-164285.000108,-385120.183746,-624222.418901,-777606.037064,-760762.880514,-584766.583959,-338146.751471,-113928.703061,28928.091563,91814.442388,100658.782683,77871.157842,47493.690556,28236.054100,36174.326590,84808.944492,177036.829708,304237.211942,442311.515844,558518.655482,630506.346515,657430.376015,656671.251666,649761.978985,649435.492883,656683.056971,668151.503673,677992.717698,683800.538190,686289.399161,687427.996352,688969.283319,689046.035926,676513.792269,631519.570289,535124.730808,382558.048031,189667.601753,-14286.383041,-200974.974178,-352625.719426,-463109.246891,-534131.927902,-569832.533775,-574620.842171,-551146.164351,-502379.869657,-429539.576342,-333039.970179,-214302.846327,-77941.899381,69561.478047,218572.163580,354776.086139,467783.431288,552617.343523,609700.937356,643722.709174,659096.539021,661521.291630,657404.838740,646640.105880,623579.224697,601306.129696,580942.532634,545661.630680,492516.151290,405156.240500,249567.298407,-1150.696351,-316447.505990,-623114.849474,-916267.724148,-1141650.727025,0.000000,0.000000,0.000000,0.000000,0.000000,0.000000,0.000000,0.000000,0.000000
0.000000,0.000000,0.000000,0.000000,0.000000,0.000000,0.000000,0.000000,0.000000,-639294.502128,-479362.386146,-269046.291327,-64799.484628,96475.155437,192658.497779,235275.496896,236820.837848,205226.557859,147511.928066,60913.843732,-64881.678758,-247371.342791,-476754.890114,-682282.530217,-769566.052446,-704995.297388,-526154.992318,-311754.444600,-138558.017705,-35274.008422,2217.278555,-7650.079068,-40689.008037,-75838.841239,-91740.552233,-68266.608951,7208.257051,136924.155272,301815.949948,463332.054328,581937.671830,638745.757587,646981.837357,636188.448453,629872.606306,635838.193867,651003.443096,666958.971606,678331.022918,684383.459567,686780.659705,687643.655030,688930.458955,690078.591065,684657.293487,658845.661544,598249.083925,497337.134476,363485.929362,214340.646106,70187.377800,-52546.308125,-144362.514766,-201032.142647,-222676.431092,-210633.629142,-167484.862421,-96880.564151,-3595.657573,106984.226265,225799.781839,341891.849046,446729.219579,532598.832244,594740.147846,635109.186895,657631.723916,667371.213155,667280.089761,662103.318580,653966.946123,638829.316618,619742.083874,599193.504313,577428.683707,551231.072839,513880.808470,452988.289188,345317.802788,154975.098620,-128884.231106,-458664.695346,-782613.839324,-1061846.201532,0.000000,0.000000,0.000000,0.000000,0.000000,0.000000,0.000000,0.000000,0.000000
0.000000,0.000000,0.000000,0.000000,0.000000,0.000000,0.000000,0.000000,-701796.653188,-559897.500949,-354148.019664,-126573.395521,71925.834758,202972.491615,274815.557525,299863.343937,291608.933552,252865.977969,187078.116996,108497.886040,9437.795486,-131044.640500,-325807.186887,-542954.155534,-704577.749284,-748143.732258,-666024.756285,-503873.143311,-330290.833949,-196468.903714,-123311.357261,-106332.945578,-127610.799116,-166236.798347,-198733.698174,-201765.009863,-153667.218249,-39335.729077,135542.453488,335863.942360,507234.847662,607264.498322,634948.879466,623120.206825,607702.473072,607555.351637,623953.355920,647202.501712,667219.138819,679252.576177,685135.791843,687238.980287,687693.388915,688514.861668,690168.718282,690191.478648,681343.376756,654502.245264,604997.133165,535183.364543,453631.327287,372508.249871,302977.583023,253662.359625,228655.592559,229598.497558,255368.230418,301855.413730,362701.954187,430933.894280,498920.083298,559064.182192,607321.931059,641666.826426,662014.599984,670042.101742,668526.005418,660766.309841,648099.607084,633911.273675,622211.025197,609148.325952,594919.454917,581430.805564,562961.910644,543541.177502,519882.155900,476343.539392,400621.099866,260036.074316,26268.628946,-302293.160563,-649256.014563,-966107.755242,-1201871.639081,0.000000,0.000000,0.000000,0.000000,0.000000,0.000000,0.000000,0.000000
0.000000,0.000000,0.000000,0.000000,0.000000,0.000000,0.000000,0.000000,-643929.168394,-460687.945732,-221922.091732,8140.948552,180533.568465,283183.207642,335464.478501,346168.401894,327404.896517,280412.703831,205517.527695,132851.807347,62155.727973,-41349.861401,-195411.881467,-391508.142862,-583958.367442,-709233.648756,-729691.478997,-650457.091400,-515054.748039,-378835.413172,-279599.659964,-230214.746548,-226514.861403,-253464.756185,-289763.719961,-312099.791771,-293117.244986,-206034.200985,-39492.492607,184305.269319,405594.856293,558610.708926,618286.702968,611746.676456,585837.152242,573873.500030,586573.748753,615695.010103,646627.781427,668620.951165,680311.938771,685295.117923,687298.723002,687934.693006,688465.049027,690114.790450,692283.010391,692092.034224,685992.604747,671562.232240,648612.495077,620492.473406,592113.358504,569210.577043,555772.916262,553345.660354,561487.247924,578770.158120,601443.282934,625125.823934,646706.657122,663233.436414,673160.570045,676256.808792,672256.492379,661224.220205,643586.608297,621562.767887,598252.214272,577172.793486,561763.969789,553859.778551,543667.780487,537067.755175,536167.391544,524302.114897,510460.583917,483312.599311,426020.082206,319050.542898,132476.215085,-159373.581786,-520824.458899,-854507.683806,-1146503.106775,0.000000,0.000000,0.000000,0.000000,0.000000,0.000000,0.000000,0.000000
0.000000,0.000000,0.000000,0.000000,0.000000,0.000000,0.000000,-740525.733254,-575793.344030,-346466.906004,-96829.632890,119007.562869,260386.086591,341104.720356,375528.221274,378692.728382,352828.525308,292672.291741,218627.192804,149989.738657,90039.902380,18882.035326,-95083.443602,-257263.675458,-442863.125068,-608942.179470,-710347.451836,-720950.337634,-654322.510554,-549749.170062,-447965.415870,-376528.293231,-345707.043024,-351056.037996,-377996.956224,-406062.755671,-407906.595029,-350231.748495,-205379.970782,23619.256434,284105.040087,492551.927410,594397.030329,601563.335423,566772.346524,538713.264627,540669.178981,570575.457836,612420.350438,648599.236842,671072.235637,681315.963492,685205.901234,686939.060019,688184.559778,689238.557828,690425.044554,692054.372193,693783.877159,694717.565378,693688.425607,690574.530941,685926.039824,681544.640475,678493.564251,677247.124652,677764.262752,679932.871236,682887.681410,684977.872782,685049.637924,682001.912879,674290.261711,660077.768474,638219.887603,609725.695271,576364.896481,541793.036233,510745.720524,487362.319954,473059.896049,471207.487068,472379.135941,474360.551666,486460.927376,491825.568248,488838.612267,474315.812295,433561.481053,348383.599645,191584.651783,-55157.968865,-409196.912727,-768292.009232,-1074886.699208,-1306284.229393,0.000000,0.000000,0.000000,0.000000,0.000000,0.000000,0.000000
0.000000,0.000000,0.000000,0.000000,0.000000,0.000000,0.000000,-701359.195884,-495148.911752,-238696.170442,10741.666250,198038.886747,313477.802196,379723.118390,406928.568113,406753.862223,378302.084893,316914.750586,241712.475602,175174.192168,117154.137384,54403.520009,-32067.958741,-155166.511622,-311441.162699,-480315.690364,-625162.324936,-709409.863610,-720573.685368,-673316.125597,-598316.738650,-527157.064353,-479359.380259,-462181.240541,-471278.858401,-492144.980372,-501874.759682,-466784.410149,-348568.771865,-128871.173010,155664.686402,413900.324031,562861.377557,591413.020716,551806.351148,505411.560399,489919.638374,513329.709328,562087.400079,613973.794676,652898.591902,673859.158530,682046.276692,685111.240133,686787.481057,688180.434503,689477.103329,690638.437407,692010.035171,693695.914516,694785.137207,695059.053763,694932.635641,694893.475407,694542.350133,694003.604257,692972.406094,691039.164329,688371.659502,682912.850749,672398.413620,655587.986966,630746.689606,596452.517808,553349.429500,505412.698844,457882.833387,415883.786480,385157.040514,367718.005286,366543.214012,375514.991107,389654.374884,408711.236917,426976.404133,447350.973941,460478.410027,453332.004632,423942.948762,354801.417120,214640.021948,-7015.376124,-330788.140598,-702215.841840,-1009357.358132,-1282197.888060,0.000000,0.000000,0.000000,0.000000,0.000000,0.000000,0.000000
0.000000,0.000000,0.000000,0.000000,0.000000,0.000000,-851283.132972,-660915.331340,-415711.745245,-152226.475207,84413.858308,241792.960963,340666.615648,400622.102718,432531.435800,437325.038108,418053.130317,369158.387175,291069.230622,216212.333662,150977.481792,79439.406184,2019.810740,-90560.612848,-211587.298187,-358002.771765,-509832.750697,-635607.640765,-710061.044253,-726532.900397,-699399.631322,-651769.699934,-605908.052731,-576840.060567,-568969.965911,-576466.686779,-582922.854951,-559314.141726,-463661.795563,-260378.807500,34643.548600,332080.630889,526081.738758,580555.446963,540703.847923,476531.797478,438862.280976,447762.182957,496477.198258,562112.563057,620587.934059,658199.721781,676402.455958,683288.889224,685707.501785,686849.417316,687910.107806,689399.023404,691193.331766,693181.270064,694361.095459,694355.726634,693668.226991,692914.520233,692012.221512,690298.885687,686747.351385,680382.978154,669361.886194,650264.737600,620605.805984,579595.450640,527774.916886,467795.349899,404192.027225,343920.335046,293845.345397,258209.691269,239785.330747,239367.256157,256993.334313,284272.141648,314870.313139,345248.630843,371429.050618,395739.911691,418256.101454,425247.776520,399579.503973,336823.139854,204677.443551,-13130.215672,-308488.333358,-673344.036789,-998122.312871,-1246832.577227,-1426716.872069,0.000000,0.000000,0.000000,0.000000,0.000000,0.000000
0.000000,0.000000,0.000000,0.000000,0.000000,0.000000,-847687.696613,-624623.076177,-362250.341873,-99004.183605,110192.052391,247856.876001,339334.534157,397613.253586,438659.660574,464868.354062,468399.665582,436977.383235,368625.313677,285777.855094,197568.323494,108230.546605,23929.208455,-59519.949457,-152717.762606,-266893.873154,-399807.870383,-533631.405693,-643302.152352,-711264.229280,-735701.543980,-726535.999309,-701199.166046,-675907.747178,-660058.758793,-655453.361044,-653610.471543,-632210.309758,-550566.110031,-362858.046958,-65677.834463,258865.135183,489553.323920,568639.907058,531384.473948,451978.946291,390392.677784,378026.166755,418642.238416,492759.203528,571066.057061,630274.190555,664264.906860,679375.917939,684776.622956,686368.390303,687180.610237,688564.713845,690533.747511,692586.245880,693891.273837,694119.516811,693272.879056,691549.766175,688254.204494,681690.893752,669632.622043,648754.662488,615298.012933,567169.563449,504489.441231,430832.064406,351682.540561,273264.994069,203194.374918,148817.147513,114145.873926,100185.448372,105839.147915,129448.285625,166595.860612,213040.288963,257386.374908,293587.681828,325899.331978,347387.359960,369677.476882,383358.296540,355222.534782,284611.863920,148891.486359,-76685.841923,-365713.651265,-704928.518265,-1022316.452594,-1231072.654552,-1409987.169374,0.000000,0.000000,0.000000,0.000000,0.000000,0.000000
0.000000,0.000000,0.000000,0.000000,0.000000,-1064646.717474,-858818.340878,-615900.020421,-352043.199852,-99213.113884,85921.290646,216608.926122,305200.556689,369236.652040,424040.563410,473834.526215,505851.251352,498609.217171,453503.692708,375176.638680,271263.768500,159913.124093,53815.602585,-40252.897367,-125280.651311,-215428.984917,-321275.132155,-439486.097615,-555327.067924,-650805.492080,-714387.420894,-744681.358527,-749616.569446,-740753.508219,-729094.656789,-720174.491320,-711288.190052,-686887.393636,-610706.621346,-431844.266924,-134344.404673,205939.408164,460552.135867,557262.746923,522469.139016,430438.719485,346165.406745,309086.228713,333584.596490,408348.403297,503542.840245,587407.007489,642914.723765,671150.786447,682308.199220,685645.719888,686784.386334,688104.484430,690018.416196,691854.904239,693068.606645,693248.400556,691959.797316,687787.460759,677916.370071,658539.801136,624467.820961,571588.014927,499063.423334,409844.127271,311021.605999,212267.461990,121980.757815,47452.702957,-5666.062564,-34595.607975,-39502.003333,-23998.818891,8389.746627,54567.397186,109729.932166,166434.321525,218915.762082,261637.422889,289508.252185,306172.800346,321924.739978,322234.138924,276750.821205,181791.981843,26802.017478,-212166.106966,-505532.276465,-807672.160146,-1081308.943725,-1260850.070392,-1358135.787308,-1422356.235278,0.000000,0.000000,0.000000,0.000000,0.000000
0.000000,0.000000,0.000000,0.000000,0.000000,-1116434.067234,-898798.024158,-661273.667779,-403546.654362,-174475.297713,1366.465042,133033.602768,225413.957241,301395.021890,370431.758333,438314.432032,493377.989523,518214.091667,506693.397860,455375.912240,365090.355928,244617.391510,116059.424857,-1499.839924,-102141.585927,-191021.325791,-279264.944301,-375455.228490,-478347.197365,-577351.404963,-659974.273988,-718615.465092,-752205.890059,-765441.563370,-766479.789565,-761212.055952,-749479.702214,-720722.963862,-642495.117854,-462972.708413,-163364.475360,182921.667308,445903.864000,548126.480002,511883.766064,409246.931310,305338.386949,243766.684389,247013.353911,313789.141813,419425.005773,527348.580492,609401.316658,656894.033121,677656.375143,684328.811427,686245.693586,687822.992200,689703.729159,691303.341820,692284.350812,691993.678000,688735.354217,678232.484231,653632.921538,606990.289507,532718.581486,431668.955882,311616.872138,185266.259660,66768.156203,-32819.976928,-107757.613426,-154860.630227,-174422.918328,-169008.584876,-142658.410254,-101128.071581,-48744.648669,11226.747531,74492.316770,132881.326261,184243.186655,222891.674284,242613.919709,252298.171276,248187.261001,214256.916711,136126.085791,2366.548116,-185340.554248,-431996.065312,-713650.042710,-964386.097175,-1159656.189768,-1270244.996220,-1296225.233382,-1345338.734609,0.000000,0.000000,0.000000,0.000000,0.000000
0.000000,0.000000,0.000000,0.000000,-1365923.464014,-1186446.210267,-991212.981327,-777153.157719,-544095.878011,-338693.218503,-165504.101007,-26489.539316,76948.383555,165957.609091,255308.212774,338187.828355,408570.233783,466349.688751,498646.781558,496351.970015,447054.511012,348370.133653,219984.078197,81986.168757,-47486.309925,-158283.962783,-252533.447153,-340185.682144,-428666.251957,-517770.293074,-601446.468470,-671775.030675,-723637.525306,-756154.321511,-772096.341561,-774665.519676,-764039.864505,-730792.086270,-642914.507246,-452425.929812,-147742.075980,194817.993898,448472.371537,541436.633216,497504.932592,385286.041256,266083.009570,183076.132156,163489.287469,215254.849675,323138.043705,451337.412854,561841.293885,634007.007806,669592.577357,682325.700149,685752.295440,687528.740652,689632.515031,691363.697496,691789.133169,690227.862811,682617.127756,659225.030559,607539.295140,517253.084737,388757.840131,235239.564420,77548.459027,-63176.095367,-173214.792003,-247493.329971,-287573.899106,-298081.016282,-284105.716100,-250902.227680,-203961.693517,-148539.498230,-88297.520455,-27050.961507,31609.276103,82188.043995,119771.389546,144029.332748,149761.334794,136393.879080,100190.750350,21180.905676,-104158.298641,-273856.709352,-482439.210046,-712401.406792,-937480.879077,-1105750.765777,-1195735.181203,-1221585.721579,-1213340.449843,-1216610.750370,-1252509.013596,0.000000,0.000000,0.000000,0.000000
0.000000,0.000000,0.000000,0.000000,-1393910.719352,-1253756.063718,-1113198.254832,-946724.876641,-766093.169991,-589160.518896,-422066.255869,-278313.715122,-156262.659364,-43346.185562,66261.903134,169290.458126,261464.518910,344144.785492,420699.944184,473084.712658,480484.615870,436086.293538,341103.934436,208520.946316,60663.173817,-80044.232318,-201999.857002,-304611.079688,-394302.654377,-477239.703460,-555131.763991,-625567.168476,-684065.283284,-727243.732396,-753803.480172,-763322.643419,-753445.539556,-711090.520885,-603923.929492,-393134.333910,-83185.210965,241841.745507,466498.025217,535409.477998,477207.565000,355637.625455,225657.738152,126187.526948,85251.090545,118285.029812,220490.537421,362533.168326,500751.919385,601472.712504,656825.976065,678817.213237,685004.331908,687193.385790,689450.001737,691216.811268,691546.176063,687929.919862,672381.166967,628338.966092,537119.657470,391850.010304,207057.058650,13863.387619,-156057.222837,-282994.906498,-362537.418613,-400308.930275,-405892.348329,-387860.503203,-353406.855646,-307914.817317,-255499.583860,-200716.302654,-146579.854464,-96866.227377,-54374.134810,-23040.267548,-6698.636370,-7043.839780,-28731.656027,-76321.805375,-153227.475727,-273348.691779,-433345.338569,-610897.162022,-795788.790801,-962784.376690,-1083990.246073,-1141116.067083,-1132048.951664,-1095945.739293,-1070985.447140,-1079747.709195,-1141937.960946,0.000000,0.000000,0.000000,0.000000
0.000000,0.000000,0.000000,0.000000,-1389108.454005,-1290588.161094,-1203059.168034,-1097031.404567,-986534.638132,-859616.867679,-721686.731146,-590108.666786,-456561.557235,-324680.134640,-199775.257517,-71801.407026,49360.029660,161743.185098,274681.901936,373725.515910,441042.390305,464213.285145,430991.173073,341062.081698,208986.927812,56792.062110,-92591.024186,-224872.561711,-336438.181191,-430541.875117,-511462.830537,-581908.551164,-641335.836259,-687134.492475,-716877.395946,-727085.465493,-710353.392654,-648304.849245,-511227.682214,-276748.254331,28602.941909,316677.958215,493010.414911,524855.786093,447310.904569,317436.952581,181130.367790,71110.388873,13099.702653,26777.075913,117408.689303,265424.853147,427738.136899,559312.336976,638756.637069,673431.580730,684037.549409,686996.998955,689311.206569,691013.693870,691061.197108,684849.381988,658323.594302,587037.080223,448854.738931,246786.321134,16961.126666,-192560.065076,-349471.888682,-445769.379460,-490613.516930,-499117.170672,-484501.747547,-455046.185424,-417040.512960,-374658.397043,-330799.291806,-289478.372993,-253315.107003,-225044.879134,-207488.872255,-202981.659878,-214277.297359,-245330.806629,-298263.486289,-374837.326180,-479695.572572,-612401.862203,-758809.865301,-894596.512266,-1002361.440485,-1063888.547523,-1066265.745873,-1020108.983098,-949760.243883,-893222.223188,-886951.635321,-931780.184532,-1004034.990205,0.000000,0.000000,0.000000,0.000000
0.000000,0.000000,0.000000,0.000000,-1317239.445409,-1242884.201741,-1183615.980682,-1130670.357389,-1082024.627619,-1020301.431715,-943699.261451,-853672.310236,-748324.009662,-631028.044689,-502411.095404,-367584.585138,-224604.905812,-79007.630520,64495.631692,202129.608537,321220.767764,408889.312326,448126.507190,427993.513984,349134.265670,224113.192809,75094.985497,-76256.623446,-214701.122864,-333212.673973,-431516.414561,-511549.286328,-575042.166170,-621333.164009,-647992.734746,-649121.760343,-612746.996492,-519879.929561,-349983.173932,-103379.320046,174401.978958,402325.792476,514444.514411,502344.298783,404578.057164,268769.248872,130693.589718,16177.614132,-53155.429155,-56870.283299,18670.833051,165393.113222,345870.188319,507771.989461,614959.807917,665924.287700,682605.316178,686966.550809,689206.734691,690895.409234,690464.698143,680978.811415,642168.124614,540639.946589,355292.640370,105121.951311,-151864.865237,-357539.322083,-488845.082494,-554551.384750,-575766.541169,-571322.260640,-552840.605810,-527023.349779,-498376.783807,-470068.312184,-444449.431193,-424554.436827,-412517.014596,-409624.071948,-418320.954829,-440219.266563,-476230.190164,-528296.415509,-596723.870910,-679613.742144,-772935.064319,-869381.940202,-950839.574645,-998281.310873,-1002658.393845,-956957.101667,-871089.003003,-772571.332569,-691683.491931,-660014.427304,-691244.903466,-780286.585781,-880232.408890,0.000000,0.000000,0.000000,0.000000
0.000000,0.000000,0.000000,-1300098.307617,-1198767.085382,-1109638.638626,-1042019.831973,-1005927.748156,-985742.036434,-975550.715299,-965749.978488,-943437.892664,-901968.006296,-839374.266151,-752457.903545,-641355.733763,-502739.836937,-347730.590281,-186969.648213,-23056.989390,134130.580584,272455.973557,376696.546508,431501.452776,427395.097701,365423.237276,257465.179494,121967.869305,-20992.034233,-155370.632340,-272283.296017,-367856.069613,-440151.057756,-487775.130914,-507468.304407,-491718.451310,-429252.741955,-307159.613281,-121588.562138,106384.986386,325215.249336,472792.362492,514264.037503,460091.066642,346360.241236,208812.367278,73719.140331,-39671.524122,-114400.474234,-131547.401373,-72419.838654,67161.760163,259386.294434,448814.828434,585498.350823,655811.958034,680559.853913,687113.154918,689454.978014,690861.012868,690217.379022,677592.716239,626660.478994,497583.248751,271806.572948,-13371.502131,-281727.078651,-474162.063216,-581502.905894,-627906.914103,-640533.720186,-637115.354541,-626146.831055,-612080.115648,-598749.049017,-588756.856583,-583660.446315,-584827.608146,-593787.964757,-610879.622986,-636340.554681,-670886.931070,-713827.710522,-763118.928608,-816005.887398,-868027.156364,-910903.856040,-936501.704685,-931461.813436,-884465.696070,-800976.073432,-691615.321411,-574528.777492,-475995.188556,-421353.130037,-430473.126734,-505233.984102,-635794.230853,-779462.672891,-894802.025976,0.000000,0.000000,0.000000
0.000000,0.000000,0.000000,-1175747.655719,-1059685.395839,-937345.483029,-834505.859527,-771817.351561,-742965.045263,-748903.007109,-778862.070167,-816153.834255,-843137.528510,-854788.195482,-841690.986975,-790523.005936,-701425.526673,-577815.740076,-429559.471750,-265126.573852,-91482.790253,77668.054817,228182.346913,344628.091430,413741.476608,428552.457805,390092.625253,308272.640150,199333.303166,80617.558926,-33358.771503,-131624.958084,-206590.142025,-252468.399698,-263664.096630,-233514.634276,-155598.087888,-28552.283368,135890.060710,307324.486941,441746.180091,502641.741422,480716.384828,394299.559019,271804.379480,138006.300365,10529.290058,-97281.866330,-172409.892556,-198226.466065,-153840.431698,-25379.929948,172082.974928,384916.535188,550966.467697,642882.647637,677631.987779,686833.720686,689618.581195,691094.252356,690264.459738,675715.483194,615669.912245,466157.647817,211868.845636,-95890.415370,-367567.527074,-547472.813515,-640306.909911,-679984.690403,-694661.869854,-698989.830230,-699095.496770,-698513.114863,-699620.410075,-704196.454612,-713276.406846,-726304.129652,-743661.401152,-764780.014548,-788297.860773,-812675.909563,-836360.915937,-855639.979179,-865224.477612,-862005.177214,-840579.404832,-795028.267293,-722497.484078,-619080.204100,-498030.010906,-380369.766545,-275928.331389,-204668.511933,-183522.511574,-225192.264559,-334123.544669,-498948.482924,-678386.020672,-809313.041300,0.000000,0.000000,0.000000
0.000000,0.000000,0.000000,-1058630.673865,-919866.708974,-758644.988703,-616521.229861,-514715.376150,-458337.463636,-451717.674930,-484194.071372,-545674.428805,-621651.690259,-690193.228175,-743603.186922,-774591.226992,-764579.049903,-707560.762237,-609267.625096,-475670.446072,-315130.299800,-141093.323930,31413.797586,186197.528624,309425.342332,390888.811564,425202.744465,414794.042753,368415.738398,298934.776398,220236.822140,145445.764784,85811.136467,50451.813350,46659.962738,78894.492198,147402.557761,244572.297990,352078.536918,442945.904281,489581.773400,476982.359604,409503.580415,304933.651203,182336.472693,57165.248078,-59224.075559,-157727.139592,-228613.030986,-258243.273185,-225571.377797,-109205.570991,87888.322869,318611.219573,512428.403612,627309.767460,673587.143721,685980.774237,689322.307931,691204.823190,690546.399833,675821.521365,612441.896688,452606.204549,183258.332439,-136690.480573,-410761.916737,-585334.170582,-673818.862652,-714725.974392,-735161.302916,-747383.309149,-756109.587993,-764158.675759,-772670.227244,-782005.110552,-792312.480182,-802399.106569,-811095.558637,-817146.343543,-819358.790995,-814926.479384,-801640.041373,-776980.456111,-738080.602696,-682975.558340,-612906.741796,-526436.977722,-425655.963154,-319268.857164,-211350.726775,-114875.608876,-40416.081446,2683.203865,1150.057826,-57740.201663,-183382.885769,-368043.709641,-575903.309810,-732966.992402,0.000000,0.000000,0.000000
0.000000,0.000000,0.000000,-967876.616505,-802309.281742,-601574.299331,-426745.358072,-288376.911164,-204262.684705,-173427.615974,-189855.631331,-247827.844572,-334116.138287,-429019.191641,-529335.812156,-624163.069119,-688274.615943,-711727.287911,-687562.725100,-612707.126544,-494783.386936,-345117.853398,-178178.372686,-11314.906198,140120.652480,264682.033773,354167.856169,406423.016506,424812.048205,416723.219440,391441.711707,359019.482146,329971.227910,312859.905058,313830.383952,335283.698716,373947.717904,420729.873042,460004.553279,474892.401379,453766.508218,394040.531302,303393.368984,194778.263456,79825.283638,-32484.243609,-134883.604849,-220985.648018,-283721.222729,-312552.062309,-287721.490563,-182753.848646,10088.550599,252892.505836,471424.066873,609597.429026,668608.487918,684805.235011,688561.910427,690807.864947,691071.320491,677929.526653,617494.091246,459918.135458,189266.738708,-134575.438039,-412982.969164,-591355.536884,-683733.142576,-729298.976444,-754359.336851,-770623.580962,-781865.799535,-789870.951688,-795574.380732,-798224.309367,-796630.048431,-789938.233799,-777289.654433,-756914.229477,-728099.542070,-689648.691041,-640342.313285,-579225.164927,-508127.437755,-425844.615765,-334347.608134,-242059.709822,-148929.331143,-62620.718069,12012.545257,77370.455165,125317.942124,147061.256769,133622.431977,69829.587476,-62575.767000,-258060.612239,-493597.928155,-683280.832434,0.000000,0.000000,0.000000
0.000000,0.000000,-1051520.315814,-896166.623028,-691465.439098,-467024.021441,-263801.530722,-101985.360934,-1443.021247,46235.008462,47392.134510,7678.366944,-64885.391499,-161294.327934,-276384.695627,-400213.252141,-517440.468145,-608382.624964,-655942.837871,-653729.951856,-599457.773136,-498680.402023,-364276.655651,-212387.707685,-59218.900843,81613.504280,200156.591637,291444.236176,355855.401645,396746.820554,418572.764213,427125.257952,428944.824857,429826.489513,433315.856190,440095.365251,447297.667976,448321.184131,435271.230667,401181.321434,343029.617984,263666.307584,169435.867399,68331.085430,-32870.581791,-128663.713585,-214345.582743,-285776.136640,-337771.701334,-361916.894645,-340658.174714,-245650.411284,-59207.829887,190862.000418,430014.872025,590666.444831,663096.459479,683642.762190,687841.416172,690167.549991,691485.781899,681421.026805,629294.924375,486055.586226,229239.045745,-89492.887341,-373748.839186,-563731.250531,-666466.117694,-718422.543260,-746048.866726,-761265.913059,-768367.297893,-768926.359081,-763113.671049,-750555.726146,-730227.051116,-701188.040695,-663788.997412,-617479.615040,-562302.749618,-498585.410858,-427298.152142,-348596.565386,-265702.112719,-180624.615090,-94112.626481,-12447.771325,59799.938052,124385.703384,175398.416638,210690.077363,238487.685399,244546.151339,222315.454232,161874.193691,32727.321102,-169874.751241,-417416.836822,-646799.856825,-807196.964185,0.000000,0.000000
0.000000,0.000000,-970451.281322,-817758.794745,-587126.046153,-343965.065283,-124547.715519,42452.872960,145487.209478,200078.109749,215968.692074,200604.661184,147448.525384,66991.508981,-36990.631874,-167501.972950,-308529.183237,-438618.215785,-542170.183273,-605999.629960,-618608.287424,-579723.716020,-497327.226629,-383244.157895,-252622.772513,-120477.441595,1416.961778,106270.434485,191645.866870,257876.549340,306452.919211,340034.488121,361698.918969,374114.455101,378794.166584,375668.139073,363436.027167,339310.460847,301011.627669,247515.618137,179958.081472,101845.130521,17446.448499,-68031.650932,-150552.819395,-226943.538058,-294230.885270,-349546.529813,-389075.299201,-406219.112484,-385241.876274,-297288.421652,-118047.989676,134867.754882,390039.325183,570909.544667,656859.503311,682354.413907,687410.091974,689745.085647,691329.449662,685035.876393,645144.128644,525453.927448,297033.019764,-4252.697693,-291091.066410,-497130.036771,-616126.326915,-677113.090227,-706652.933901,-718202.843014,-717482.523191,-706803.481690,-686211.513839,-656196.446704,-616887.756654,-568064.920359,-510778.207059,-446203.194018,-375277.154505,-298801.788511,-219707.934472,-138543.812250,-57344.357880,19440.902238,89776.065957,154717.816033,209553.466830,254051.866345,288837.951593,303760.916239,307557.690394,301839.814807,275714.041596,219970.835282,103230.901533,-92510.310685,-345338.320501,-593225.382301,-756815.868712,0.000000,0.000000
0.000000,0.000000,-905364.523601,-734493.598983,-495602.814770,-243775.206584,-18184.737057,145786.641804,247262.419694,305680.347576,328775.886318,327306.877596,302785.873734,245616.288384,154671.706199,35219.995372,-105239.561081,-251641.578478,-388279.045935,-497017.683633,-564270.176948,-585778.360548,-561293.158243,-497838.799075,-407914.330068,-304690.733075,-200622.097486,-104243.837489,-20052.155804,49912.898726,105195.717732,146383.531532,174852.270296,191569.974429,196729.532733,190416.972957,172485.516549,142857.413696,101717.587601,50245.648593,-9156.577944,-73621.706144,-139832.813073,-204747.228829,-266063.423360,-321625.941110,-369952.932821,-408901.805462,-435539.281283,-444396.799029,-420996.849383,-337208.776484,-164771.578257,87717.372224,353853.884536,551238.560155,649922.323553,680906.173676,687061.605728,689544.266377,691286.982172,687847.664519,660898.787165,570432.389508,382392.573267,113692.708759,-165157.813267,-385288.065607,-524592.624280,-599096.878554,-632943.352626,-642312.720094,-634156.685142,-612222.906955,-578196.561774,-533202.462177,-478396.358099,-414943.100520,-344517.994455,-268698.365873,-189834.643287,-109126.762298,-29468.487660,46833.845851,118567.845264,183384.752988,239534.617304,283680.137108,322600.159167,352443.621640,363121.772941,358975.864778,343655.283096,327007.572854,302575.424882,250020.814002,144780.169785,-38104.911299,-283612.033968,-531189.988227,-702476.593687,0.000000,0.000000
0.000000,0.000000,-850241.559163,-675701.364107,-428630.273578,-169160.463863,59093.118060,220716.980291,321315.155828,375629.276745,401554.508888,411872.834487,400389.265287,361185.996304,290042.970972,188207.547796,61161.178178,-82138.024761,-227123.798291,-357601.096434,-461717.888022,-529522.304856,-556302.439766,-545021.584452,-502940.015382,-440433.648605,-368753.612587,-296433.402705,-229513.710260,-171436.970482,-123631.986160,-86962.045956,-61097.646786,-45716.419762,-40642.810556,-45588.354377,-60255.342859,-83971.608661,-115621.948286,-153541.100485,-195923.504174,-240620.957270,-285373.523057,-328504.060939,-368624.367106,-404454.478932,-435158.284293,-459086.488322,-473703.883311,-474009.451139,-446752.048381,-365088.457965,-198384.855699,51704.133437,323712.164491,533275.024321,642858.582171,679078.840869,686695.578281,689047.694942,690773.846016,689358.392077,673253.256235,612469.777145,471762.455338,250220.048780,-3754.788379,-226984.237335,-383963.669473,-475525.079143,-518521.425854,-528954.416917,-516463.238711,-486198.185172,-441335.396365,-384554.340007,-317876.320966,-243886.806090,-165156.144785,-83785.315388,-3674.247103,72810.276314,143647.457530,205947.351657,258192.500813,301990.523565,336808.579596,361984.301990,380897.826349,391136.202278,382753.956084,359968.206547,337651.385982,319338.720696,297697.290434,252911.230719,156554.826971,-13492.356402,-245920.873652,-487586.408182,-655112.495610,0.000000,0.000000
0.000000,0.000000,-812323.322842,-636283.856394,-382903.864369,-112663.752304,116691.663236,274393.893053,370819.749950,420711.205200,450440.660867,463916.045831,451461.050972,421216.054802,365871.725999,284576.912232,180190.776658,53845.982304,-82445.272045,-216544.423217,-336418.177470,-430862.310260,-494603.165125,-526164.893548,-528110.177060,-507792.867249,-473502.888654,-432932.278576,-391786.995806,-353850.207354,-321439.968745,-295811.847421,-277336.472537,-266013.073253,-261607.047368,-263770.969855,-271726.897851,-285177.025146,-303530.812719,-325146.955296,-348977.335724,-373822.690796,-398787.476289,-423001.302664,-445594.481525,-465643.449988,-482185.142289,-494192.955999,-499318.836260,-492394.213127,-461187.713362,-380156.726730,-218068.263492,27689.834560,301349.635158,518722.284849,636687.234504,677335.993764,686104.409134,688446.242710,689856.324671,689827.106477,681582.089363,645257.138492,551252.267415,386036.895844,174869.397759,-32478.864095,-195277.620851,-300575.928321,-354903.800105,-370088.732233,-356643.270929,-321683.059036,-269628.290199,-204963.097627,-131685.752917,-53821.740910,24274.462521,98737.708561,165740.654326,221721.775555,265091.064742,295997.888370,315260.489401,325868.564005,331312.981270,335836.502800,337251.499197,334845.385440,322104.689971,298062.415185,282939.540124,275397.805947,260134.117616,222665.449401,138184.945999,-17431.345963,-235771.497647,-464043.410867,-623263.408417,0.000000,0.000000
0.000000,0.000000,-789166.290875,-610504.432037,-349198.541942,-72210.738556,157483.926448,310943.448275,399918.258801,450262.129853,478992.177918,484800.288201,476783.944077,446745.795039,397548.811683,339447.533218,258316.616918,153600.695935,34415.929872,-89134.111327,-206721.965748,-310182.525643,-393557.438808,-452208.624511,-486399.814975,-500045.798579,-498473.928717,-487855.799082,-472214.138682,-455062.196884,-438955.890669,-425517.646165,-415306.593735,-408299.487927,-404772.818990,-404323.631976,-406608.000094,-411688.347517,-419061.320555,-428245.503487,-438789.338008,-450110.100075,-462076.851949,-474213.238909,-486047.969766,-496565.159741,-504641.355679,-509567.390680,-508737.677581,-496909.549486,-462634.227692,-381322.412994,-222902.215468,17034.318856,288277.218976,508670.841310,631914.161652,676278.440215,685655.323905,687881.632140,689551.794936,689886.974185,686199.989967,667087.735008,611282.264270,501497.266895,344756.577516,173394.810146,23608.711004,-83740.988900,-145036.467579,-166080.992978,-155095.391390,-120093.855240,-67652.965319,-3953.931397,64138.218843,130549.955290,189620.849798,235661.611233,266405.151841,280576.994621,279109.000501,266008.094150,245831.048558,224279.975651,206004.313072,195028.607487,190580.075250,189722.673763,185189.298747,181094.879854,185047.129240,190961.623915,189152.063333,160153.159988,86321.595680,-51231.409743,-248869.502994,-458935.983977,-607210.185208,0.000000,0.000000
0.000000,0.000000,-773590.759894,-593125.095089,-326169.414014,-44016.723520,187011.529706,337923.527025,420787.746195,463996.716752,488311.606601,493728.299902,479163.443351,449395.033259,411672.343828,366215.101953,304029.015248,220890.459094,122722.814730,18595.795940,-85817.949112,-184153.956434,-270091.313349,-338812.572575,-389397.214571,-423271.948226,-443067.353572,-452510.856890,-454763.517245,-452707.053643,-448463.695536,-443794.590336,-439242.158146,-435382.670814,-432928.107664,-431787.875991,-432013.859599,-433861.533851,-437332.444885,-442403.260935,-448864.095338,-456559.743363,-465398.188933,-474700.028033,-483896.854172,-492285.948530,-498995.806829,-502446.909979,-499814.526312,-486012.773275,-449497.617701,-367360.841347,-211834.740549,21415.452127,285853.890515,504078.509455,629305.169369,675846.105137,685832.313920,687721.219962,689350.655541,689888.618014,688078.566356,678464.475377,648290.404633,583202.597053,480806.472230,357240.421424,237895.605174,143577.748721,84032.609770,59614.578405,64843.245309,92045.611764,133217.157626,180473.105755,224792.698494,257989.060055,275080.230555,272222.650628,250230.762581,212251.372401,164210.155554,112640.931780,63583.185946,23175.433286,-6191.152511,-22283.144123,-26088.776925,-19972.063592,-11040.240341,6255.679743,32965.426344,56123.225118,70542.201437,58805.911922,2058.205017,-114387.330753,-284884.321178,-470015.334464,-604742.458463,0.000000,0.000000
0.000000,0.000000,-763692.162861,-581860.802728,-310839.644717,-24996.099608,207935.541460,357702.163102,437438.790806,474924.764284,493723.589480,493708.369856,474575.712976,446502.113323,412746.858571,375282.595316,326675.781840,261463.216180,185109.007688,102656.292346,17603.966625,-65091.040698,-140397.458942,-204919.280764,-256690.918136,-295636.583509,-322669.804288,-339868.403905,-349224.184161,-352892.909697,-353408.427176,-351999.044301,-349347.062479,-346802.645949,-345402.562350,-345978.534520,-348385.467567,-352979.721394,-360281.836046,-369919.517153,-381922.647215,-395676.993655,-410185.104328,-425253.322074,-440082.107238,-453546.322272,-464687.067665,-471512.310144,-471177.877408,-457751.532375,-419625.906579,-336331.310003,-183205.127333,41781.089566,295027.811610,505710.616899,628796.998003,675722.707420,686372.962972,687976.161783,688978.611669,689606.268133,687861.839408,681453.937010,664805.837466,628875.212615,569172.394024,491369.851607,409261.816108,338081.840600,287927.098697,262274.081984,258038.958240,268230.479810,284611.266378,298199.526161,300127.778752,283496.416483,246008.707711,188723.608711,116924.194496,37332.669882,-41836.739105,-114384.502168,-175881.577310,-223565.419471,-256934.005138,-275507.957196,-281436.386349,-273343.367998,-257092.491073,-231860.719603,-189689.694540,-142545.542902,-107517.014297,-94020.079560,-121180.915802,-207652.096851,-343611.841631,-498222.833215,-615472.097565,0.000000,0.000000
0.000000,0.000000,-759311.924900,-576100.233309,-302519.716586,-12965.032062,221759.869961,372478.900766,451505.148479,489986.920561,505053.275285,500372.337277,481805.076843,449095.426619,414179.878307,379500.853656,336686.994263,285331.287304,227422.882140,165683.301271,101836.915695,39583.073260,-18063.958151,-68226.453421,-109311.732302,-140674.754959,-162419.369916,-175507.673716,-181056.896294,-181483.408924,-179103.384216,-174982.292211,-170640.708673,-167699.804551,-167269.407016,-170640.465580,-178342.840146,-190398.417146,-206777.320891,-227276.641949,-251398.271290,-277808.512847,-305010.997605,-332210.733658,-358591.708333,-382652.414449,-402504.681615,-416309.325852,-420551.379847,-408928.959456,-370356.962243,-285996.360045,-136090.149655,78144.566950,315798.582434,513122.006097,629763.734154,675648.130205,686579.813777,687945.166922,688639.142662,688726.387401,686243.638423,679799.398723,667029.821732,644855.017544,610442.319678,564632.975075,513312.014627,464330.591940,424711.191353,396884.741889,378333.136847,363464.048817,344700.731242,314325.069567,266481.795149,198669.668574,112869.642906,14880.204318,-87064.473469,-185730.068727,-274563.577192,-350789.295129,-412894.664532,-460927.189192,-496593.562810,-519504.930851,-531876.651688,-534013.501482,-523454.759935,-498748.523316,-459967.633695,-404127.970026,-345166.669391,-302865.538883,-293785.780051,-337343.171435,-429384.060225,-546834.927993,-642499.444920,0.000000,0.000000
0.000000,0.000000,-757989.381265,-574442.203984,-297742.224663,-5116.225740,231639.955945,383645.122814,462322.197503,500778.615759,516882.003651,513411.687439,493235.653683,458224.661675,423193.310596,387846.068415,348567.215371,307790.792890,264927.182505,221336.938410,177814.571733,136589.801493,99880.953802,69574.304136,46252.103339,30609.687201,22721.966144,22002.727964,26934.914442,35184.206112,44835.308963,54336.294172,62348.185449,66827.249482,66337.938271,60108.940873,46931.044053,26585.571802,-587.063803,-34189.944278,-72669.524727,-114538.410567,-158129.182150,-201302.049089,-242627.144537,-280320.797153,-311804.198931,-334727.965483,-345181.495254,-336639.335635,-298595.661926,-214675.111295,-70331.747124,129567.036456,347080.666736,526106.577247,632750.635766,675832.199033,686323.371734,687805.165320,688244.602649,687667.148089,684029.774196,675352.950872,660502.451931,639383.254939,612648.532612,580717.725434,545143.988104,508428.720002,472653.898933,437764.556053,400651.622124,356678.924111,300667.285541,228608.626996,139138.159220,34494.935893,-78923.963470,-193136.164159,-300612.437575,-395686.458048,-475661.757379,-540824.829813,-591242.837208,-630881.167047,-662538.665917,-687795.423542,-707891.842848,-723212.270587,-735475.415915,-733806.965812,-716815.139058,-679669.113457,-621097.905710,-559864.272657,-515567.583250,-509096.953930,-546888.415320,-619294.321148,-689603.619662,0.000000,0.000000
0.000000,0.000000,-760085.422747,-576063.632627,-298156.609082,-2461.578530,237874.346482,392258.941250,471489.156577,508247.201064,523576.125139,521815.380825,506300.891434,476534.587770,442004.541438,409824.647266,378037.403583,347243.506100,318304.393470,290909.410083,265985.635116,244813.525632,228406.722037,217407.011854,212107.891639,212397.898202,217442.164354,226612.802427,238204.385721,251107.079820,264053.678740,275791.296583,285669.525056,292335.397925,294326.712077,290015.560953,277470.671659,255486.042656,223701.882651,182420.020458,133194.283737,78219.343021,20005.353021,-38818.119518,-95546.372326,-147376.290150,-191311.389188,-224351.505160,-242217.029810,-238027.938348,-202067.419632,-121387.628748,13707.449614,194824.446597,387403.028803,544528.840857,638257.885534,676562.987602,686191.360709,687522.852124,687814.510784,686848.840611,681696.270398,669144.543367,647618.534414,618233.793707,584679.016003,549782.102333,513658.191795,475881.274794,434209.591599,385855.480086,328159.036433,257414.749682,171685.124479,71063.568445,-41454.801238,-159910.536947,-276195.194440,-382777.994855,-474060.888277,-546637.298697,-600854.167286,-638318.888500,-661758.726856,-677683.357240,-690069.828382,-704483.193250,-726394.356931,-753209.545683,-789735.628684,-830154.375604,-860579.789360,-871450.082158,-854567.913139,-812392.452531,-760182.635674,-717095.054908,-700723.761552,-721771.237047,-760318.408063,0.000000,0.000000
0.000000,0.000000,-766458.996976,-582705.783861,-304803.414431,-6058.601556,240473.982769,398841.751663,483440.631498,520786.542038,533138.441303,535992.750146,524011.195947,500699.663644,476618.420566,451699.209822,428907.342586,408947.332208,391731.761680,377256.776800,365910.241001,357591.458995,352154.678879,349700.994372,349360.940965,350533.997936,352718.970757,355476.712319,358865.555984,363499.141825,369660.705287,378192.343478,389451.558940,403023.669572,417607.265383,429872.314953,435619.640414,430727.460889,412218.387722,379016.142612,332135.607735,274348.698384,209285.107929,141017.951595,73546.339891,10478.935875,-44279.333586,-86719.818645,-111927.797844,-112976.120223,-81284.678006,-7646.443061,113206.758581,271032.318135,434737.991611,566845.653801,645717.251669,677999.117300,686109.756470,687062.552676,687368.214172,686231.873738,679491.287866,661905.912077,629938.670009,585263.292411,534119.368911,483058.659959,433479.335712,383009.945016,327630.840185,262938.512307,186721.703847,97388.310813,-4503.281239,-115342.824590,-229617.901665,-339528.653476,-437533.797279,-517767.884883,-575531.923087,-610159.886351,-623428.036100,-617996.120733,-600570.419950,-578689.503283,-558681.501694,-550228.759251,-559097.887782,-589074.742879,-637014.138189,-705154.074895,-792145.224198,-871620.093051,-932291.005964,-961809.726493,-955746.936785,-921771.593830,-878395.308327,-855504.714993,-860866.978631,0.000000,0.000000
0.000000,0.000000,-776922.072196,-594368.952003,-316095.119321,-15474.571835,236155.814412,401789.178786,494701.182088,538530.400447,548693.638145,552069.455957,546797.452686,531259.406828,517878.239652,501190.670334,483920.998187,469717.511906,456286.741961,442913.357683,430112.467450,416488.426810,401421.694950,385025.889699,366482.982969,346374.064242,325156.926886,304486.131930,286509.823241,273573.501153,268043.643213,272574.983693,288809.347393,317557.202361,357823.940813,405089.170553,452195.341795,490190.039225,510565.742410,508620.594918,484138.881588,440016.982383,381666.972561,315210.709869,246133.307568,178905.107358,118460.891332,70233.310612,39594.660910,33182.578616,58250.137197,120816.628174,222704.871332,352800.696395,485254.816148,590941.971731,653880.631736,679795.537339,685966.302249,686689.118453,687060.760242,685643.303437,677272.308084,654052.036219,609124.432573,543430.580573,467107.623126,391091.847349,319762.968606,250498.731315,178536.061747,99576.110093,11583.028241,-84893.867616,-187614.753022,-291284.679432,-389097.013362,-473601.981705,-538085.368013,-578232.812585,-591508.889430,-578652.144166,-543381.111230,-491062.136348,-430159.475673,-369153.788803,-317395.355744,-284511.583054,-273254.277837,-292504.490335,-337264.986156,-410777.588814,-523242.735854,-656447.430880,-798509.344775,-924853.695469,-1014931.287549,-1051047.346793,-1036111.897969,-1003111.754400,-988676.283442,0.000000,0.000000
0.000000,0.000000,-791837.672631,-609458.347289,-332012.785330,-30433.511885,224874.864749,400324.958935,499551.952371,549180.777878,567801.626655,569556.672558,568927.763916,560394.395475,548650.440373,533919.444538,512369.137748,489892.010022,464601.266826,433892.841140,398994.222911,359594.109992,316122.021662,269139.613243,219678.059508,169919.768732,121500.378309,77287.983183,39856.184345,12368.256044,-1599.546151,870.005297,22648.242317,66879.091935,134242.868729,221208.487709,319809.722774,416894.857367,497030.922193,547762.737344,564594.791162,550475.311476,512906.619245,460453.837221,400304.607890,338289.344927,280190.955921,232052.167567,199644.396886,189011.463511,205876.453935,254319.166712,333847.542616,434027.588900,534860.228034,614741.148848,662204.408027,681714.074950,686236.458169,686620.528929,686855.931703,685156.140977,675223.053804,645928.708654,586276.991935,496333.613183,389885.959698,284045.309646,187590.536252,99382.556184,13813.694955,-73580.213667,-163947.903332,-255826.623688,-345827.558792,-428645.193648,-497246.289880,-545342.450945,-568017.288904,-562278.826626,-528663.508087,-469952.532215,-391593.235930,-301955.683991,-209807.721539,-122533.009616,-50027.104679,588.083641,24443.159700,17774.272493,-13346.083519,-76782.393837,-180913.662984,-328529.111930,-513704.192212,-714100.382568,-909571.252763,-1052229.926206,-1121126.190525,-1129197.189793,-1124848.139813,0.000000,0.000000
0.000000,0.000000,-809656.182130,-629100.157531,-355728.227227,-53311.930001,207047.772162,390070.388837,499012.450815,555729.677349,580563.924384,587120.198134,584643.658872,572903.301189,556114.977999,530689.193504,492691.160631,447660.574491,395722.430931,335458.645982,269668.480253,200345.265835,129436.173905,58532.890488,-10664.735481,-75994.499248,-136047.623881,-189062.423538,-233680.899995,-267354.889063,-287136.838419,-289505.067742,-270332.230250,-224725.761005,-148218.230935,-39073.196584,97872.210825,248757.640585,392208.454734,505607.534294,575633.023245,601939.045805,593707.840932,563032.919930,519522.851422,470674.964493,422689.292159,380808.836419,350825.881936,338343.513943,347462.830779,380671.838069,437043.961082,508408.188758,579862.255358,636228.591889,669996.774586,683908.680491,686972.862933,687033.215319,686850.275494,685020.424566,673926.817175,638709.299919,564112.501157,448414.601846,309881.678795,173429.080499,53157.341774,-50318.374624,-143505.779261,-231430.512833,-314780.285980,-392141.410545,-459694.578271,-512414.400137,-545005.567004,-552428.894395,-532235.788895,-484382.214949,-411282.955838,-318481.627809,-213558.518431,-104678.094892,277.907961,94351.992514,171645.798502,228044.277082,256924.129895,256064.099015,232203.167343,183443.636760,102739.618215,-27538.728066,-209076.265558,-436018.771436,-697460.650456,-935561.111702,-1111277.083359,-1200972.457230,-1240651.539346,0.000000,0.000000
0.000000,0.000000,-830782.504556,-655392.574164,-387471.642509,-86358.440171,180878.389731,370421.482910,489842.477714,553129.782507,577858.330751,591992.493745,588293.012309,567389.911714,536019.188729,489483.181713,429016.670066,357689.118697,278811.496999,193994.549328,108550.240261,25503.286515,-53182.201410,-126435.772859,-193609.165629,-255080.032820,-311425.959145,-362260.208079,-407254.643609,-444598.914775,-471481.059714,-484174.468549,-478238.904306,-447391.813365,-383656.442566,-279336.162243,-131645.134724,50197.904188,242682.367811,413995.152774,538374.924094,607547.209583,630639.884974,623323.339893,598939.633948,566723.879108,532781.041635,501715.429604,477940.824120,465860.522735,468965.048483,488816.642957,524573.788481,570712.628071,617184.048843,654188.576431,676644.985237,685984.503230,687801.470358,687521.542132,687113.214103,685246.891841,673695.726676,634123.253355,546016.281344,405637.282923,236261.030508,71208.865889,-69019.999811,-182393.816601,-276441.259027,-357410.670840,-426500.355209,-482155.736612,-521521.875232,-540466.778865,-535625.042864,-504837.639949,-448456.168093,-369211.551112,-271423.966211,-161825.876266,-48840.651276,61142.456138,162551.849840,248951.073146,319135.131877,371803.715363,399758.968159,400017.626465,379770.102880,341633.469978,282112.327597,180115.713726,25203.075418,-193571.377896,-474067.349078,-769090.980991,-1036786.043213,-1213156.032051,-1313310.297640,0.000000,0.000000
0.000000,0.000000,-856948.942730,-687542.394920,-428428.446619,-129756.237793,142681.526527,342394.762110,465221.928806,531120.958141,564080.148237,582464.471621,577270.295016,545889.286645,498362.158144,431525.832182,349687.836748,260080.336905,166729.306675,75681.786632,-8743.987809,-84534.392820,-151305.134733,-211185.490824,-266488.751675,-319405.838113,-371635.215892,-422953.528918,-472207.180288,-516509.418856,-552556.697007,-576915.306290,-585484.206186,-572765.330094,-530197.622003,-446348.271236,-310683.872384,-123192.953665,96249.673163,310063.839371,480115.395581,588070.969331,639454.094032,652263.719731,644539.525851,627562.079658,607437.140261,587869.126751,571774.358822,562244.071200,561891.388550,571877.779630,591723.183410,618257.483903,645492.726554,667750.978085,681674.360875,687524.800537,688458.243679,687729.909383,687180.969356,685661.122087,674516.199591,632791.833800,534825.893307,374182.633514,177544.589203,-12770.564954,-168875.586022,-287142.401785,-376479.454468,-444913.875885,-494614.195252,-524867.616930,-534379.089951,-520866.636915,-483039.028734,-422007.529213,-341096.334153,-244576.489472,-138314.875882,-28478.986011,78445.880658,177964.311956,266696.906855,341390.378862,402830.446750,447537.817974,471839.609199,476330.738022,462248.788423,434451.690250,388718.644897,305171.755657,175212.654191,-28680.891807,-303727.137491,-621096.166217,-941799.993657,-1182613.318762,-1346002.819401,0.000000,0.000000
0.000000,0.000000,-881949.648505,-722737.963773,-473667.290166,-181733.343976,94060.617090,304498.914897,433496.204041,505554.720840,545351.198916,565212.355255,561560.634390,523861.149153,459945.221672,378131.244811,284461.431942,189127.871849,98328.711687,17714.733187,-50702.725763,-108527.285079,-158696.803716,-206617.762628,-256286.333788,-310157.443362,-368798.345139,-430044.025869,-489654.690650,-543406.452338,-587282.884563,-617960.752594,-633378.371975,-630595.629219,-602918.478258,-538367.552096,-421387.179571,-242761.111127,-14978.775513,223455.338211,425459.383323,562499.724081,635383.681053,663206.023573,667008.892598,660831.376574,651320.058846,640877.878013,631594.431147,625620.369463,624191.418490,628022.529154,637541.898235,650989.450131,665061.707745,677123.389368,685095.960439,688586.875588,688782.141703,687802.535729,687305.472711,686044.141824,676160.304161,635406.531534,533268.998749,359079.289693,140926.207285,-70819.010415,-240116.024116,-360421.824457,-441993.931955,-494831.161430,-522861.177762,-527724.376637,-509915.738628,-469270.624137,-407389.807657,-327675.810967,-235301.666534,-135266.987779,-32894.473584,66944.135289,160854.421585,245994.150365,320912.104703,385927.872447,440977.283244,480497.986785,503428.108903,512356.499020,507028.669153,489900.711441,451206.310318,375977.109439,259749.372688,66071.381049,-197798.413296,-524292.481653,-867164.921094,-1138273.637699,-1357284.451894,0.000000,0.000000
0.000000,0.000000,-903060.371513,-746828.259218,-517621.013272,-237583.337079,39018.291439,258683.838981,401064.962986,481805.520181,526666.816121,548815.344293,540375.929178,497351.591145,429228.919802,342474.893981,247864.388117,159221.432039,82503.371570,20168.032617,-29370.665981,-71606.106288,-113406.082114,-161515.331280,-219286.960628,-287010.360924,-361809.342439,-438139.220388,-509332.860699,-569749.604799,-615261.320248,-644362.348014,-657559.008165,-654263.246935,-630857.768924,-576369.203376,-472493.844241,-303944.039600,-76503.382211,172392.997008,391122.228160,544377.614182,629322.197432,665776.029975,676185.511776,676010.730007,672708.150900,668371.900456,664184.516872,661047.739469,659731.170690,660886.129754,664668.871252,670554.210484,677053.271304,682924.823448,687109.898644,688871.742526,688669.666837,687862.548086,687400.858211,686486.879264,678531.222712,641750.469373,542287.150562,363458.758645,131427.628139,-98001.121511,-279893.935477,-402278.600716,-475748.369712,-513212.528026,-521355.538487,-504065.833184,-464594.718369,-405183.351907,-329423.579564,-242505.723553,-149805.967355,-55698.428524,36584.178308,124034.539092,204867.372882,278466.012024,344077.542846,403887.624994,455884.577902,495647.577032,516746.220451,527747.717176,535135.428395,521428.387181,482636.614259,413333.926955,299684.132090,111726.581220,-149148.493801,-484903.631918,-833256.675121,-1119826.087605,-1328530.821581,0.000000,0.000000
0.000000,0.000000,0.000000,-756017.099414,-560803.628103,-293022.734514,-21392.216378,207596.167559,363769.837955,455947.641842,507544.981967,528155.306252,511780.065303,469800.032976,409213.785511,327691.662907,241998.667249,167257.958785,107206.524397,62252.259750,25913.781586,-11606.536467,-58072.224307,-119392.684309,-196757.478024,-286348.998724,-380054.116226,-469277.961235,-546117.053417,-604917.490630,-643833.916417,-664116.220422,-668256.286542,-658236.663682,-631801.881898,-578108.108218,-477812.303395,-312547.679391,-86088.343503,164119.437755,385360.206970,541352.331787,628477.173118,666482.444949,678943.253221,681393.541687,681052.172021,679986.273026,678697.321434,677518.675328,676903.745371,677218.464825,678403.563849,680609.942151,683337.992897,685839.271228,687829.771333,688700.013494,688463.328652,687866.677970,687475.723343,687217.457763,681547.497845,650866.777126,560807.580481,387576.903254,151071.837857,-91330.325963,-286261.448976,-413825.227447,-482933.168160,-508694.148958,-501620.641173,-468717.631109,-415420.603142,-345892.350943,-265264.414429,-179146.646406,-91634.491302,-6252.727381,76006.440055,154138.933077,226662.755270,294789.625613,357974.632660,416053.401753,469248.338253,509518.066611,531856.237184,546524.628229,553652.750318,540213.606080,499126.233121,428435.753327,313266.253534,122370.073879,-147316.222956,-489393.383396,-833673.583724,-1113000.770369,0.000000,0.000000,0.000000
0.000000,0.000000,0.000000,-774691.058831,-606182.808235,-358544.030515,-88281.611078,149536.597259,319779.636246,425766.950204,484178.666085,501804.635273,487746.526298,454885.201399,402574.863194,332792.165603,260808.724512,200886.547897,155953.308813,121507.305528,87732.094745,42720.919456,-21194.329256,-106153.542580,-208784.193485,-320182.383587,-428286.256832,-522265.277954,-594028.138425,-641091.481072,-665194.740283,-670668.462162,-662792.677080,-644129.078150,-611196.928820,-551952.369734,-445716.275138,-275231.918593,-47793.312291,197441.003806,409038.694368,554993.309614,635041.432548,669080.368781,680246.905714,682949.645949,683367.115504,683586.356552,683521.060025,683475.197784,683621.620035,683650.211812,684201.649235,685004.583342,685845.632869,686891.733897,687735.463208,688270.111580,688136.697345,687669.254490,687579.895555,687684.124576,684238.976841,661241.572750,585745.806323,428428.231218,198890.091685,-49853.456124,-257885.555823,-395784.296539,-467300.038573,-488155.295451,-472838.126640,-431718.290334,-372091.390538,-299576.682861,-219608.947742,-137081.700082,-55011.505910,24715.257672,102292.522050,177084.753836,248279.981085,316499.074672,380276.380061,437671.242280,491671.430293,532604.363801,556502.875775,568736.542937,566742.187904,550123.525986,503609.523158,427788.601430,304552.574203,107016.565632,-176415.570464,-516738.009940,-853118.586875,-1115660.899315,0.000000,0.000000,0.000000
0.000000,0.000000,0.000000,-812633.226303,-663978.039925,-431271.174745,-163664.019002,82988.427569,269741.746869,388386.138368,455677.102494,479674.739416,469428.464273,445184.285167,408810.966075,353901.062313,294544.141124,246755.324862,211212.964291,178173.328531,135320.126092,72015.907588,-18035.285824,-131989.894986,-259527.338577,-386659.852592,-498384.101539,-583841.354053,-638294.533428,-664199.097018,-667405.842579,-656135.838989,-636699.280646,-609991.509132,-569644.398532,-499702.799376,-379280.808365,-197151.208758,31476.142596,264454.236591,455663.753748,581507.368231,647044.125377,673698.703750,681990.475711,683621.131429,683915.579242,684295.789281,684647.913811,684964.248221,685406.919117,685804.605221,686214.468138,686519.383269,686727.725371,687007.209073,687335.553883,687628.181656,687576.598274,687461.208568,687443.472030,687630.621352,686168.091679,671012.923821,613173.499435,480321.242154,269882.100113,24729.438862,-193968.149360,-346620.374236,-428304.281516,-453361.921046,-438022.102234,-395197.769515,-334749.778118,-263270.763871,-185415.647581,-104921.984082,-24035.030279,56215.739851,135487.137152,212707.133030,286549.582182,356209.751511,419828.558685,475983.179894,526465.535927,564729.633503,585412.767849,590986.004004,579948.624522,549909.030947,497134.735602,415312.212735,275818.185593,68459.460974,-227565.427202,-564369.107905,-871908.614810,-1126930.407052,0.000000,0.000000,0.000000
0.000000,0.000000,0.000000,-857640.953229,-712094.683706,-498544.830325,-242209.892633,8044.148499,210127.062431,343530.024155,420268.626727,449552.871851,448431.067722,439924.403993,417994.189045,378866.657333,333583.781015,293101.373710,258587.379782,218096.550595,156454.840070,65160.565309,-56253.461761,-198081.580657,-343571.937789,-474302.437639,-574485.146389,-636900.602227,-662947.292228,-661158.586823,-642414.114085,-616921.999209,-589373.550433,-556808.730704,-507164.703473,-420707.217167,-280078.115063,-84174.060545,141469.080826,353097.747218,514299.058737,613294.111491,661140.586321,678881.000955,683481.200582,683875.812627,683507.726770,683186.223271,683206.307635,683454.334049,684180.798888,685333.793629,686275.821161,686689.496540,686925.191496,686832.710275,686748.563679,686902.003171,686879.099001,686852.456449,687037.366818,687476.833674,687205.289171,678570.047390,638766.694982,535622.510171,355301.641010,126224.935051,-95384.813827,-263039.333388,-361235.837163,-398546.676180,-390587.708419,-351885.790169,-293636.854355,-223216.361079,-145458.563161,-63041.213749,21953.236092,107511.735258,191797.734105,272316.851847,347664.568134,415979.067109,475561.381910,526236.878408,568271.185219,597063.641087,610459.564585,608434.226219,586443.086875,544190.853362,482654.954368,389944.410254,232612.857922,6902.918317,-299246.895495,-630653.377053,-908131.354370,-1111244.241626,0.000000,0.000000,0.000000
0.000000,0.000000,0.000000,0.000000,-742411.946618,-562872.036437,-318375.224263,-71560.573822,141331.394051,289762.380138,375853.156326,412867.384994,423440.452151,428459.239021,425185.021177,401619.674878,365884.178802,328428.197698,285939.704251,228369.211594,140272.946446,15614.071641,-137325.101966,-300150.386544,-449475.610358,-565479.436821,-636596.655315,-663043.379332,-654294.755802,-625116.733465,-589393.726842,-556022.921005,-525192.567705,-486905.536630,-422895.127969,-313532.941114,-149876.370222,55391.170384,267985.994438,448428.661932,572906.010201,642330.833781,672448.592795,680901.703946,680675.005907,677709.108363,673914.553109,670847.146643,669560.828020,670212.088531,672926.982307,677039.293460,681272.178167,684265.880468,685834.410517,686486.767245,686396.856635,686249.263023,686367.473556,686318.648071,686570.567715,687303.757183,687590.025554,683544.157799,659434.137861,586538.933422,443840.277506,244020.633713,31929.332255,-144362.126310,-259649.252172,-313554.905059,-317876.714497,-286876.994765,-231883.323413,-161324.148752,-80945.941671,6426.651419,97117.487800,187772.264164,275065.245258,355197.717836,426791.122028,487801.515355,536994.687870,577782.890978,607026.689994,620831.245587,623445.212408,612099.660105,582003.627093,530173.831506,455761.755880,347093.132656,173125.578500,-74313.369906,-383742.755354,-701693.070718,-949955.613551,0.000000,0.000000,0.000000,0.000000
0.000000,0.000000,0.000000,0.000000,-782152.123896,-626891.438071,-401879.852357,-157280.679955,62895.642332,226003.214074,324435.061102,375431.329530,398861.766370,417355.966440,431103.149152,418347.223085,382892.051270,339515.962395,283759.573861,201028.920729,78746.713725,-79644.508822,-256509.793665,-424853.318184,-557652.238693,-638827.914328,-665627.615623,-648691.300649,-606348.580237,-557297.982303,-514203.541026,-480721.509728,-448681.063169,-399855.077629,-313866.337203,-177335.264363,5484.970296,208466.264460,394743.121526,534948.247945,620255.319028,660953.220599,672778.652563,668999.939042,658312.294394,644732.414370,631106.598726,620626.055322,615941.653660,618211.981532,627323.796109,641312.020053,656713.670368,669868.012449,678898.212234,683842.868266,685576.896750,685648.156198,685741.198759,685839.725068,686052.983626,686786.697749,687499.496798,686413.918521,673812.318957,627532.772824,524574.894215,364109.358490,175909.914928,3398.882053,-122194.496268,-191209.378877,-208781.096598,-186374.270623,-135247.087575,-64336.346728,19226.931114,110184.017569,203456.130696,293880.727049,376841.488675,449249.236995,509529.292375,556688.765885,593213.405150,622070.428778,637332.006055,633224.228951,622131.814999,605205.721839,565368.075372,501688.651134,413979.547922,285270.956282,96992.338221,-167506.809330,-475082.747112,-772193.669285,-992230.196212,0.000000,0.000000,0.000000,0.000000
0.000000,0.000000,0.000000,0.000000,-839157.027808,-703896.207305,-494623.328004,-254370.939448,-29536.152692,150263.798485,267215.509057,332581.632478,374258.524679,410141.863540,426401.430172,414563.989424,378604.839265,320922.697993,243157.799389,128430.232243,-30822.531549,-217421.036309,-401825.681154,-551500.438908,-643532.973375,-671687.252775,-646300.407721,-588900.642034,-523108.232911,-466857.742116,-427189.156725,-397700.021458,-360362.271656,-292641.196686,-178133.119095,-16430.384800,172958.939524,357036.340895,504323.575694,599345.534405,645474.457518,656252.211288,644352.819521,618385.033972,585055.515565,549596.026114,517004.281941,492957.745666,482303.496326,487713.750990,508751.507570,542122.221341,581737.872785,619780.301166,650473.035915,670660.482354,680807.317720,684435.881096,685152.447144,685273.401329,685679.414492,686312.772175,687202.801510,687595.124061,682061.384664,656114.733705,589207.501513,471953.364770,319551.303149,165323.192743,41446.168082,-35022.910699,-62661.807303,-48288.571849,-1604.594315,67507.664014,150353.862729,239082.465323,327318.887476,408955.214374,479057.443090,536425.442760,580693.177003,612906.167841,636420.030057,650701.213541,651740.619427,634237.228389,609518.176637,581766.208523,529615.994440,455069.347571,353772.057460,205251.042485,3518.574672,-270141.986744,-569034.552378,-834716.092694,-1038503.091049,0.000000,0.000000,0.000000,0.000000
0.000000,0.000000,0.000000,0.000000,-903890.044312,-774385.926338,-588183.394056,-361064.939211,-135276.559164,59049.116069,196921.002384,280483.733881,336634.149186,376197.356820,390114.263626,376119.197278,335042.763096,264812.690692,156407.389907,2980.292504,-186859.561008,-384078.072899,-549636.309186,-652997.149394,-682488.849816,-648110.850745,-574120.188026,-489388.416688,-416917.139394,-367509.747316,-337577.949513,-309242.758013,-257445.577182,-162356.607724,-19374.690781,156049.667288,333610.927615,481601.159082,580275.962020,627332.099558,631535.064399,604922.115210,557486.868714,496266.853642,429118.920840,364312.676267,308887.916653,269627.025773,252513.960981,260755.618243,294799.051436,351645.394651,424297.472259,502074.949364,573154.845405,627594.619725,661452.968938,677839.043670,683493.111199,684791.765163,685229.974610,685796.637781,686726.445204,687484.954486,685952.026395,673446.865786,634520.251626,557317.999148,445507.873168,321381.751651,212277.150391,138277.646723,106829.660615,115002.013849,155775.746983,218855.684299,294120.277854,373063.071446,447740.570735,512387.992866,564471.986568,604258.371343,632391.847464,650035.914175,658704.066649,658211.956041,643945.144323,612961.363324,576267.984663,534224.658017,470634.192790,385094.164454,270969.786865,107584.977411,-110912.346861,-385927.656001,-664602.537630,-895180.880499,-1064180.933127,0.000000,0.000000,0.000000,0.000000
0.000000,0.000000,0.000000,0.000000,0.000000,-828321.612445,-684430.700450,-472850.096286,-249966.543217,-47952.748405,108288.907118,209158.046830,273340.355468,307223.997153,315457.241371,298887.634778,245777.689117,156495.938018,16687.062687,-173619.273266,-377644.830667,-555028.412491,-668059.834226,-698615.015974,-654600.149218,-563015.229116,-457691.907634,-366523.154328,-304727.626971,-271164.270451,-248794.769469,-211582.553488,-135263.360473,-10394.544338,150965.139303,320246.662275,465223.514133,562910.571869,605868.014328,599586.571703,554452.351386,481658.742638,390878.569154,291654.785038,194191.552675,107355.483868,37946.006625,-9192.270912,-30014.893741,-21540.156062,18069.069811,89122.141175,187899.462347,304821.845068,425237.593683,531244.145953,608948.551812,655024.948185,676280.847969,683328.382871,684802.120444,685473.215501,686419.550172,687223.769588,687314.122110,682434.916177,662482.098290,616551.363316,542644.914430,452987.401931,367650.143633,305158.028940,275827.159391,280504.267182,313719.567007,366271.494949,428155.093942,490665.747106,546241.430045,590748.569530,624499.693074,648108.582909,660483.215200,663211.790614,655885.765075,636872.127786,605190.424106,561256.547605,513401.992408,459070.798880,387440.028882,294034.759299,169110.902937,-6029.496276,-242155.588690,-508568.834937,-759441.673169,-954388.676623,0.000000,0.000000,0.000000,0.000000,0.000000
0.000000,0.000000,0.000000,0.000000,0.000000,-887335.008287,-761336.924199,-583016.763732,-369932.082994,-166696.165540,2063.006391,118392.426324,186861.553532,220308.824101,219063.113120,187642.214894,122454.237414,-165.572627,-181800.735549,-387007.415675,-571368.839999,-692147.859358,-722172.818516,-666783.950100,-555880.281484,-427716.473004,-316710.062180,-241171.242425,-201273.826419,-181989.372673,-156968.646729,-98815.423190,7165.931410,153364.942264,312871.187402,452777.209049,546533.260299,582447.353136,563184.199742,498839.873773,401862.569002,284950.573847,160923.871764,41042.470049,-65743.368650,-153849.832107,-220209.317637,-263392.304898,-282959.737559,-277055.176144,-242792.932657,-176405.588498,-74649.028232,59926.343089,216112.214974,373251.771053,507003.436607,600893.145674,653718.365659,676316.843542,683329.053771,685089.516320,685949.294430,686817.088086,687424.161646,686260.210924,677518.430801,653088.153979,609136.690750,550814.239339,491176.419612,444845.910822,421873.490080,424943.211030,449931.177817,489160.413120,534744.032408,578499.016793,614404.857277,641316.590353,659793.247185,668085.475467,663275.719749,647870.705227,619848.377604,577232.569254,527322.708450,475446.988747,420662.634690,357434.744922,282302.363291,184211.092758,49680.826822,-138112.254784,-382974.791088,-632680.581071,-847356.697257,-1005233.716913,0.000000,0.000000,0.000000,0.000000,0.000000
0.000000,0.000000,0.000000,0.000000,0.000000,0.000000,-822871.271497,-687774.628783,-489435.703971,-291817.121875,-120264.091201,8122.744574,82576.582875,113166.945423,103240.800797,52458.611444,-46956.665983,-211503.665079,-415812.225810,-602762.281240,-725250.052029,-752396.197111,-684436.231502,-553161.222647,-401392.077839,-268386.511552,-176915.569509,-130093.370611,-112447.418546,-96488.238806,-54677.196951,31802.948714,161339.663980,309529.879767,442274.070217,530420.173471,558483.361788,526254.668100,444471.857146,328122.301746,192609.747253,53072.713966,-77352.657912,-190352.997556,-282812.006209,-353772.727715,-404025.476815,-435257.352336,-449065.793161,-445839.478910,-422868.926511,-375010.671643,-293789.857407,-171802.043640,-10492.185436,175191.515495,357639.419406,506616.319477,605361.802851,657136.333060,677816.744676,683932.063269,685449.186609,686313.895483,687325.526682,687580.476355,684408.154182,672921.180865,649274.310904,614999.039339,577311.524953,546793.574681,531660.749536,533804.476975,550923.997755,577913.621865,608093.128782,634781.839901,654832.447970,668438.898751,672400.257796,659980.899007,629762.189484,585840.562081,529530.890904,463691.553919,399855.100084,343241.092406,287642.481310,229229.375203,158237.901187,57473.389360,-86664.761164,-285843.807216,-523564.763164,-751470.656025,-924266.699818,0.000000,0.000000,0.000000,0.000000,0.000000,0.000000
0.000000,0.000000,0.000000,0.000000,0.000000,0.000000,-888898.226853,-767856.177416,-605079.106818,-421155.501650,-254543.587893,-123293.732132,-45042.477220,-21734.838416,-45641.329533,-123528.805635,-270595.199649,-461432.701560,-645742.008268,-770853.590531,-791594.025819,-707110.630843,-553884.002614,-377850.583315,-222361.132207,-114724.317780,-58384.007840,-39442.604914,-32363.229269,-5617.966798,62493.430460,174028.008092,309186.712918,434068.621757,516295.154343,536621.066805,493271.742909,397447.261399,267012.834307,120911.369056,-24566.144156,-156595.355988,-267729.627539,-356140.549747,-423160.892605,-471500.000049,-503355.839869,-520880.354225,-526489.565052,-522542.010993,-508942.840363,-481211.780481,-429576.684675,-340602.439571,-203623.852317,-21083.650374,185277.515836,379006.785260,527649.384141,619492.565989,663764.360870,680057.618622,684694.390128,686027.662739,686925.716052,687550.592832,686989.049631,682505.859222,671203.529828,652734.074627,631244.250811,613322.353545,604168.975590,605866.809039,617086.464964,634037.138028,651365.844995,665057.460395,674643.667626,674941.071328,655027.108078,608205.571510,537426.706369,453918.340778,368388.601103,286723.593609,218708.055923,170217.086191,128844.902021,81542.864343,18039.862836,-82868.963760,-236534.608978,-439541.432676,-659992.390372,-853524.969609,-992503.365392,0.000000,0.000000,0.000000,0.000000,0.000000,0.000000
0.000000,0.000000,0.000000,0.000000,0.000000,0.000000,0.000000,-837983.683009,-718394.206087,-549478.958194,-393844.614943,-272699.551330,-198853.567827,-186968.080505,-236214.509873,-355025.068459,-526273.010621,-701169.936158,-824843.813319,-837616.829368,-732878.931703,-557338.404864,-357799.297215,-180850.100461,-55940.224659,11587.129726,33190.201992,35782.950209,49814.602115,99092.177617,191394.133426,311734.452227,427552.240259,504606.961864,519599.018704,468587.052042,363454.756784,224082.005969,73151.090441,-71496.468768,-199170.141997,-305039.243530,-388747.585406,-451870.408655,-496517.424015,-525594.758960,-541108.728408,-544960.449441,-540874.240191,-532653.750747,-522900.328919,-509538.873531,-483895.419130,-431003.351186,-332556.640660,-178006.988015,23376.188451,239326.885235,428403.103689,562409.676693,638127.442370,671244.442742,682533.758471,685789.732656,686752.306393,687395.227292,687837.599858,686769.045922,682025.009455,672913.253534,661732.578771,651927.664749,646922.221251,648511.361613,655394.005350,664306.510502,672757.652311,679241.250877,677596.655975,651760.248788,587370.278377,486916.679224,365662.432958,246228.787785,143053.106254,63706.808759,13813.811226,-14409.169225,-36189.488342,-69227.169390,-128809.533620,-233252.699381,-392870.933962,-589863.718863,-789551.751630,-941788.061464,0.000000,0.000000,0.000000,0.000000,0.000000,0.000000,0.000000
0.000000,0.000000,0.000000,0.000000,0.000000,0.000000,0.000000,-913676.971903,-806768.590499,-673594.176983,-535557.000057,-430425.046716,-373625.852902,-382228.806854,-464884.048102,-608111.330799,-769417.224405,-878831.655412,-881285.054636,-763516.390586,-560090.107737,-338217.425359,-142482.936263,-2678.731765,73553.245899,103925.371406,105996.786140,108896.479023,141508.470840,214900.710565,318191.243891,423491.856533,495753.770260,508560.940451,454570.385719,344900.773856,202427.433369,51162.268270,-89581.435533,-210178.623177,-310082.757877,-390921.132561,-454228.438603,-500128.496102,-528425.351184,-540403.836953,-538815.636212,-527945.450383,-512797.564683,-498987.143589,-490102.725634,-485591.315767,-478523.302477,-454974.162332,-394629.934375,-278166.093765,-101818.865803,112848.838114,324426.512257,493106.928850,601218.398691,656021.499191,677778.791208,684716.718267,686661.565977,687269.317333,687895.287566,688136.630254,686662.822043,682900.262398,677535.536369,672392.671190,670124.247490,671247.788699,674393.332971,678616.953268,682641.556141,680147.628747,651977.832150,575123.109847,445284.850402,281081.385427,115394.400670,-20085.657968,-119114.663001,-176558.097179,-192771.891522,-194852.147543,-199067.180480,-220416.185415,-280920.713192,-391991.393710,-550245.680987,-732584.249681,-899475.902121,-1024837.211231,0.000000,0.000000,0.000000,0.000000,0.000000,0.000000,0.000000
0.000000,0.000000,0.000000,0.000000,0.000000,0.000000,0.000000,0.000000,-891722.889105,-794892.840254,-676600.691098,-592569.340940,-562300.804260,-600726.064550,-708124.595031,-843627.577862,-937424.759511,-926641.903990,-789921.765300,-569620.156929,-323890.650124,-107729.995069,43175.214685,129304.909459,164083.890350,170644.324806,172900.688029,191341.640522,243864.635501,329215.836385,422426.969523,489809.168915,502733.745037,450473.129033,342306.491687,201243.474360,53509.042083,-81277.822542,-194970.336686,-289312.317926,-369677.534712,-437508.611816,-489967.454751,-522961.227483,-534116.757626,-525952.492896,-504820.160946,-477788.906963,-451926.614628,-433833.318172,-426649.240985,-429248.145513,-435735.719503,-433766.891130,-403908.902720,-323495.835611,-179443.041804,17855.035955,233442.630817,423348.755417,558133.198409,634942.854610,669811.438826,682330.968939,686078.323418,687024.908983,687629.496226,688250.530881,688544.915655,687504.429008,684972.163225,682255.513926,681172.688878,681735.908558,683021.542100,685115.508360,682706.120510,656201.343710,575137.242841,424170.223692,219172.025224,6351.585466,-172228.397895,-301858.179060,-374508.855907,-397004.240436,-386834.638262,-363412.818998,-353662.348318,-374270.521217,-438494.072183,-551212.442090,-700474.643219,-863967.747236,-994191.508646,0.000000,0.000000,0.000000,0.000000,0.000000,0.000000,0.000000,0.000000
0.000000,0.000000,0.000000,0.000000,0.000000,0.000000,0.000000,0.000000,-982510.347202,-901117.627446,-818509.128224,-758265.292768,-759655.482039,-821602.118602,-924090.019906,-1002535.175276,-977865.303138,-827194.958814,-591691.745931,-326550.957613,-91475.463902,74297.854574,173093.947823,218633.042003,230294.389715,230944.710821,243607.782434,281748.190693,346831.202101,425248.346564,486932.989869,502065.636790,455338.570314,352990.188435,217480.704091,76254.684600,-50895.820529,-157326.222977,-247255.453451,-328629.895451,-404167.674273,-468323.095790,-511885.645660,-527924.244541,-515964.931196,-483337.768716,-440834.870545,-398463.149759,-364754.521709,-345831.935566,-343150.474438,-353881.741730,-372006.852277,-386119.642624,-378082.968113,-325800.517476,-212003.451206,-38222.218994,168341.064682,365284.237791,517179.710625,611802.757349,659527.629787,678817.531028,685299.767728,686910.436836,687259.535943,688049.850242,689043.662155,689055.802246,688030.697091,687022.995245,686380.864912,686224.586331,687057.734460,685277.092512,664006.226781,588165.735180,429708.402337,199137.449950,-58815.809935,-285539.470711,-447974.341859,-545589.498383,-583465.513503,-577015.883006,-546956.224213,-512886.861996,-499584.937157,-523257.237214,-591657.956313,-702630.652315,-840373.712632,-973453.135502,-1084182.718565,0.000000,0.000000,0.000000,0.000000,0.000000,0.000000,0.000000,0.000000
0.000000,0.000000,0.000000,0.000000,0.000000,0.000000,0.000000,0.000000,0.000000,-1020367.641688,-959690.382534,-924053.949391,-948210.719194,-1014459.716342,-1065702.433683,-1037450.012028,-881627.909500,-626736.208935,-345401.066584,-96178.468066,85286.585009,195538.498126,257924.588331,284202.364943,286671.464294,293048.218542,321899.423963,372377.408206,434487.946865,488474.843241,504959.511190,466966.711740,375387.985089,248715.084166,114932.613126,-3715.576665,-101506.045460,-185896.369853,-267774.457667,-352021.595777,-432411.824370,-493559.195145,-521818.009102,-512683.640431,-471763.084033,-412417.946983,-349683.537335,-296166.847336,-259767.288652,-244087.013120,-249198.618687,-269941.534042,-298775.580424,-324925.413915,-331543.050770,-298256.070829,-207535.390182,-56269.993412,134743.441368,327403.335434,485476.715683,590969.875715,648690.292753,674433.470112,683870.465891,686395.655828,687050.534079,687956.740715,689012.017894,689610.097956,690017.027944,689639.880563,688329.103509,687933.042690,687518.713430,673161.591548,610600.480484,459671.689784,215912.554584,-71389.212771,-337086.017676,-545847.200542,-679427.489842,-736540.589815,-744774.533540,-719984.965615,-678087.994682,-643397.687640,-634227.838021,-663480.547626,-737406.570347,-845598.272582,-967056.775063,-1072573.753886,0.000000,0.000000,0.000000,0.000000,0.000000,0.000000,0.000000,0.000000,0.000000
0.000000,0.000000,0.000000,0.000000,0.000000,0.000000,0.000000,0.000000,0.000000,-1139426.940655,-1092545.532511,-1074686.881055,-1104502.539938,-1140735.333114,-1106965.133191,-960886.992664,-704055.982840,-399096.718769,-125554.379127,77535.774075,204536.733439,273954.704257,313532.813318,334345.289478,343008.216934,360665.683806,401416.600461,451599.970646,495306.609576,513334.385493,484229.188128,404956.366402,290859.778364,166319.884888,54523.153496,-34502.607716,-109786.366068,-187786.521126,-277778.595931,-374434.525855,-459742.904792,-511397.187793,-515629.095497,-474067.661877,-400807.193014,-316034.865924,-238142.428204,-179748.637676,-146337.013046,-138389.569333,-153724.085067,-185283.904579,-223835.302758,-258121.813283,-272786.513713,-250039.186855,-173941.043178,-41003.585096,132241.052688,313348.442514,468158.353240,576826.430577,640160.076923,670441.348826,682127.366509,685698.450212,686998.313017,687829.546891,688535.305829,689695.733391,690738.648645,689916.480438,688663.437984,689083.396815,681350.075590,635403.877731,506682.235128,271272.929063,-36363.884422,-340853.181679,-583984.513616,-751582.007505,-848886.692468,-882667.516336,-869751.758571,-833232.913951,-791747.205263,-762201.420966,-762199.520118,-799594.006540,-873841.115355,-974254.069066,-1072091.419152,-1166239.832543,0.000000,0.000000,0.000000,0.000000,0.000000,0.000000,0.000000,0.000000,0.000000
0.000000,0.000000,0.000000,0.000000,0.000000,0.000000,0.000000,0.000000,0.000000,0.000000,-1216621.953064,-1216268.996883,-1215629.158203,-1195975.244294,-1071934.306129,-829850.664864,-523584.860601,-217403.147967,24144.130347,186052.807626,280666.452467,325283.292387,353403.286942,378381.165248,398752.768781,429467.340575,470364.821194,507805.333549,525076.163477,504927.828104,440627.617725,340117.942909,225735.352585,121530.579405,38821.402837,-27009.635710,-94684.861507,-181485.307367,-289225.935916,-400154.373901,-485110.915285,-518590.879629,-490768.577753,-412220.993216,-306984.823592,-201358.908540,-115374.629023,-58877.749775,-33822.111886,-37381.715115,-63822.794472,-104934.205807,-150650.643457,-188667.318944,-205346.256463,-185844.790110,-117652.392955,1449.864418,157412.519230,322503.562523,466916.694383,571799.879123,635443.436963,667190.292115,680433.996661,685141.175799,686741.353730,687434.489792,688464.429381,689869.641254,690534.930297,689935.702044,690482.324859,687031.779492,656816.992726,558191.540783,351766.970341,47855.856374,-285764.357077,-571937.194765,-773388.654347,-897973.158541,-965650.637367,-983355.521558,-962602.564393,-925862.135859,-890933.042871,-872978.056562,-881010.516974,-921521.153218,-994972.081741,-1080926.235827,-1168139.846033,0.000000,0.000000,0.000000,0.000000,0.000000,0.000000,0.000000,0.000000,0.000000,0.000000
0.000000,0.000000,0.000000,0.000000,0.000000,0.000000,0.000000,0.000000,0.000000,0.000000,0.000000,-1324873.935753,-1298602.663092,-1208499.481581,-1017660.274268,-725170.982843,-400774.649598,-113300.081845,104946.608229,245090.129426,322625.789604,363934.503608,392154.625309,421643.766336,452559.607587,487667.621562,520230.017516,535619.192962,524509.023992,476850.175845,393920.361856,290638.769802,192048.161504,115304.313107,58020.843726,3172.056456,-71115.368702,-176521.002816,-304872.448077,-427498.563062,-506507.992180,-514206.418799,-448003.807428,-331074.541257,-197651.260617,-78188.809346,8438.658293,56603.524926,69149.972614,53042.338963,16290.247971,-31691.355146,-79802.343182,-116716.187333,-130351.285802,-108907.344527,-43929.583276,65159.589653,204858.803324,351481.229294,480792.019516,576238.178021,635519.044775,666241.565238,679898.392920,684901.559122,686477.836540,687201.285504,688250.385104,689369.563149,689804.350504,690623.564534,689506.059257,671797.731852,603314.169005,437914.585175,165039.032989,-170385.567557,-495665.662955,-742223.477082,-900990.327649,-998566.719583,-1045589.376427,-1052875.713796,-1034274.533976,-1004128.014775,-979698.302450,-972822.968338,-987216.616341,-1030262.747845,-1097771.754658,-1172373.147814,0.000000,0.000000,0.000000,0.000000,0.000000,0.000000,0.000000,0.000000,0.000000,0.000000,0.000000
0.000000,0.000000,0.000000,0.000000,0.000000,0.000000,0.000000,0.000000,0.000000,0.000000,0.000000,0.000000,-1373846.252582,-1215746.898010,-987993.765550,-685890.685181,-362134.518350,-81158.163524,128124.733834,267446.155954,347286.097980,392799.427973,427344.565666,463530.283034,501003.379082,530342.309615,547855.011761,541065.708188,506687.963872,446839.690375,359936.860859,268572.278822,193355.035882,139474.374379,97478.246702,43027.038772,-45978.027153,-174816.947358,-324368.900271,-455238.425232,-522500.095897,-498537.524575,-390722.114798,-237138.186260,-81735.204576,43570.260653,123836.514828,159238.782871,157731.405475,130339.817985,86326.845282,35926.504598,-9784.579963,-40958.950389,-47819.386335,-21206.435216,43548.639162,143933.151896,267575.110213,394642.797885,505596.417957,587600.078639,639602.055605,667449.504907,679849.135129,684252.294011,685942.694646,687245.357703,688281.570132,688644.631804,689888.301331,690463.921778,681240.791400,639554.279096,520254.401480,292419.551466,-17134.903701,-347136.179534,-636183.746585,-845884.593654,-979819.352834,-1059455.224148,-1098466.468816,-1105937.363661,-1092526.668974,-1072706.989257,-1060257.607421,-1062253.652213,-1084452.579362,-1132339.743180,-1192866.655893,0.000000,0.000000,0.000000,0.000000,0.000000,0.000000,0.000000,0.000000,0.000000,0.000000,0.000000,0.000000
0.000000,0.000000,0.000000,0.000000,0.000000,0.000000,0.000000,0.000000,0.000000,0.000000,0.000000,0.000000,-1436683.971573,-1255791.889908,-1004475.051867,-716150.619900,-404363.673010,-117462.985933,103829.173368,255712.574267,352762.464463,410771.885921,453737.414775,493568.687559,529294.513983,554448.391048,557432.803182,534758.945897,489355.596734,423318.466659,346190.524007,273758.234310,219750.346240,182117.868795,144773.555594,83375.212579,-23621.640415,-175613.120043,-345429.268049,-482491.607964,-533179.951085,-473386.295351,-324242.379642,-138332.914607,31954.254299,155406.661802,224453.680359,245654.244482,231291.321325,195504.449646,148901.150206,101282.382033,62361.647674,40590.853233,43071.102761,75915.496542,140611.884863,231838.008032,338903.861987,445598.244494,536685.377804,603918.620103,646956.693217,669874.925617,679960.339007,683728.011967,685844.890057,687510.125762,687956.363522,688076.452758,689842.589094,687078.036619,660114.053317,579965.300214,411246.218364,148133.684269,-169219.468976,-476325.885728,-722513.125823,-902649.603553,-1022956.556071,-1095277.331119,-1135090.317396,-1146481.952910,-1142705.434332,-1135685.674738,-1132226.479502,-1141508.746264,-1173000.689596,-1221842.240946,-1287982.276362,0.000000,0.000000,0.000000,0.000000,0.000000,0.000000,0.000000,0.000000,0.000000,0.000000,0.000000,0.000000
0.000000,0.000000,0.000000,0.000000,0.000000,0.000000,0.000000,0.000000,0.000000,0.000000,0.000000,0.000000,0.000000,-1291848.172211,-1072381.237238,-804036.117646,-515775.459976,-225424.213298,24463.256759,205986.142144,327687.257923,407673.916623,462403.994262,503496.780048,538574.856780,562561.229807,556995.676170,525770.170765,476328.021367,410285.486787,347859.844748,295994.902795,258487.928363,232155.899292,193552.447157,118708.747258,-6731.306738,-178581.259205,-366385.848746,-508734.463226,-540644.455000,-442480.002804,-253555.781253,-41239.401153,136321.962350,252338.638195,307746.216566,315839.526359,292517.532796,253202.132570,208450.159599,167821.428174,139535.255655,128951.207444,140826.655200,178799.039513,241246.188670,322027.062766,411878.887462,498046.333452,569856.856685,622110.031371,655186.819589,672510.165811,680386.918727,684314.483778,686044.568468,686322.086076,687290.261625,688751.979202,687394.802292,673365.111758,616962.271874,487500.760973,277249.305494,-1308.127257,-302448.411573,-571944.342704,-784254.281912,-939146.577070,-1047500.284751,-1119134.058049,-1159858.354625,-1179345.056701,-1187561.532281,-1189012.167024,-1193240.919792,-1214360.552152,-1255086.525287,-1312530.632594,0.000000,0.000000,0.000000,0.000000,0.000000,0.000000,0.000000,0.000000,0.000000,0.000000,0.000000,0.000000,0.000000
0.000000,0.000000,0.000000,0.000000,0.000000,0.000000,0.000000,0.000000,0.000000,0.000000,0.000000,0.000000,0.000000,0.000000,-1148754.963292,-919069.986766,-661669.409278,-388099.017817,-119118.141448,104617.458571,264282.918708,370811.953380,442434.212785,493089.583392,529297.530122,550345.804782,548454.729828,517169.141170,467974.071070,410241.631713,357677.843329,323497.644754,300955.769578,278302.004349,234910.354650,149357.644175,8250.673295,-184627.955884,-389020.420120,-534319.600785,-547376.135384,-410717.085151,-184036.044875,47898.948779,225862.783659,332119.225824,375148.669684,372910.486963,345608.635039,307664.318154,268975.127380,238310.343794,221176.253022,221449.348263,241573.195219,282272.137004,340324.248186,408982.988318,480986.933597,547270.301037,601127.365208,639439.570959,663134.640668,675573.710099,681286.036191,684418.111430,685910.697994,686332.298712,688507.629643,688735.677708,680976.505473,641355.982302,543041.666039,374800.246699,133117.522360,-147393.165869,-413374.135659,-640738.880607,-825070.889351,-961653.604346,-1060889.887676,-1131442.762604,-1178064.914368,-1208263.635697,-1225021.771177,-1234232.010877,-1252157.889642,-1288678.333892,-1336235.858152,0.000000,0.000000,0.000000,0.000000,0.000000,0.000000,0.000000,0.000000,0.000000,0.000000,0.000000,0.000000,0.000000,0.000000
0.000000,0.000000,0.000000,0.000000,0.000000,0.000000,0.000000,0.000000,0.000000,0.000000,0.000000,0.000000,0.000000,0.000000,0.000000,-1013726.650029,-808883.750902,-569356.457909,-312169.459771,-60455.205992,145805.277907,291198.996232,388417.400690,454803.837933,496701.446943,519946.755430,521747.315035,496630.325839,455929.817362,410410.057110,370945.203274,345177.293053,333614.649704,313988.667499,267103.561448,175000.150004,18602.405984,-191871.812211,-412217.838687,-560478.372174,-554623.022023,-382464.947399,-122263.216794,123842.702136,298315.760256,394443.938145,427784.392170,420902.605268,394137.506368,360916.389072,331758.436372,312865.014465,305442.340133,315112.817511,341565.258903,380059.258884,429719.453917,486113.157482,541369.689911,589103.133031,627323.025404,654096.877423,670280.015387,678859.733960,682476.976629,684284.382845,685374.049508,686523.507263,688320.688166,683456.969582,658400.436317,589688.447479,452814.790316,252911.251255,5212.101265,-257750.787016,-492768.145501,-691952.160360,-850052.145124,-971556.317962,-1068199.446479,-1141400.744186,-1196144.810370,-1232505.523545,-1255765.448205,-1283023.978755,-1320172.687231,-1368995.848855,0.000000,0.000000,0.000000,0.000000,0.000000,0.000000,0.000000,0.000000,0.000000,0.000000,0.000000,0.000000,0.000000,0.000000,0.000000
0.000000,0.000000,0.000000,0.000000,0.000000,0.000000,0.000000,0.000000,0.000000,0.000000,0.000000,0.000000,0.000000,0.000000,0.000000,0.000000,-922779.805918,-738134.642854,-515291.589088,-270595.074153,-34699.562831,157237.593716,292649.654463,383973.241939,442961.236105,474400.616818,481161.753311,468143.107961,441679.789509,409819.148588,384554.659089,368250.379605,356937.219514,337929.226255,290446.921396,191148.839519,26004.922937,-197149.316901,-434929.203171,-589873.774999,-566445.135330,-360742.958842,-72127.843564,184258.344225,353568.821804,439661.772096,467612.326775,461967.631091,440926.431077,415000.842287,395690.518218,387514.910496,389335.422967,405098.961351,432352.391033,466745.301483,507979.387802,550231.119517,588974.475174,622638.674571,648639.886000,665492.083691,675045.494158,680783.091390,682900.767010,684372.772473,683523.752774,679569.253279,677964.308152,661167.458539,606924.514774,507936.934112,352564.436343,139055.530425,-102781.451979,-339546.768062,-550372.059551,-723883.487565,-862911.030490,-980412.352677,-1078923.011520,-1154689.312929,-1215135.708376,-1258593.069794,-1295090.123962,-1341063.179919,-1394261.699879,0.000000,0.000000,0.000000,0.000000,0.000000,0.000000,0.000000,0.000000,0.000000,0.000000,0.000000,0.000000,0.000000,0.000000,0.000000,0.000000
0.000000,0.000000,0.000000,0.000000,0.000000,0.000000,0.000000,0.000000,0.000000,0.000000,0.000000,0.000000,0.000000,0.000000,0.000000,0.000000,0.000000,-859273.581879,-694095.001366,-485880.333825,-257594.168199,-37286.807665,141830.178220,271629.345529,361124.727701,413444.349804,438424.719003,442348.192157,432575.964261,414677.916741,399800.686277,390710.982673,377085.199848,350746.292671,298313.527377,201850.120396,32285.845133,-206189.630433,-458907.170129,-620800.993842,-584361.322414,-349673.931853,-35602.337137,226163.326346,389653.672940,470646.872265,498134.432220,497927.944903,483476.833139,468475.669340,459872.078220,458090.373087,466568.203697,484029.057486,506823.785963,535901.785802,568740.520809,599315.913335,626447.275835,648667.330554,663793.890022,672562.087510,678146.826351,682311.260781,684789.056240,683747.566449,680025.847361,670379.775124,647289.563921,605314.283396,529697.241010,405352.005707,237581.616854,34442.661683,-190510.321045,-402781.588331,-587324.151798,-743089.101096,-877214.019546,-998972.597573,-1095613.767221,-1172265.807729,-1238640.678293,-1295917.895200,-1348931.270176,-1412053.529746,0.000000,0.000000,0.000000,0.000000,0.000000,0.000000,0.000000,0.000000,0.000000,0.000000,0.000000,0.000000,0.000000,0.000000,0.000000,0.000000,0.000000
0.000000,0.000000,0.000000,0.000000,0.000000,0.000000,0.000000,0.000000,0.000000,0.000000,0.000000,0.000000,0.000000,0.000000,0.000000,0.000000,0.000000,0.000000,-820433.230846,-672747.608314,-481350.385908,-268952.887537,-70068.221309,99222.656544,231212.314728,322041.888927,376856.232539,405113.604876,414595.942767,412038.988044,403974.178852,393245.946083,379199.824609,348800.357920,293815.855538,199071.633269,27709.333308,-219842.857587,-483382.574560,-653925.134499,-610269.219374,-349339.676213,-15284.961405,249572.084070,407917.233681,486337.312552,516547.720970,522498.440653,519254.922356,515010.890946,513554.090952,520094.751010,533826.666355,547546.369382,565806.098388,587225.963231,608278.904845,630924.881028,648746.450003,661365.623672,670404.502104,672779.080425,674252.376863,681472.942497,684696.013784,679738.866670,670216.044552,647255.462511,600675.181294,528424.645810,429813.382153,295324.603446,121405.315786,-73061.954736,-269449.221059,-456285.396356,-624135.772744,-772068.752962,-907499.981926,-1024097.690791,-1118581.580821,-1205048.537203,-1282532.844621,-1347516.115613,-1413009.793361,0.000000,0.000000,0.000000,0.000000,0.000000,0.000000,0.000000,0.000000,0.000000,0.000000,0.000000,0.000000,0.000000,0.000000,0.000000,0.000000,0.000000,0.000000
0.000000,0.000000,0.000000,0.000000,0.000000,0.000000,0.000000,0.000000,0.000000,0.000000,0.000000,0.000000,0.000000,0.000000,0.000000,0.000000,0.000000,0.000000,0.000000,-803062.524026,-663831.478122,-494958.116835,-310788.106872,-130991.810805,36007.000757,173489.503444,269463.487685,332514.091552,367938.227551,382582.351443,383659.524287,375203.111135,357368.892065,326791.224874,275616.147299,179417.518253,12218.443306,-234158.884719,-509628.691449,-690749.556736,-642462.439469,-362417.576185,-14188.518077,256337.658163,411388.267327,488884.345040,525376.242105,537214.190150,546399.100405,550272.801669,553555.148683,566239.616418,579177.291673,591297.690995,605386.558166,618392.737780,631392.154204,645133.448218,654206.423691,663237.951988,671480.207742,669705.610665,669550.429073,677612.750962,674070.644769,661972.150631,642181.158992,601061.920015,536818.976108,439012.348100,313808.783456,169808.760883,3790.840403,-174680.710380,-349562.243232,-517037.622773,-675275.916963,-816335.668512,-950422.364662,-1067390.756689,-1166634.861629,-1262124.321550,-1332192.203503,-1424764.497155,0.000000,0.000000,0.000000,0.000000,0.000000,0.000000,0.000000,0.000000,0.000000,0.000000,0.000000,0.000000,0.000000,0.000000,0.000000,0.000000,0.000000,0.000000,0.000000
0.000000,0.000000,0.000000,0.000000,0.000000,0.000000,0.000000,0.000000,0.000000,0.000000,0.000000,0.000000,0.000000,0.000000,0.000000,0.000000,0.000000,0.000000,0.000000,0.000000,-785231.094164,-659785.111253,-525597.802117,-374938.310513,-204757.760249,-39198.749104,99698.882867,202797.786141,273138.301812,312803.593226,331030.713831,333183.122550,322337.961488,293735.661447,244036.160994,151883.852418,-14105.103538,-254958.005026,-533317.120955,-726539.509803,-683908.675175,-399408.424498,-34603.531703,242140.640528,399645.218335,483581.456170,523448.840034,543654.453185,558548.377053,570412.844323,578888.538982,586044.969245,596910.948541,613175.620004,623782.387033,631074.545180,639643.154391,645521.956450,655768.008599,664808.298791,667320.294957,665895.492681,665146.456013,664376.542374,650239.460145,620075.178755,583830.548694,529868.993449,440199.059477,324258.955619,190777.422783,42834.235399,-113562.105811,-275800.441785,-438246.722591,-596785.484467,-743614.661657,-883111.835179,-1017056.429197,-1138453.789521,-1237492.379491,-1320705.106730,-1408313.771810,0.000000,0.000000,0.000000,0.000000,0.000000,0.000000,0.000000,0.000000,0.000000,0.000000,0.000000,0.000000,0.000000,0.000000,0.000000,0.000000,0.000000,0.000000,0.000000,0.000000
0.000000,0.000000,0.000000,0.000000,0.000000,0.000000,0.000000,0.000000,0.000000,0.000000,0.000000,0.000000,0.000000,0.000000,0.000000,0.000000,0.000000,0.000000,0.000000,0.000000,0.000000,0.000000,-677073.824250,-579305.556499,-442195.338407,-282981.679073,-127940.097420,6910.608738,113774.328328,189172.181144,234552.228388,255411.505156,259201.092348,241126.653524,194420.305923,104880.986909,-51652.527181,-280575.486510,-552820.580695,-757922.912741,-734854.836398,-453844.010894,-79060.005897,209787.143598,377559.513196,466628.526685,512469.142259,539550.608141,559702.739272,575594.108015,580816.997990,583576.920098,595445.895221,609527.187883,621819.642440,630878.264989,634822.052335,638377.656125,647069.480591,652333.023373,649925.345804,646727.879950,637185.659267,624940.831154,599005.294284,548907.707593,491619.052146,419442.597467,316581.082401,192293.284614,56910.300511,-86888.222779,-238848.541223,-394775.170618,-547743.922260,-693338.111079,-833657.932892,-974096.070268,-1105765.824090,-1211946.557154,-1314004.398303,0.000000,0.000000,0.000000,0.000000,0.000000,0.000000,0.000000,0.000000,0.000000,0.000000,0.000000,0.000000,0.000000,0.000000,0.000000,0.000000,0.000000,0.000000,0.000000,0.000000,0.000000,0.000000
0.000000,0.000000,0.000000,0.000000,0.000000,0.000000,0.000000,0.000000,0.000000,0.000000,0.000000,0.000000,0.000000,0.000000,0.000000,0.000000,0.000000,0.000000,0.000000,0.000000,0.000000,0.000000,0.000000,-718833.691692,-631684.959577,-506410.604925,-365627.513268,-228639.353601,-105939.980884,-520.521591,79740.824077,129939.942299,152956.459347,149162.615919,113303.096105,33758.198144,-103989.820211,-313824.405555,-576127.648300,-787041.656021,-785600.261857,-522243.941394,-147691.415660,158046.574269,337609.209912,431565.240197,486964.346106,518370.306892,542059.163921,559480.662598,565559.675685,570410.864542,579097.298629,590864.120129,604666.043347,612544.974732,613086.736215,619243.200952,621093.951037,613412.578536,605813.479560,592573.291591,574065.199266,549255.041296,505260.617946,443023.587879,368538.932905,279521.520572,171720.368752,44639.911420,-94818.237036,-238814.700779,-385617.995062,-530345.868486,-673437.153519,-813412.998749,-948169.018180,-1077628.113455,-1182871.376303,-1302232.525177,0.000000,0.000000,0.000000,0.000000,0.000000,0.000000,0.000000,0.000000,0.000000,0.000000,0.000000,0.000000,0.000000,0.000000,0.000000,0.000000,0.000000,0.000000,0.000000,0.000000,0.000000,0.000000,0.000000
0.000000,0.000000,0.000000,0.000000,0.000000,0.000000,0.000000,0.000000,0.000000,0.000000,0.000000,0.000000,0.000000,0.000000,0.000000,0.000000,0.000000,0.000000,0.000000,0.000000,0.000000,0.000000,0.000000,0.000000,-752666.214149,-661596.177683,-558021.884805,-450480.604888,-336841.369568,-228125.312283,-131462.098962,-52328.231580,-808.877601,15445.278820,-3784.633419,-67058.561445,-184335.171311,-366342.846058,-604501.148741,-813112.003060,-838359.981858,-608113.981414,-241365.500383,74963.357125,267806.416660,374299.447449,434589.679342,470443.897798,496239.164610,514560.838432,526849.736529,535089.171735,544638.209788,556735.568596,565348.656065,569108.208781,569259.179970,570765.956472,565503.163986,547512.943578,528403.777680,506074.050481,476455.870870,435765.057152,377186.423513,303082.354604,215755.729174,114717.493592,-2583.833828,-132678.954899,-270420.604929,-410207.250723,-549906.609810,-687630.487949,-821063.133625,-953000.415749,-1058959.737442,-1164104.237245,-1277793.068580,0.000000,0.000000,0.000000,0.000000,0.000000,0.000000,0.000000,0.000000,0.000000,0.000000,0.000000,0.000000,0.000000,0.000000,0.000000,0.000000,0.000000,0.000000,0.000000,0.000000,0.000000,0.000000,0.000000,0.000000
0.000000,0.000000,0.000000,0.000000,0.000000,0.000000,0.000000,0.000000,0.000000,0.000000,0.000000,0.000000,0.000000,0.000000,0.000000,0.000000,0.000000,0.000000,0.000000,0.000000,0.000000,0.000000,0.000000,0.000000,0.000000,0.000000,-678858.798810,-606018.290530,-527477.428094,-442535.340793,-350946.800032,-268396.899285,-204413.517766,-165006.598447,-160370.797739,-199793.304945,-287595.311850,-434702.011063,-639133.290151,-838811.217432,-894375.973709,-710947.571120,-369109.229747,-46368.848202,164473.752299,286269.623045,358295.451951,402366.409948,431687.644620,450782.480281,464824.394976,475950.177283,485417.203395,492102.448473,494431.427166,494812.965554,492544.082489,484928.253048,470139.368345,445676.605687,416535.400316,384247.324817,338878.111476,281773.285551,212068.437932,126528.544694,28610.456749,-81599.611351,-204261.124375,-333974.355073,-467143.288284,-599936.826988,-728037.728898,-854105.591162,-957854.756118,-1053969.133066,-1164952.261936,0.000000,0.000000,0.000000,0.000000,0.000000,0.000000,0.000000,0.000000,0.000000,0.000000,0.000000,0.000000,0.000000,0.000000,0.000000,0.000000,0.000000,0.000000,0.000000,0.000000,0.000000,0.000000,0.000000,0.000000,0.000000,0.000000
0.000000,0.000000,0.000000,0.000000,0.000000,0.000000,0.000000,0.000000,0.000000,0.000000,0.000000,0.000000,0.000000,0.000000,0.000000,0.000000,0.000000,0.000000,0.000000,0.000000,0.000000,0.000000,0.000000,0.000000,0.000000,0.000000,0.000000,0.000000,-651893.833800,-597099.686169,-535884.465282,-473303.008741,-412735.931844,-368130.937766,-349337.178990,-360906.676755,-412513.775161,-519191.797622,-684075.506190,-866873.859893,-949256.593944,-826435.875237,-531164.794212,-209904.435348,21637.035483,160782.069217,246101.180503,298579.128088,332702.185018,355300.590510,370327.631530,380802.868178,386434.117560,388455.635952,386735.294012,380450.497092,370078.065974,354830.822715,330906.391812,297688.922692,259322.789721,214520.913628,157078.692371,88340.866322,7471.860057,-86875.718314,-191173.442984,-304062.473944,-424132.369676,-546278.189087,-667140.833658,-785887.546338,-882363.894522,-969174.819215,-1070057.713121,0.000000,0.000000,0.000000,0.000000,0.000000,0.000000,0.000000,0.000000,0.000000,0.000000,0.000000,0.000000,0.000000,0.000000,0.000000,0.000000,0.000000,0.000000,0.000000,0.000000,0.000000,0.000000,0.000000,0.000000,0.000000,0.000000,0.000000,0.000000
0.000000,0.000000,0.000000,0.000000,0.000000,0.000000,0.000000,0.000000,0.000000,0.000000,0.000000,0.000000,0.000000,0.000000,0.000000,0.000000,0.000000,0.000000,0.000000,0.000000,0.000000,0.000000,0.000000,0.000000,0.000000,0.000000,0.000000,0.000000,0.000000,0.000000,-660836.392406,-625027.911316,-588152.058264,-555675.080450,-535404.003272,-534345.914667,-557716.313958,-619976.681283,-734784.423193,-887781.767909,-992478.073801,-942605.988990,-723897.985572,-433550.957848,-186022.998552,-22408.635057,78104.135554,138624.869412,177264.646088,202455.899104,216388.849207,224277.789278,227541.290474,226590.900086,221200.359333,210272.077270,193201.433027,170593.167426,140385.542809,102187.844741,55754.574264,-1791.758215,-69439.198471,-144483.379353,-228003.807759,-320080.506698,-422513.805072,-530780.428324,-637808.218578,-743996.365873,-834132.972190,-913180.528728,-997893.798690,0.000000,0.000000,0.000000,0.000000,0.000000,0.000000,0.000000,0.000000,0.000000,0.000000,0.000000,0.000000,0.000000,0.000000,0.000000,0.000000,0.000000,0.000000,0.000000,0.000000,0.000000,0.000000,0.000000,0.000000,0.000000,0.000000,0.000000,0.000000,0.000000,0.000000
0.000000,0.000000,0.000000,0.000000,0.000000,0.000000,0.000000,0.000000,0.000000,0.000000,0.000000,0.000000,0.000000,0.000000,0.000000,0.000000,0.000000,0.000000,0.000000,0.000000,0.000000,0.000000,0.000000,0.000000,0.000000,0.000000,0.000000,0.000000,0.000000,0.000000,0.000000,0.000000,-714691.549957,-701454.123996,-692649.088360,-686076.740697,-690322.799570,-720900.726747,-794427.497994,-914972.215731,-1026901.847006,-1041060.432201,-911800.201335,-687895.411098,-459592.341906,-284298.880219,-167869.667272,-95203.681145,-50647.461572,-23013.289196,-7865.688048,-104.304922,2168.080389,-292.999805,-7310.228002,-19416.587162,-37380.769023,-62131.659287,-95020.953364,-136279.943597,-186699.781008,-247491.294820,-316727.289171,-388454.325210,-463011.872667,-544102.263907,-631294.150837,-723686.939654,-806091.348124,-878521.968163,-953518.095611,0.000000,0.000000,0.000000,0.000000,0.000000,0.000000,0.000000,0.000000,0.000000,0.000000,0.000000,0.000000,0.000000,0.000000,0.000000,0.000000,0.000000,0.000000,0.000000,0.000000,0.000000,0.000000,0.000000,0.000000,0.000000,0.000000,0.000000,0.000000,0.000000,0.000000,0.000000,0.000000
0.000000,0.000000,0.000000,0.000000,0.000000,0.000000,0.000000,0.000000,0.000000,0.000000,0.000000,0.000000,0.000000,0.000000,0.000000,0.000000,0.000000,0.000000,0.000000,0.000000,0.000000,0.000000,0.000000,0.000000,0.000000,0.000000,0.000000,0.000000,0.000000,0.000000,0.000000,0.000000,0.000000,0.000000,-808805.606938,-797988.578763,-791246.435618,-810092.375746,-862802.779198,-943385.317557,-1044496.965757,-1112824.743514,-1074736.395787,-939154.786697,-759194.333917,-597573.049919,-478513.564510,-395994.410066,-343143.472598,-308960.633978,-288396.698291,-276865.465372,-271544.983680,-270782.384756,-275417.248651,-285273.281738,-300255.755488,-322117.757896,-351321.372174,-386235.859806,-429051.616720,-481033.270198,-537998.673448,-595045.397325,-649047.439174,-703691.660053,-772440.889162,-852354.762419,-921257.727584,0.000000,0.000000,0.000000,0.000000,0.000000,0.000000,0.000000,0.000000,0.000000,0.000000,0.000000,0.000000,0.000000,0.000000,0.000000,0.000000,0.000000,0.000000,0.000000,0.000000,0.000000,0.000000,0.000000,0.000000,0.000000,0.000000,0.000000,0.000000,0.000000,0.000000,0.000000,0.000000,0.000000,0.000000
0.000000,0.000000,0.000000,0.000000,0.000000,0.000000,0.000000,0.000000,0.000000,0.000000,0.000000,0.000000,0.000000,0.000000,0.000000,0.000000,0.000000,0.000000,0.000000,0.000000,0.000000,0.000000,0.000000,0.000000,0.000000,0.000000,0.000000,0.000000,0.000000,0.000000,0.000000,0.000000,0.000000,0.000000,0.000000,0.000000,0.000000,0.000000,-930915.777071,-970811.203142,-1068536.758445,-1164864.908509,-1196888.017542,-1150508.764840,-1040793.692382,-916955.055671,-806419.286587,-719294.261374,-653871.061134,-606190.564416,-573443.815585,-552314.526954,-539103.281172,-531605.272969,-529788.038242,-533473.280593,-542521.277747,-557641.718342,-576958.979411,-598716.419488,-623068.747538,-648128.193718,-684412.417115,-731866.692159,-767276.499512,0.000000,0.000000,0.000000,0.000000,0.000000,0.000000,0.000000,0.000000,0.000000,0.000000,0.000000,0.000000,0.000000,0.000000,0.000000,0.000000,0.000000,0.000000,0.000000,0.000000,0.000000,0.000000,0.000000,0.000000,0.000000,0.000000,0.000000,0.000000,0.000000,0.000000,0.000000,0.000000,0.000000,0.000000,0.000000,0.000000,0.000000,0.000000
0.000000,0.000000,0.000000,0.000000,0.000000,0.000000,0.000000,0.000000,0.000000,0.000000,0.000000,0.000000,0.000000,0.000000,0.000000,0.000000,0.000000,0.000000,0.000000,0.000000,0.000000,0.000000,0.000000,0.000000,0.000000,0.000000,0.000000,0.000000,0.000000,0.000000,0.000000,0.000000,0.000000,0.000000,0.000000,0.000000,0.000000,0.000000,0.000000,0.000000,0.000000,0.000000,-1301458.206039,-1278906.043596,-1251908.086842,-1170743.980469,-1071611.758852,-978238.453975,-897730.782684,-831921.776524,-782538.203893,-747873.500715,-725014.998733,-709811.000739,-701096.218850,-698822.258831,-702062.954293,-711196.229325,-725431.126096,-742420.343861,-749558.827677,0.000000,0.000000,0.000000,0.000000,0.000000,0.000000,0.000000,0.000000,0.000000,0.000000,0.000000,0.000000,0.000000,0.000000,0.000000,0.000000,0.000000,0.000000,0.000000,0.000000,0.000000,0.000000,0.000000,0.000000,0.000000,0.000000,0.000000,0.000000,0.000000,0.000000,0.000000,0.000000,0.000000,0.000000,0.000000,0.000000,0.000000,0.000000,0.000000,0.000000,0.000000,0.000000
0.000000,0.000000,0.000000,0.000000,0.000000,0.000000,0.000000,0.000000,0.000000,0.000000,0.000000,0.000000,0.000000,0.000000,0.000000,0.000000,0.000000,0.000000,0.000000,0.000000,0.000000,0.000000,0.000000,0.000000,0.000000,0.000000,0.000000,0.000000,0.000000,0.000000,0.000000,0.000000,0.000000,0.000000,0.000000,0.000000,0.000000,0.000000,0.000000,0.000000,0.000000,0.000000,0.000000,0.000000,0.000000,0.000000,0.000000,0.000000,0.000000,0.000000,0.000000,0.000000,0.000000,0.000000,0.000000,0.000000,0.000000,0.000000,0.000000,0.000000,0.000000,0.000000,0.000000,0.000000,0.000000,0.000000,0.000000,0.000000,0.000000,0.000000,0.000000,0.000000,0.000000,0.000000,0.000000,0.000000,0.000000,0.000000,0.000000,0.000000,0.000000,0.000000,0.000000,0.000000,0.000000,0.000000,0.000000,0.000000,0.000000,0.000000,0.000000,0.000000,0.000000,0.000000,0.000000,0.000000,0.000000,0.000000,0.000000,0.000000,0.000000,0.000000,0.000000
0.000000,0.000000,0.000000,0.000000,0.000000,0.000000,0.000000,0.000000,0.000000,0.000000,0.000000,0.000000,0.000000,0.000000,0.000000,0.000000,0.000000,0.000000,0.000000,0.000000,0.000000,0.000000,0.000000,0.000000,0.000000,0.000000,0.000000,0.000000,0.000000,0.000000,0.000000,0.000000,0.000000,0.000000,0.000000,0.000000,0.000000,0.000000,0.000000,0.000000,0.000000,0.000000,0.000000,0.000000,0.000000,0.000000,0.000000,0.000000,0.000000,0.000000,0.000000,0.000000,0.000000,0.000000,0.000000,0.000000,0.000000,0.000000,0.000000,0.000000,0.000000,0.000000,0.000000,0.000000,0.000000,0.000000,0.000000,0.000000,0.000000,0.000000,0.000000,0.000000,0.000000,0.000000,0.000000,0.000000,0.000000,0.000000,0.000000,0.000000,0.000000,0.000000,0.000000,0.000000,0.000000,0.000000,0.000000,0.000000,0.000000,0.000000,0.000000,0.000000,0.000000,0.000000,0.000000,0.000000,0.000000,0.000000,0.000000,0.000000,0.000000,0.000000,0.000000
