0.000000,0.000000,0.000000,0.000000,0.000000,0.000000,0.000000,0.000000,0.000000,0.000000,0.000000,0.000000,0.000000,0.000000,0.000000,0.000000,0.000000,0.000000,0.000000,0.000000,0.000000,0.000000,0.000000,0.000000,0.000000,0.000000,0.000000,0.000000,0.000000,0.000000,0.000000,0.000000,0.000000,0.000000,0.000000,0.000000,0.000000,0.000000,0.000000,0.000000,0.000000,0.000000,0.000000,0.000000,0.000000,0.000000,0.000000,0.000000,0.000000,0.000000,0.000000,0.000000,0.000000,0.000000,0.000000,0.000000,0.000000,0.000000,0.000000,0.000000,0.000000,0.000000,0.000000,0.000000,0.000000,0.000000,0.000000,0.000000,0.000000,0.000000,0.000000,0.000000,0.000000,0.000000,0.000000,0.000000,0.000000,0.000000,0.000000,0.000000,0.000000,0.000000,0.000000,0.000000,0.000000,0.000000,0.000000,0.000000,0.000000,0.000000,0.000000,0.000000,0.000000,0.000000,0.000000,0.000000,0.000000,0.000000,0.000000,0.000000,0.000000,0.000000,0.000000
0.000000,0.000000,0.000000,0.000000,0.000000,0.000000,0.000000,0.000000,0.000000,0.000000,0.000000,0.000000,0.000000,0.000000,0.000000,0.000000,0.000000,0.000000,0.000000,0.000000,0.000000,0.000000,0.000000,0.000000,0.000000,0.000000,0.000000,0.000000,0.000000,0.000000,0.000000,0.000000,0.000000,0.000000,0.000000,0.000000,0.000000,0.000000,0.000000,0.000000,0.000000,0.000000,0.000000,0.000000,0.000000,0.000000,0.000000,0.000000,0.000000,0.000000,0.000000,1000.132515,0.000000,0.000000,0.000000,0.000000,0.000000,0.000000,0.000000,0.000000,0.000000,0.000000,0.000000,0.000000,0.000000,0.000000,0.000000,0.000000,0.000000,0.000000,0.000000,0.000000,0.000000,0.000000,0.000000,0.000000,0.000000,0.000000,0.000000,0.000000,0.000000,0.000000,0.000000,0.000000,0.000000,0.000000,0.000000,0.000000,0.000000,0.000000,0.000000,0.000000,0.000000,0.000000,0.000000,0.000000,0.000000,0.000000,0.000000,0.000000,0.000000,0.000000,0.000000
0.000000,0.000000,0.000000,0.000000,0.000000,0.000000,0.000000,0.000000,0.000000,0.000000,0.000000,0.000000,0.000000,0.000000,0.000000,0.000000,0.000000,0.000000,0.000000,0.000000,0.000000,0.000000,0.000000,0.000000,0.000000,0.000000,0.000000,0.000000,0.000000,0.000000,0.000000,0.000000,0.000000,0.000000,0.000000,0.000000,0.000000,0.000000,0.000000,0.000000,0.000000,0.000000,1000.138168,1000.135779,1000.133652,1000.131331,1000.128647,1000.125809,1000.123306,1000.121588,1000.120517,1000.119381,1000.119662,1000.119665,1000.120147,1000.121385,1000.123104,1000.125272,1000.127846,1000.130505,1000.132512,0.000000,0.000000,0.000000,0.000000,0.000000,0.000000,0.000000,0.000000,0.000000,0.000000,0.000000,0.000000,0.000000,0.000000,0.000000,0.000000,0.000000,0.000000,0.000000,0.000000,0.000000,0.000000,0.000000,0.000000,0.000000,0.000000,0.000000,0.000000,0.000000,0.000000,0.000000,0.000000,0.000000,0.000000,0.000000,0.000000,0.000000,0.000000,0.000000,0.000000,0.000000,0.000000
0.000000,0.000000,0.000000,0.000000,0.000000,0.000000,0.000000,0.000000,0.000000,0.000000,0.000000,0.000000,0.000000,0.000000,0.000000,0.000000,0.000000,0.000000,0.000000,0.000000,0.000000,0.000000,0.000000,0.000000,0.000000,0.000000,0.000000,0.000000,0.000000,0.000000,0.000000,0.000000,0.000000,0.000000,0.000000,0.000000,0.000000,1000.140863,1000.136536,1000.132840,1000.129797,1000.127254,1000.124319,1000.122045,1000.119751,1000.117401,1000.115100,1000.112905,1000.110963,1000.109357,1000.108158,1000.107412,1000.107295,1000.107294,1000.107849,1000.108848,1000.110376,1000.112405,1000.114773,1000.117238,1000.119855,1000.124336,1000.127901,1000.131225,1000.134507,1000.137489,0.000000,0.000000,0.000000,0.000000,0.000000,0.000000,0.000000,0.000000,0.000000,0.000000,0.000000,0.000000,0.000000,0.000000,0.000000,0.000000,0.000000,0.000000,0.000000,0.000000,0.000000,0.000000,0.000000,0.000000,0.000000,0.000000,0.000000,0.000000,0.000000,0.000000,0.000000,0.000000,0.000000,0.000000,0.000000,0.000000,0.000000
0.000000,0.000000,0.000000,0.000000,0.000000,0.000000,0.000000,0.000000,0.000000,0.000000,0.000000,0.000000,0.000000,0.000000,0.000000,0.000000,0.000000,0.000000,0.000000,0.000000,0.000000,0.000000,0.000000,0.000000,0.000000,0.000000,0.000000,0.000000,0.000000,0.000000,0.000000,0.000000,0.000000,0.000000,1000.138256,1000.134351,1000.130895,1000.126836,1000.123226,1000.119757,1000.116474,1000.113526,1000.110689,1000.108144,1000.105694,1000.103441,1000.101360,1000.099521,1000.097965,1000.096624,1000.095539,1000.094885,1000.094537,1000.094611,1000.095088,1000.095946,1000.097314,1000.099199,1000.101569,1000.104381,1000.107463,1000.111117,1000.115033,1000.118635,1000.122010,1000.125544,1000.131123,1000.136255,1000.140605,0.000000,0.000000,0.000000,0.000000,0.000000,0.000000,0.000000,0.000000,0.000000,0.000000,0.000000,0.000000,0.000000,0.000000,0.000000,0.000000,0.000000,0.000000,0.000000,0.000000,0.000000,0.000000,0.000000,0.000000,0.000000,0.000000,0.000000,0.000000,0.000000,0.000000,0.000000,0.000000,0.000000,0.000000
0.000000,0.000000,0.000000,0.000000,0.000000,0.000000,0.000000,0.000000,0.000000,0.000000,0.000000,0.000000,0.000000,0.000000,0.000000,0.000000,0.000000,0.000000,0.000000,0.000000,0.000000,0.000000,0.000000,0.000000,0.000000,0.000000,0.000000,0.000000,0.000000,0.000000,0.000000,0.000000,1000.134094,1000.129766,1000.125088,1000.121025,1000.117126,1000.113124,1000.109424,1000.105928,1000.102681,1000.099594,1000.096742,1000.094082,1000.091661,1000.089463,1000.087534,1000.085950,1000.084640,1000.083547,1000.082653,1000.082029,1000.081688,1000.081735,1000.082141,1000.082989,1000.084288,1000.086065,1000.088349,1000.091134,1000.094418,1000.097950,1000.101801,1000.105678,1000.109711,1000.113847,1000.118576,1000.123612,1000.128606,1000.135490,1000.140943,0.000000,0.000000,0.000000,0.000000,0.000000,0.000000,0.000000,0.000000,0.000000,0.000000,0.000000,0.000000,0.000000,0.000000,0.000000,0.000000,0.000000,0.000000,0.000000,0.000000,0.000000,0.000000,0.000000,0.000000,0.000000,0.000000,0.000000,0.000000,0.000000,0.000000,0.000000,0.000000
0.000000,0.000000,0.000000,0.000000,0.000000,0.000000,0.000000,0.000000,0.000000,0.000000,0.000000,0.000000,0.000000,0.000000,0.000000,0.000000,0.000000,0.000000,0.000000,0.000000,0.000000,0.000000,0.000000,0.000000,0.000000,0.000000,0.000000,0.000000,0.000000,0.000000,1000.133753,1000.128432,1000.121894,1000.117067,1000.112380,1000.107839,1000.103346,1000.099206,1000.095399,1000.091902,1000.088653,1000.085565,1000.082689,1000.080020,1000.077594,1000.075445,1000.073678,1000.072296,1000.071218,1000.070355,1000.069652,1000.069118,1000.068840,1000.068876,1000.069279,1000.070113,1000.071367,1000.073075,1000.075259,1000.077926,1000.081095,1000.084624,1000.088469,1000.092475,1000.096666,1000.101150,1000.105857,1000.111077,1000.116447,1000.122180,1000.128216,1000.135796,1000.142220,0.000000,0.000000,0.000000,0.000000,0.000000,0.000000,0.000000,0.000000,0.000000,0.000000,0.000000,0.000000,0.000000,0.000000,0.000000,0.000000,0.000000,0.000000,0.000000,0.000000,0.000000,0.000000,0.000000,0.000000,0.000000,0.000000,0.000000,0.000000,0.000000,0.000000
0.000000,0.000000,0.000000,0.000000,0.000000,0.000000,0.000000,0.000000,0.000000,0.000000,0.000000,0.000000,0.000000,0.000000,0.000000,0.000000,0.000000,0.000000,0.000000,0.000000,0.000000,0.000000,0.000000,0.000000,0.000000,0.000000,0.000000,0.000000,1000.137225,1000.130860,1000.122294,1000.116029,1000.110228,1000.104825,1000.099522,1000.094536,1000.089868,1000.085581,1000.081632,1000.078021,1000.074679,1000.071576,1000.068676,1000.065967,1000.063527,1000.061470,1000.059855,1000.058673,1000.057834,1000.057189,1000.056680,1000.056319,1000.056141,1000.056218,1000.056638,1000.057437,1000.058641,1000.060266,1000.062324,1000.064844,1000.067843,1000.071283,1000.075091,1000.079166,1000.083398,1000.087898,1000.092642,1000.097781,1000.103422,1000.109320,1000.115516,1000.122034,1000.128716,1000.136199,1000.143083,0.000000,0.000000,0.000000,0.000000,0.000000,0.000000,0.000000,0.000000,0.000000,0.000000,0.000000,0.000000,0.000000,0.000000,0.000000,0.000000,0.000000,0.000000,0.000000,0.000000,0.000000,0.000000,0.000000,0.000000,0.000000,0.000000,0.000000,0.000000
0.000000,0.000000,0.000000,0.000000,0.000000,0.000000,0.000000,0.000000,0.000000,0.000000,0.000000,0.000000,0.000000,0.000000,0.000000,0.000000,0.000000,0.000000,0.000000,0.000000,0.000000,0.000000,0.000000,0.000000,0.000000,0.000000,1000.142523,1000.135259,1000.125670,1000.118140,1000.111076,1000.104488,1000.098211,1000.092253,1000.086750,1000.081631,1000.076853,1000.072405,1000.068288,1000.064508,1000.061040,1000.057856,1000.054894,1000.052143,1000.049702,1000.047700,1000.046211,1000.045190,1000.044494,1000.044021,1000.043721,1000.043568,1000.043558,1000.043751,1000.044222,1000.045010,1000.046159,1000.047685,1000.049622,1000.051990,1000.054814,1000.058123,1000.061825,1000.065838,1000.070067,1000.074505,1000.079250,1000.084348,1000.089894,1000.095832,1000.102212,1000.108809,1000.115706,1000.122699,1000.129351,1000.135778,1000.142467,0.000000,0.000000,0.000000,0.000000,0.000000,0.000000,0.000000,0.000000,0.000000,0.000000,0.000000,0.000000,0.000000,0.000000,0.000000,0.000000,0.000000,0.000000,0.000000,0.000000,0.000000,0.000000,0.000000,0.000000,0.000000,0.000000
0.000000,0.000000,0.000000,0.000000,0.000000,0.000000,0.000000,0.000000,0.000000,0.000000,0.000000,0.000000,0.000000,0.000000,0.000000,0.000000,0.000000,0.000000,0.000000,0.000000,0.000000,0.000000,0.000000,0.000000,1000.149004,1000.140675,1000.130750,1000.122399,1000.114367,1000.106674,1000.099346,1000.092326,1000.085891,1000.079881,1000.074298,1000.069078,1000.064200,1000.059629,1000.055365,1000.051424,1000.047832,1000.044546,1000.041503,1000.038729,1000.036303,1000.034354,1000.032927,1000.031925,1000.031251,1000.030865,1000.030715,1000.030757,1000.030972,1000.031350,1000.031919,1000.032745,1000.033876,1000.035336,1000.037155,1000.039388,1000.042067,1000.045215,1000.048782,1000.052682,1000.056846,1000.061217,1000.065885,1000.070946,1000.076435,1000.082332,1000.088631,1000.095241,1000.102172,1000.109226,1000.116265,1000.123006,1000.129088,1000.134723,1000.141298,0.000000,0.000000,0.000000,0.000000,0.000000,0.000000,0.000000,0.000000,0.000000,0.000000,0.000000,0.000000,0.000000,0.000000,0.000000,0.000000,0.000000,0.000000,0.000000,0.000000,0.000000,0.000000,0.000000,0.000000
0.000000,0.000000,0.000000,0.000000,0.000000,0.000000,0.000000,0.000000,0.000000,0.000000,0.000000,0.000000,0.000000,0.000000,0.000000,0.000000,0.000000,0.000000,0.000000,0.000000,0.000000,0.000000,0.000000,1000.145316,1000.136180,1000.127600,1000.119041,1000.110609,1000.102498,1000.094561,1000.087160,1000.080204,1000.073733,1000.067700,1000.062077,1000.056796,1000.051819,1000.047130,1000.042750,1000.038703,1000.035003,1000.031603,1000.028486,1000.025699,1000.023326,1000.021446,1000.020029,1000.018986,1000.018268,1000.017858,1000.017761,1000.017947,1000.018349,1000.018920,1000.019639,1000.020554,1000.021709,1000.023143,1000.024887,1000.026992,1000.029533,1000.032533,1000.035974,1000.039766,1000.043831,1000.048155,1000.052763,1000.057733,1000.063127,1000.068934,1000.075119,1000.081686,1000.088566,1000.095643,1000.102845,1000.109987,1000.116764,1000.123294,1000.129610,1000.137024,0.000000,0.000000,0.000000,0.000000,0.000000,0.000000,0.000000,0.000000,0.000000,0.000000,0.000000,0.000000,0.000000,0.000000,0.000000,0.000000,0.000000,0.000000,0.000000,0.000000,0.000000,0.000000,0.000000
0.000000,0.000000,0.000000,0.000000,0.000000,0.000000,0.000000,0.000000,0.000000,0.000000,0.000000,0.000000,0.000000,0.000000,0.000000,0.000000,0.000000,0.000000,0.000000,0.000000,0.000000,1000.149448,1000.141203,1000.132473,1000.124022,1000.115427,1000.106817,1000.098260,1000.090128,1000.082350,1000.075008,1000.068110,1000.061679,1000.055686,1000.050041,1000.044696,1000.039627,1000.034842,1000.030385,1000.026273,1000.022454,1000.018926,1000.015740,1000.012954,1000.010648,1000.008825,1000.007424,1000.006370,1000.005601,1000.005139,1000.005023,1000.005247,1000.005743,1000.006451,1000.007332,1000.008373,1000.009599,1000.011045,1000.012756,1000.014772,1000.017179,1000.020055,1000.023396,1000.027107,1000.031095,1000.035347,1000.039881,1000.044761,1000.050037,1000.055726,1000.061814,1000.068303,1000.075151,1000.082296,1000.089620,1000.096984,1000.104249,1000.111486,1000.118379,1000.125524,1000.133477,1000.141983,0.000000,0.000000,0.000000,0.000000,0.000000,0.000000,0.000000,0.000000,0.000000,0.000000,0.000000,0.000000,0.000000,0.000000,0.000000,0.000000,0.000000,0.000000,0.000000,0.000000,0.000000
0.000000,0.000000,0.000000,0.000000,0.000000,0.000000,0.000000,0.000000,0.000000,0.000000,0.000000,0.000000,0.000000,0.000000,0.000000,0.000000,0.000000,0.000000,0.000000,0.000000,1000.146963,1000.137641,1000.129264,1000.120621,1000.111915,1000.103025,1000.094321,1000.085836,1000.077707,1000.070027,1000.062797,1000.056027,1000.049700,1000.043753,1000.038112,1000.032739,1000.027631,1000.022816,1000.018316,1000.014110,1000.010174,1000.006544,1000.003290,1000.000515,999.998255,999.996468,999.995081,999.994013,999.993229,999.992734,999.992547,999.992708,999.993213,999.993999,999.994995,999.996152,999.997476,999.998982,1000.000691,1000.002677,1000.005025,1000.007823,1000.011084,1000.014735,1000.018673,1000.022836,1000.027267,1000.032057,1000.037237,1000.042824,1000.048860,1000.055326,1000.062153,1000.069313,1000.076729,1000.084253,1000.091774,1000.099290,1000.106888,1000.114542,1000.122652,1000.131049,1000.140366,0.000000,0.000000,0.000000,0.000000,0.000000,0.000000,0.000000,0.000000,0.000000,0.000000,0.000000,0.000000,0.000000,0.000000,0.000000,0.000000,0.000000,0.000000,0.000000,0.000000
0.000000,0.000000,0.000000,0.000000,0.000000,0.000000,0.000000,0.000000,0.000000,0.000000,0.000000,0.000000,0.000000,0.000000,0.000000,0.000000,0.000000,0.000000,0.000000,1000.144507,1000.134849,1000.126113,1000.117443,1000.108487,1000.099531,1000.090636,1000.081869,1000.073358,1000.065272,1000.057710,1000.050633,1000.043994,1000.037767,1000.031898,1000.026318,1000.020992,1000.015912,1000.011102,1000.006549,1000.002237,999.998207,999.994502,999.991234,999.988495,999.986265,999.984493,999.983088,999.981985,999.981167,999.980613,999.980336,999.980385,999.980818,999.981608,999.982662,999.983904,999.985296,999.986861,999.988633,999.990660,999.993027,999.995809,999.999027,1000.002632,1000.006530,1000.010652,1000.015026,1000.019733,1000.024843,1000.030379,1000.036368,1000.042825,1000.049680,1000.056840,1000.064274,1000.071888,1000.079560,1000.087240,1000.095074,1000.103179,1000.111741,1000.120496,1000.129724,1000.140032,0.000000,0.000000,0.000000,0.000000,0.000000,0.000000,0.000000,0.000000,0.000000,0.000000,0.000000,0.000000,0.000000,0.000000,0.000000,0.000000,0.000000,0.000000,0.000000
0.000000,0.000000,0.000000,0.000000,0.000000,0.000000,0.000000,0.000000,0.000000,0.000000,0.000000,0.000000,0.000000,0.000000,0.000000,0.000000,0.000000,0.000000,1000.142006,1000.132333,1000.123349,1000.114473,1000.105303,1000.096231,1000.087224,1000.078287,1000.069479,1000.061001,1000.053012,1000.045568,1000.038611,1000.032071,1000.025936,1000.020161,1000.014669,1000.009427,1000.004401,999.999569,999.994954,999.990589,999.986501,999.982789,999.979581,999.976897,999.974707,999.972936,999.971486,999.970313,999.969397,999.968733,999.968344,999.968282,999.968610,999.969339,999.970396,999.971682,999.973129,999.974750,999.976611,999.978740,999.981170,999.983964,999.987161,999.990744,999.994640,999.998797,1000.003205,1000.007905,1000.012976,1000.018470,1000.024418,1000.030836,1000.037677,1000.044852,1000.052287,1000.059919,1000.067667,1000.075485,1000.083452,1000.091730,1000.100483,1000.109759,1000.119208,1000.129100,1000.140024,0.000000,0.000000,0.000000,0.000000,0.000000,0.000000,0.000000,0.000000,0.000000,0.000000,0.000000,0.000000,0.000000,0.000000,0.000000,0.000000,0.000000,0.000000
0.000000,0.000000,0.000000,0.000000,0.000000,0.000000,0.000000,0.000000,0.000000,0.000000,0.000000,0.000000,0.000000,0.000000,0.000000,0.000000,0.000000,1000.139715,1000.130150,1000.121048,1000.111954,1000.102584,1000.093301,1000.084169,1000.075103,1000.066140,1000.057365,1000.048945,1000.041034,1000.033683,1000.026793,1000.020297,1000.014194,1000.008459,1000.003028,999.997832,999.992827,999.988001,999.983397,999.979050,999.975011,999.971405,999.968284,999.965657,999.963491,999.961690,999.960171,999.958881,999.957827,999.957031,999.956530,999.956390,999.956641,999.957299,999.958315,999.959594,999.961087,999.962790,999.964737,999.966966,999.969480,999.972302,999.975487,999.979071,999.983019,999.987259,999.991758,999.996532,1000.001619,1000.007077,1000.012975,1000.019336,1000.026115,1000.033259,1000.040689,1000.048319,1000.056099,1000.063994,1000.072051,1000.080417,1000.089207,1000.098562,1000.108420,1000.118383,1000.128589,1000.139597,0.000000,0.000000,0.000000,0.000000,0.000000,0.000000,0.000000,0.000000,0.000000,0.000000,0.000000,0.000000,0.000000,0.000000,0.000000,0.000000,0.000000
0.000000,0.000000,0.000000,0.000000,0.000000,0.000000,0.000000,0.000000,0.000000,0.000000,0.000000,0.000000,0.000000,0.000000,0.000000,0.000000,1000.138201,1000.128474,1000.119243,1000.109981,1000.100431,1000.090965,1000.081636,1000.072411,1000.063326,1000.054370,1000.045613,1000.037226,1000.029364,1000.022046,1000.015166,1000.008646,1000.002503,999.996737,999.991280,999.986070,999.981077,999.976323,999.971829,999.967619,999.963757,999.960310,999.957300,999.954717,999.952524,999.950655,999.949036,999.947622,999.946432,999.945525,999.944965,999.944789,999.945001,999.945593,999.946537,999.947774,999.949273,999.951032,999.953057,999.955364,999.957946,999.960820,999.964044,999.967656,999.971658,999.975987,999.980580,999.985435,999.990573,999.996042,1000.001905,1000.008199,1000.014915,1000.022002,1000.029402,1000.037044,1000.044853,1000.052791,1000.060903,1000.069308,1000.078107,1000.087392,1000.097242,1000.107521,1000.117682,1000.127867,1000.138600,0.000000,0.000000,0.000000,0.000000,0.000000,0.000000,0.000000,0.000000,0.000000,0.000000,0.000000,0.000000,0.000000,0.000000,0.000000,0.000000
0.000000,0.000000,0.000000,0.000000,0.000000,0.000000,0.000000,0.000000,0.000000,0.000000,0.000000,0.000000,0.000000,0.000000,0.000000,1000.138004,1000.127586,1000.118002,1000.108537,1000.098809,1000.089175,1000.079672,1000.070243,1000.060979,1000.051883,1000.042907,1000.034149,1000.025777,1000.017914,1000.010585,1000.003689,999.997134,999.990944,999.985111,999.979578,999.974334,999.969374,999.964714,999.960387,999.956387,999.952725,999.949439,999.946538,999.943989,999.941758,999.939809,999.938087,999.936574,999.935291,999.934323,999.933746,999.933561,999.933745,999.934269,999.935131,999.936314,999.937787,999.939547,999.941604,999.943954,999.946601,999.949552,999.952841,999.956505,999.960531,999.964895,999.969552,999.974466,999.979657,999.985177,999.991061,999.997329,1000.004004,1000.011063,1000.018447,1000.026093,1000.033937,1000.041923,1000.050080,1000.058514,1000.067313,1000.076545,1000.086262,1000.096450,1000.106872,1000.116992,1000.126936,1000.137011,0.000000,0.000000,0.000000,0.000000,0.000000,0.000000,0.000000,0.000000,0.000000,0.000000,0.000000,0.000000,0.000000,0.000000,0.000000
0.000000,0.000000,0.000000,0.000000,0.000000,0.000000,0.000000,0.000000,0.000000,0.000000,0.000000,0.000000,0.000000,0.000000,1000.138467,1000.127481,1000.117435,1000.107628,1000.097679,1000.087864,1000.078204,1000.068594,1000.059096,1000.049788,1000.040637,1000.031637,1000.022889,1000.014514,1000.006642,999.999309,999.992399,999.985832,999.979623,999.973750,999.968181,999.962927,999.958010,999.953466,999.949292,999.945448,999.941943,999.938794,999.935977,999.933469,999.931233,999.929224,999.927415,999.925819,999.924493,999.923516,999.922937,999.922737,999.922883,999.923361,999.924163,999.925295,999.926737,999.928475,999.930513,999.932865,999.935553,999.938580,999.941927,999.945605,999.949627,999.953982,999.958656,999.963611,999.968861,999.974453,999.980405,999.986718,999.993394,1000.000447,1000.007844,1000.015500,1000.023362,1000.031397,1000.039614,1000.048094,1000.056909,1000.066111,1000.075757,1000.085795,1000.096125,1000.106547,1000.116554,1000.126215,1000.135749,0.000000,0.000000,0.000000,0.000000,0.000000,0.000000,0.000000,0.000000,0.000000,0.000000,0.000000,0.000000,0.000000,0.000000
0.000000,0.000000,0.000000,0.000000,0.000000,0.000000,0.000000,0.000000,0.000000,0.000000,0.000000,0.000000,0.000000,1000.139022,1000.127893,1000.117549,1000.107392,1000.097118,1000.087067,1000.077243,1000.067494,1000.057793,1000.048214,1000.038812,1000.029588,1000.020569,1000.011833,1000.003491,999.995656,999.988329,999.981405,999.974834,999.968623,999.962747,999.957191,999.951973,999.947131,999.942683,999.938598,999.934862,999.931472,999.928426,999.925706,999.923260,999.921043,999.919011,999.917150,999.915503,999.914161,999.913195,999.912623,999.912414,999.912538,999.912994,999.913774,999.914863,999.916267,999.917970,999.919963,999.922285,999.924964,999.928004,999.931374,999.935036,999.939024,999.943357,999.948016,999.952993,999.958297,999.963960,999.969991,999.976366,999.983077,999.990140,999.997541,1000.005221,1000.013103,1000.021165,1000.029450,1000.038003,1000.046870,1000.056093,1000.065719,1000.075721,1000.085959,1000.096376,1000.106799,1000.116703,1000.126247,1000.136015,0.000000,0.000000,0.000000,0.000000,0.000000,0.000000,0.000000,0.000000,0.000000,0.000000,0.000000,0.000000,0.000000
0.000000,0.000000,0.000000,0.000000,0.000000,0.000000,0.000000,0.000000,0.000000,0.000000,0.000000,0.000000,1000.139905,1000.128807,1000.118268,1000.107881,1000.097312,1000.086927,1000.076848,1000.066954,1000.057113,1000.047318,1000.037640,1000.028139,1000.018843,1000.009815,1000.001139,999.992886,999.985100,999.977775,999.970842,999.964260,999.958042,999.952175,999.946654,999.941512,999.936749,999.932338,999.928296,999.924634,999.921331,999.918387,999.915770,999.913410,999.911248,999.909244,999.907397,999.905772,999.904457,999.903515,999.902964,999.902781,999.902923,999.903380,999.904149,999.905210,999.906565,999.908214,999.910146,999.912389,999.914994,999.917971,999.921291,999.924927,999.928872,999.933157,999.937790,999.942757,999.948074,999.953779,999.959865,999.966279,999.973024,999.980107,999.987502,999.995185,1000.003095,1000.011183,1000.019516,1000.028159,1000.037108,1000.046398,1000.056058,1000.066066,1000.076314,1000.086700,1000.097210,1000.107625,1000.117503,1000.127217,1000.137726,0.000000,0.000000,0.000000,0.000000,0.000000,0.000000,0.000000,0.000000,0.000000,0.000000,0.000000,0.000000
0.000000,0.000000,0.000000,0.000000,0.000000,0.000000,0.000000,0.000000,0.000000,0.000000,0.000000,1000.141512,1000.130459,1000.119662,1000.108992,1000.098182,1000.087527,1000.077121,1000.066971,1000.056996,1000.047068,1000.037186,1000.027426,1000.017852,1000.008531,999.999562,999.990999,999.982827,999.975067,999.967731,999.960767,999.954162,999.947944,999.942103,999.936644,999.931574,999.926849,999.922455,999.918438,999.914818,999.911599,999.908764,999.906252,999.904000,999.901934,999.900015,999.898278,999.896781,999.895579,999.894727,999.894240,999.894101,999.894285,999.894759,999.895510,999.896543,999.897843,999.899406,999.901234,999.903340,999.905791,999.908634,999.911846,999.915398,999.919268,999.923474,999.928038,999.932952,999.938235,999.943930,999.950027,999.956470,999.963239,999.970330,999.977723,999.985395,999.993322,1000.001456,1000.009831,1000.018539,1000.027574,1000.036917,1000.046607,1000.056635,1000.066908,1000.077326,1000.087844,1000.098415,1000.108861,1000.118885,1000.128920,1000.139712,0.000000,0.000000,0.000000,0.000000,0.000000,0.000000,0.000000,0.000000,0.000000,0.000000,0.000000
0.000000,0.000000,0.000000,0.000000,0.000000,0.000000,0.000000,0.000000,0.000000,0.000000,0.000000,1000.133237,1000.121794,1000.110768,1000.099625,1000.088708,1000.078056,1000.067593,1000.057381,1000.047344,1000.037347,1000.027405,1000.017606,1000.008024,999.998758,999.989901,999.981439,999.973321,999.965556,999.958161,999.951145,999.944530,999.938330,999.932539,999.927143,999.922116,999.917422,999.913076,999.909127,999.905602,999.902498,999.899787,999.897419,999.895307,999.893382,999.891646,999.890139,999.888886,999.887912,999.887240,999.886864,999.886789,999.887003,999.887465,999.888165,999.889115,999.890305,999.891722,999.893368,999.895273,999.897502,999.900128,999.903162,999.906544,999.910265,999.914337,999.918770,999.923584,999.928795,999.934428,999.940479,999.946916,999.953699,999.960797,999.968190,999.975875,999.983827,999.992009,1000.000453,1000.009207,1000.018278,1000.027638,1000.037302,1000.047317,1000.057623,1000.068096,1000.078681,1000.089328,1000.099991,1000.110608,1000.120924,1000.131289,0.000000,0.000000,0.000000,0.000000,0.000000,0.000000,0.000000,0.000000,0.000000,0.000000,0.000000
0.000000,0.000000,0.000000,0.000000,0.000000,0.000000,0.000000,0.000000,0.000000,0.000000,1000.136248,1000.124191,1000.113116,1000.101822,1000.090508,1000.079549,1000.068841,1000.058342,1000.048094,1000.037989,1000.027922,1000.017949,1000.008173,999.998662,999.989500,999.980740,999.972350,999.964262,999.956451,999.948986,999.941940,999.935331,999.929170,999.923437,999.918098,999.913130,999.908525,999.904314,999.900549,999.897238,999.894339,999.891829,999.889673,999.887789,999.886136,999.884731,999.883585,999.882701,999.882063,999.881631,999.881406,999.881398,999.881591,999.881977,999.882544,999.883287,999.884228,999.885366,999.886724,999.888341,999.890270,999.892590,999.895331,999.898457,999.901941,999.905797,999.910051,999.914713,999.919796,999.925320,999.931283,999.937654,999.944409,999.951510,999.958916,999.966632,999.974629,999.982865,999.991379,1000.000198,1000.009287,1000.018634,1000.028261,1000.038231,1000.048550,1000.059080,1000.069750,1000.080554,1000.091388,1000.102227,1000.112975,1000.123435,1000.134620,0.000000,0.000000,0.000000,0.000000,0.000000,0.000000,0.000000,0.000000,0.000000,0.000000
0.000000,0.000000,0.000000,0.000000,0.000000,0.000000,0.000000,0.000000,0.000000,1000.140599,1000.128002,1000.116193,1000.104723,1000.093047,1000.081699,1000.070699,1000.059954,1000.049447,1000.039143,1000.028939,1000.018802,1000.008832,999.999122,999.989717,999.980659,999.971976,999.963630,999.955525,999.947671,999.940184,999.933136,999.926560,999.920465,999.914816,999.909583,999.904747,999.900328,999.896378,999.892934,999.889975,999.887445,999.885300,999.883507,999.882025,999.880851,999.879980,999.879382,999.879008,999.878785,999.878647,999.878589,999.878613,999.878722,999.878937,999.879244,999.879622,999.880109,999.880768,999.881666,999.882850,999.884364,999.886262,999.888578,999.891321,999.894461,999.898013,999.902018,999.906462,999.911347,999.916703,999.922523,999.928780,999.935463,999.942534,999.949953,999.957693,999.965717,999.974004,999.982583,999.991467,1000.000606,1000.009962,1000.019573,1000.029517,1000.039818,1000.050383,1000.061129,1000.072071,1000.083139,1000.094224,1000.105362,1000.116207,1000.126782,1000.137693,0.000000,0.000000,0.000000,0.000000,0.000000,0.000000,0.000000,0.000000,0.000000
0.000000,0.000000,0.000000,0.000000,0.000000,0.000000,0.000000,0.000000,0.000000,1000.132787,1000.120575,1000.108493,1000.096382,1000.084616,1000.073254,1000.062208,1000.051454,1000.040919,1000.030546,1000.020274,1000.010101,1000.000153,999.990521,999.981212,999.972235,999.963599,999.955237,999.947090,999.939219,999.931732,999.924729,999.918252,999.912282,999.906795,999.901751,999.897146,999.893041,999.889501,999.886553,999.884153,999.882221,999.880694,999.879532,999.878733,999.878309,999.878232,999.878405,999.878693,999.878986,999.879221,999.879345,999.879365,999.879339,999.879267,999.879154,999.878993,999.878805,999.878729,999.878905,999.879407,999.880281,999.881561,999.883283,999.885459,999.888096,999.891219,999.894851,999.898984,999.903591,999.908691,999.914288,999.920363,999.926917,999.933926,999.941338,999.949091,999.957122,999.965430,999.974064,999.982998,999.992186,1000.001603,1000.011247,1000.021191,1000.031469,1000.042030,1000.052846,1000.063934,1000.075230,1000.086589,1000.098017,1000.109509,1000.120530,1000.130691,0.000000,0.000000,0.000000,0.000000,0.000000,0.000000,0.000000,0.000000,0.000000
0.000000,0.000000,0.000000,0.000000,0.000000,0.000000,0.000000,0.000000,1000.138168,1000.125390,1000.113218,1000.100762,1000.088460,1000.076608,1000.065168,1000.054117,1000.043351,1000.032780,1000.022380,1000.012085,1000.001916,999.992011,999.982445,999.973195,999.964246,999.955585,999.947160,999.938959,999.931069,999.923631,999.916751,999.910443,999.904691,999.899460,999.894717,999.890499,999.886909,999.884007,999.881802,999.880246,999.879237,999.878686,999.878549,999.878824,999.879506,999.880503,999.881618,999.882679,999.883586,999.884254,999.884622,999.884683,999.884473,999.884036,999.883377,999.882495,999.881454,999.880389,999.879497,999.878940,999.878783,999.879096,999.879925,999.881271,999.883171,999.885661,999.888753,999.892422,999.896627,999.901358,999.906633,999.912440,999.918781,999.925670,999.933048,999.940812,999.948864,999.957192,999.965852,999.974817,999.984041,999.993529,1000.003261,1000.013241,1000.023506,1000.034051,1000.044907,1000.056119,1000.067637,1000.079329,1000.091072,1000.102838,1000.114541,1000.125888,1000.138242,0.000000,0.000000,0.000000,0.000000,0.000000,0.000000,0.000000,0.000000
0.000000,0.000000,0.000000,0.000000,0.000000,0.000000,0.000000,0.000000,1000.131212,1000.118812,1000.106149,1000.093355,1000.080937,1000.068981,1000.057508,1000.046454,1000.035677,1000.025104,1000.014694,1000.004399,999.994255,999.984390,999.974851,999.965588,999.956596,999.947862,999.939343,999.931085,999.923232,999.915934,999.909246,999.903174,999.897721,999.892858,999.888586,999.885000,999.882216,999.880275,999.879165,999.878835,999.879168,999.880042,999.881383,999.883154,999.885273,999.887504,999.889602,999.891438,999.892940,999.894034,999.894687,999.894864,999.894525,999.893728,999.892493,999.890851,999.888899,999.886734,999.884525,999.882494,999.880830,999.879683,999.879155,999.879278,999.880080,999.881619,999.883918,999.886906,999.890520,999.894750,999.899588,999.905031,999.911085,999.917771,999.925064,999.932832,999.940922,999.949290,999.957971,999.966946,999.976194,999.985743,999.995568,1000.005604,1000.015866,1000.026408,1000.037285,1000.048557,1000.060218,1000.072177,1000.084302,1000.096526,1000.108873,1000.121111,1000.132041,0.000000,0.000000,0.000000,0.000000,0.000000,0.000000,0.000000,0.000000
0.000000,0.000000,0.000000,0.000000,0.000000,0.000000,0.000000,1000.137977,1000.124829,1000.112180,1000.099154,1000.086301,1000.073801,1000.061755,1000.050248,1000.039190,1000.028432,1000.017870,1000.007446,999.997147,999.987023,999.977163,999.967581,999.958251,999.949185,999.940358,999.931762,999.923505,999.915780,999.908698,999.902264,999.896502,999.891450,999.887128,999.883582,999.880941,999.879320,999.878735,999.879157,999.880495,999.882591,999.885273,999.888403,999.891873,999.895460,999.898838,999.901786,999.904257,999.906242,999.907717,999.908628,999.908932,999.908588,999.907537,999.905835,999.903586,999.900844,999.897677,999.894184,999.890551,999.887080,999.884063,999.881710,999.880131,999.879360,999.879496,999.880607,999.882616,999.885420,999.888976,999.893258,999.898244,999.903933,999.910337,999.917456,999.925183,999.933314,999.941734,999.950433,999.959400,999.968647,999.978227,999.988102,999.998171,1000.008437,1000.018979,1000.029867,1000.041160,1000.052889,1000.065034,1000.077504,1000.090165,1000.102900,1000.115853,1000.128501,1000.142354,0.000000,0.000000,0.000000,0.000000,0.000000,0.000000,0.000000
0.000000,0.000000,0.000000,0.000000,0.000000,0.000000,0.000000,1000.131618,1000.118841,1000.105701,1000.092469,1000.079552,1000.066972,1000.054875,1000.043338,1000.032282,1000.021550,1000.010983,1000.000525,999.990203,999.980070,999.970172,999.960518,999.951115,999.941967,999.933079,999.924483,999.916315,999.908782,999.901965,999.895864,999.890539,999.886079,999.882555,999.880057,999.878746,999.878714,999.879930,999.882297,999.885643,999.889733,999.894309,999.899166,999.904109,999.908844,999.913077,999.916654,999.919609,999.921996,999.923773,999.924889,999.925317,999.924976,999.923786,999.921793,999.919107,999.915790,999.911854,999.907342,999.902378,999.897240,999.892328,999.887967,999.884344,999.881580,999.879837,999.879264,999.879873,999.881570,999.884247,999.887822,999.892236,999.897467,999.903512,999.910363,999.917943,999.926061,999.934525,999.943248,999.952198,999.961409,999.970964,999.980829,999.990895,1000.001167,1000.011718,1000.022602,1000.033897,1000.045660,1000.057917,1000.070632,1000.083707,1000.096989,1000.110414,1000.123899,1000.135861,0.000000,0.000000,0.000000,0.000000,0.000000,0.000000,0.000000
0.000000,0.000000,0.000000,0.000000,0.000000,0.000000,1000.139391,1000.125693,1000.112657,1000.099274,1000.086044,1000.073060,1000.060426,1000.048306,1000.036752,1000.025691,1000.014952,1000.004340,999.993807,999.983432,999.973267,999.963327,999.953614,999.944138,999.934945,999.926072,999.917559,999.909567,999.902292,999.895812,999.890177,999.885493,999.881883,999.879464,999.878420,999.878907,999.880930,999.884347,999.888902,999.894324,999.900274,999.906443,999.912624,999.918592,999.924075,999.928845,999.932878,999.936253,999.938971,999.940966,999.942227,999.942712,999.942305,999.940986,999.938789,999.935793,999.932063,999.927589,999.922395,999.916551,999.910218,999.903754,999.897575,999.891950,999.887069,999.883154,999.880458,999.879169,999.879308,999.880785,999.883444,999.887135,999.891779,999.897357,999.903852,999.911179,999.919170,999.927623,999.936373,999.945324,999.954491,999.963968,999.973774,999.983813,999.994079,1000.004644,1000.015537,1000.026812,1000.038584,1000.050938,1000.063840,1000.077186,1000.090839,1000.104550,1000.118494,1000.131997,1000.146584,0.000000,0.000000,0.000000,0.000000,0.000000,0.000000
0.000000,0.000000,0.000000,0.000000,0.000000,0.000000,1000.133330,1000.119882,1000.106505,1000.093069,1000.079819,1000.066792,1000.054147,1000.042015,1000.030452,1000.019363,1000.008542,999.997822,999.987197,999.976760,999.966576,999.956613,999.946842,999.937326,999.928150,999.919356,999.911024,999.903317,999.896401,999.890398,999.885420,999.881607,999.879125,999.878212,999.879089,999.881818,999.886243,999.891983,999.898654,999.905872,999.913250,999.920561,999.927615,999.934205,999.940132,999.945275,999.949672,999.953374,999.956325,999.958471,999.959795,999.960230,999.959724,999.958264,999.955902,999.952696,999.948667,999.943844,999.938249,999.931904,999.924853,999.917320,999.909715,999.902416,999.895648,999.889613,999.884618,999.881014,999.879083,999.878881,999.880264,999.883012,999.886921,999.891901,999.897930,999.904915,999.912675,999.921027,999.929773,999.938736,999.947870,999.957261,999.966975,999.976967,999.987225,999.997795,1000.008692,1000.019973,1000.031767,1000.044188,1000.057219,1000.070725,1000.084614,1000.098717,1000.112922,1000.127178,1000.140093,0.000000,0.000000,0.000000,0.000000,0.000000,0.000000
0.000000,0.000000,0.000000,0.000000,0.000000,1000.140222,1000.126833,1000.113855,1000.100476,1000.087079,1000.073807,1000.060763,1000.048105,1000.035988,1000.024412,1000.013218,1000.002246,999.991406,999.980703,999.970237,999.960045,999.950058,999.940262,999.930755,999.921649,999.913022,999.904983,999.897671,999.891251,999.885893,999.881762,999.879075,999.878116,999.879170,999.882373,999.887606,999.894411,999.902228,999.910619,999.919154,999.927539,999.935600,999.943163,999.950096,999.956296,999.961735,999.966417,999.970324,999.973408,999.975625,999.976950,999.977333,999.976735,999.975176,999.972716,999.969371,999.965152,999.960112,999.954299,999.947685,999.940233,999.932064,999.923495,999.914922,999.906642,999.898830,999.891718,999.885708,999.881331,999.878961,999.878594,999.880013,999.882958,999.887203,999.892649,999.899190,999.906632,999.914791,999.923471,999.932426,999.941530,999.950852,999.960472,999.970398,999.980639,999.991213,1000.002120,1000.013437,1000.025290,1000.037772,1000.050875,1000.064465,1000.078447,1000.092771,1000.107175,1000.121758,1000.135853,1000.150834,0.000000,0.000000,0.000000,0.000000,0.000000
0.000000,0.000000,0.000000,0.000000,0.000000,1000.134168,1000.120985,1000.108003,1000.094679,1000.081332,1000.068042,1000.054981,1000.042339,1000.030237,1000.018589,1000.007242,999.996124,999.985192,999.974450,999.963975,999.953773,999.943778,999.933989,999.924538,999.915580,999.907217,999.899551,999.892726,999.886935,999.882366,999.879291,999.878094,999.879120,999.882546,999.888320,999.895969,999.904795,999.914240,999.923842,999.933280,999.942341,999.950835,999.958675,999.965794,999.972154,999.977768,999.982626,999.986655,999.989797,999.992033,999.993337,999.993684,999.993047,999.991460,999.988958,999.985533,999.981210,999.976042,999.970080,999.963301,999.955654,999.947163,999.938036,999.928614,999.919217,999.910042,999.901221,999.893098,999.886266,999.881397,999.878830,999.878460,999.880058,999.883350,999.888080,999.894062,999.901097,999.908985,999.917518,999.926420,999.935492,999.944759,999.954309,999.964164,999.974357,999.984928,999.995876,1000.007249,1000.019186,1000.031749,1000.044874,1000.058461,1000.072459,1000.086883,1000.101568,1000.116350,1000.131119,1000.145007,0.000000,0.000000,0.000000,0.000000,0.000000
0.000000,0.000000,0.000000,0.000000,1000.139509,1000.127548,1000.115383,1000.102471,1000.089211,1000.075854,1000.062538,1000.049491,1000.036875,1000.024732,1000.012975,1000.001499,999.990271,999.979289,999.968553,999.958073,999.947858,999.937868,999.928121,999.918791,999.910053,999.902005,999.894756,999.888502,999.883454,999.879852,999.878146,999.878852,999.882236,999.888273,999.896510,999.906176,999.916582,999.927178,999.937594,999.947617,999.957048,999.965792,999.973801,999.981013,999.987462,999.993172,999.998094,1000.002159,1000.005307,1000.007520,1000.008781,1000.009077,1000.008441,1000.006894,1000.004408,1000.000970,999.996613,999.991394,999.985333,999.978421,999.970650,999.962025,999.952628,999.942701,999.932562,999.922409,999.912332,999.902554,999.893623,999.886293,999.881218,999.878638,999.878466,999.880467,999.884275,999.889568,999.896100,999.903641,999.911956,999.920745,999.929771,999.939007,999.948513,999.958305,999.968440,999.978986,999.989962,1000.001418,1000.013452,1000.026090,1000.039216,1000.052757,1000.066740,1000.081173,1000.095982,1000.110912,1000.126024,1000.140721,1000.156020,0.000000,0.000000,0.000000,0.000000
0.000000,0.000000,0.000000,0.000000,1000.134986,1000.122606,1000.110204,1000.097186,1000.083982,1000.070617,1000.057308,1000.044287,1000.031670,1000.019463,1000.007607,999.996040,999.984762,999.973782,999.963054,999.952563,999.942337,999.932370,999.922718,999.913560,999.905076,999.897367,999.890583,999.884981,999.880815,999.878452,999.878489,999.881437,999.887395,999.895931,999.906216,999.917441,999.928966,999.940327,999.951270,999.961596,999.971216,999.980119,999.988235,999.995556,1000.002117,1000.007894,1000.012818,1000.016838,1000.019924,1000.022050,1000.023234,1000.023486,1000.022844,1000.021335,1000.018917,1000.015534,1000.011203,1000.005997,999.999916,999.992939,999.985063,999.976333,999.966797,999.956581,999.945969,999.935165,999.924224,999.913254,999.902703,999.893296,999.885758,999.880680,999.878364,999.878709,999.881317,999.885746,999.891661,999.898778,999.906803,999.915423,999.924383,999.933598,999.943076,999.952821,999.962900,999.973421,999.984419,999.995949,1000.008069,1000.020752,1000.033882,1000.047369,1000.061288,1000.075707,1000.090585,1000.105734,1000.120987,1000.136036,1000.150574,0.000000,0.000000,0.000000,0.000000
0.000000,0.000000,0.000000,0.000000,1000.130462,1000.117989,1000.105246,1000.092228,1000.079017,1000.065638,1000.052337,1000.039332,1000.026715,1000.014468,1000.002551,999.990951,999.979678,999.968702,999.957961,999.947451,999.937221,999.927304,999.917771,999.908811,999.900604,999.893270,999.887021,999.882180,999.879101,999.878296,999.880408,999.885829,999.894305,999.904962,999.916836,999.929148,999.941378,999.953243,999.964492,999.974988,999.984727,999.993700,1000.001914,1000.009378,1000.016047,1000.021852,1000.026737,1000.030669,1000.033646,1000.035671,1000.036766,1000.036985,1000.036341,1000.034842,1000.032472,1000.029153,1000.024881,1000.019725,1000.013692,1000.006724,999.998817,999.989996,999.980321,999.969927,999.959000,999.947734,999.936207,999.924442,999.912736,999.901724,999.892084,999.884538,999.879829,999.878213,999.879339,999.882688,999.887836,999.894424,999.902083,999.910478,999.919347,999.928530,999.937976,999.947688,999.957728,999.968228,999.979263,999.990862,1000.003047,1000.015752,1000.028857,1000.042287,1000.056127,1000.070519,1000.085427,1000.100686,1000.116059,1000.131548,1000.146653,0.000000,0.000000,0.000000,0.000000
0.000000,0.000000,0.000000,1000.138761,1000.125902,1000.113573,1000.100717,1000.087611,1000.074324,1000.060930,1000.047642,1000.034657,1000.022052,1000.009808,999.997897,999.986319,999.975053,999.964058,999.953291,999.942750,999.932511,999.922647,999.913252,999.904509,999.896592,999.889673,999.884059,999.880136,999.878394,999.879453,999.883893,999.891816,999.902498,999.914822,999.927802,999.940780,999.953469,999.965655,999.977118,999.987763,999.997570,1000.006591,1000.014882,1000.022413,1000.029107,1000.034875,1000.039673,1000.043507,1000.046402,1000.048383,1000.049472,1000.049688,1000.049045,1000.047552,1000.045189,1000.041902,1000.037675,1000.032554,1000.026571,1000.019656,1000.011770,1000.002934,999.993170,999.982623,999.971477,999.959849,999.947856,999.935550,999.923086,999.910910,999.899584,999.889870,999.882788,999.879002,999.878406,999.880482,999.884694,999.890602,999.897801,999.905910,999.914643,999.923780,999.933191,999.942874,999.952901,999.963394,999.974468,999.986134,999.998370,1000.011095,1000.024163,1000.037523,1000.051283,1000.065627,1000.080578,1000.095913,1000.111356,1000.126864,1000.142191,1000.157622,0.000000,0.000000,0.000000
0.000000,0.000000,0.000000,1000.134929,1000.122420,1000.109696,1000.096550,1000.083311,1000.069951,1000.056535,1000.043242,1000.030274,1000.017716,1000.005527,999.993664,999.982117,999.970854,999.959835,999.949021,999.938441,999.928197,999.918392,999.909147,999.900619,999.892992,999.886545,999.881684,999.878888,999.878735,999.881882,999.888737,999.898927,999.911366,999.924865,999.938527,999.951936,999.964938,999.977350,999.988988,999.999722,1000.009580,1000.018650,1000.026963,1000.034497,1000.041157,1000.046841,1000.051546,1000.055336,1000.058240,1000.060262,1000.061415,1000.061682,1000.061050,1000.059553,1000.057200,1000.053939,1000.049729,1000.044602,1000.038598,1000.031703,1000.023855,1000.015041,1000.005280,999.994632,999.983295,999.971406,999.959035,999.946292,999.933305,999.920321,999.907718,999.896213,999.886972,999.880967,999.878459,999.879101,999.882258,999.887358,999.893976,999.901719,999.910249,999.919298,999.928678,999.938350,999.948387,999.958904,999.970006,999.981719,999.993999,1000.006738,1000.019796,1000.033115,1000.046810,1000.061113,1000.076069,1000.091424,1000.106889,1000.122356,1000.137709,1000.152609,0.000000,0.000000,0.000000
0.000000,0.000000,0.000000,1000.131567,1000.119225,1000.106164,1000.092813,1000.079393,1000.065905,1000.052438,1000.039150,1000.026224,1000.013719,1000.001590,999.989783,999.978258,999.966994,999.955952,999.945104,999.934512,999.924281,999.914536,999.905430,999.897105,999.889786,999.883894,999.879946,999.878480,999.880112,999.885437,999.894532,999.906582,999.920294,999.934535,999.948642,999.962370,999.975606,999.988184,999.999895,1000.010656,1000.020538,1000.029620,1000.037948,1000.045502,1000.052152,1000.057804,1000.062508,1000.066338,1000.069319,1000.071430,1000.072652,1000.072974,1000.072382,1000.070906,1000.068581,1000.065361,1000.061181,1000.056037,1000.049954,1000.042977,1000.035113,1000.026299,1000.016537,1000.005877,999.994415,999.982331,999.969713,999.956617,999.943206,999.929633,999.916101,999.903201,999.892083,999.883943,999.879413,999.878447,999.880462,999.884713,999.890668,999.897951,999.906196,999.915083,999.924397,999.934081,999.944174,999.954738,999.965862,999.977605,999.989910,1000.002655,1000.015726,1000.029057,1000.042752,1000.057044,1000.071977,1000.087290,1000.102686,1000.118033,1000.133288,1000.148069,0.000000,0.000000,0.000000
0.000000,0.000000,0.000000,1000.129123,1000.116301,1000.103013,1000.089478,1000.075841,1000.062182,1000.048645,1000.035395,1000.022534,1000.010074,999.997977,999.986180,999.974658,999.963398,999.952345,999.941505,999.930947,999.920752,999.911068,999.902069,999.893937,999.886994,999.881779,999.878897,999.878911,999.882426,999.889861,999.900870,999.914303,999.928857,999.943585,999.958022,999.972007,999.985421,999.998073,1000.009791,1000.020545,1000.030424,1000.039525,1000.047887,1000.055484,1000.062193,1000.067929,1000.072720,1000.076628,1000.079687,1000.081880,1000.083162,1000.083518,1000.082984,1000.081573,1000.079295,1000.076131,1000.072009,1000.066870,1000.060714,1000.053606,1000.045627,1000.036754,1000.026937,1000.016258,1000.004787,999.992601,999.979813,999.966479,999.952724,999.938682,999.924453,999.910522,999.897885,999.887765,999.881185,999.878477,999.879223,999.882604,999.887897,999.894666,999.902546,999.911196,999.920395,999.930078,999.940236,999.950873,999.962046,999.973805,999.986112,999.998854,1000.011939,1000.025340,1000.039116,1000.053420,1000.068304,1000.083527,1000.098812,1000.114040,1000.129096,1000.143740,0.000000,0.000000,0.000000
0.000000,0.000000,0.000000,1000.127380,1000.113979,1000.100233,1000.086449,1000.072617,1000.058804,1000.045200,1000.031981,1000.019187,1000.006777,999.994672,999.982825,999.971275,999.960007,999.948979,999.938201,999.927705,999.917573,999.907946,999.899036,999.891132,999.884662,999.880235,999.878503,999.880080,999.885491,999.894836,999.907372,999.921764,999.936841,999.951904,999.966613,999.980810,999.994333,1000.007021,1000.018747,1000.029506,1000.039416,1000.048552,1000.056949,1000.064603,1000.071411,1000.077260,1000.082146,1000.086136,1000.089269,1000.091514,1000.092836,1000.093247,1000.092774,1000.091430,1000.089207,1000.086092,1000.082034,1000.076930,1000.070751,1000.063554,1000.055430,1000.046436,1000.036544,1000.025789,1000.014298,1000.002108,999.989222,999.975707,999.961689,999.947278,999.932531,999.917838,999.904049,999.892252,999.883689,999.879166,999.878518,999.880958,999.885608,999.891865,999.899350,999.907720,999.916756,999.926389,999.936581,999.947293,999.958530,999.970312,999.982612,999.995339,1000.008441,1000.021945,1000.035853,1000.050191,1000.064994,1000.080115,1000.095292,1000.110381,1000.125240,1000.139709,0.000000,0.000000,0.000000
0.000000,0.000000,1000.139502,1000.125538,1000.111698,1000.097706,1000.083744,1000.069751,1000.055797,1000.042119,1000.028917,1000.016179,1000.003785,999.991631,999.979723,999.968112,999.956828,999.945860,999.935159,999.924749,999.914696,999.905138,999.896364,999.888759,999.882835,999.879247,999.878686,999.881825,999.889053,999.900047,999.913717,999.928725,999.944115,999.959413,999.974352,999.988719,1000.002350,1000.015087,1000.026832,1000.037647,1000.047613,1000.056787,1000.065230,1000.072940,1000.079814,1000.085727,1000.090679,1000.094742,1000.097939,1000.100228,1000.101589,1000.102057,1000.101654,1000.100380,1000.098215,1000.095141,1000.091118,1000.086051,1000.079883,1000.072664,1000.064464,1000.055343,1000.045356,1000.034533,1000.022966,1000.010741,999.997803,999.984149,999.969916,999.955213,999.940101,999.924860,999.910188,999.897099,999.886819,999.880482,999.878355,999.879760,999.883734,999.889504,999.896602,999.904695,999.913548,999.923081,999.933262,999.944022,999.955311,999.967114,999.979400,999.992118,1000.005257,1000.018848,1000.032859,1000.047241,1000.061990,1000.077020,1000.092141,1000.107178,1000.121835,1000.135606,1000.148984,0.000000,0.000000
0.000000,0.000000,1000.136837,1000.123637,1000.109628,1000.095443,1000.081321,1000.067207,1000.053168,1000.039452,1000.026236,1000.013497,1000.001082,999.988874,999.976881,999.965197,999.953914,999.943000,999.932384,999.922069,999.912105,999.902663,999.894088,999.886841,999.881497,999.878736,999.879330,999.883986,999.892848,999.905176,999.919644,999.935028,999.950630,999.966129,999.981263,999.995786,1000.009528,1000.022329,1000.034137,1000.045007,1000.055015,1000.064250,1000.072748,1000.080492,1000.087378,1000.093303,1000.098286,1000.102386,1000.105617,1000.107941,1000.109339,1000.109853,1000.109524,1000.108337,1000.106253,1000.103235,1000.099232,1000.094178,1000.088029,1000.080811,1000.072594,1000.063427,1000.053363,1000.042480,1000.030858,1000.018555,1000.005531,999.991744,999.977322,999.962390,999.947000,999.931366,999.916028,999.901938,999.890314,999.882358,999.878721,999.879016,999.882252,999.887524,999.894257,999.902092,999.910776,999.920201,999.930338,999.941125,999.952452,999.964251,999.976514,999.989233,1000.002414,1000.016043,1000.030070,1000.044467,1000.059217,1000.074218,1000.089287,1000.104269,1000.119017,1000.133003,1000.146520,0.000000,0.000000
0.000000,0.000000,1000.135232,1000.121820,1000.107674,1000.093402,1000.079155,1000.064970,1000.050936,1000.037237,1000.023998,1000.011199,999.998709,999.986410,999.974318,999.962566,999.951264,999.940396,999.929884,999.919663,999.909793,999.900505,999.892175,999.885323,999.880564,999.878607,999.880319,999.886379,999.896612,999.909935,999.924974,999.940664,999.956469,999.972142,999.987422,1000.002071,1000.015913,1000.028798,1000.040672,1000.051583,1000.061644,1000.070936,1000.079480,1000.087236,1000.094092,1000.099996,1000.104974,1000.109071,1000.112297,1000.114622,1000.116047,1000.116616,1000.116349,1000.115235,1000.113242,1000.110303,1000.106341,1000.101306,1000.095180,1000.087979,1000.079750,1000.070581,1000.060525,1000.049628,1000.037986,1000.025627,1000.012485,999.998536,999.983926,999.968809,999.953180,999.937202,999.921371,999.906518,999.893832,999.884545,999.879520,999.878702,999.881156,999.885895,999.892268,999.899862,999.908392,999.917717,999.927825,999.938641,999.949992,999.961791,999.974046,999.986768,999.999944,1000.013530,1000.027508,1000.041879,1000.056637,1000.071665,1000.086733,1000.101691,1000.116463,1000.130766,1000.144314,0.000000,0.000000
0.000000,0.000000,1000.133947,1000.120149,1000.105930,1000.091572,1000.077242,1000.063063,1000.049113,1000.035483,1000.022237,1000.009347,999.996697,999.984237,999.972029,999.960204,999.948882,999.938061,999.927630,999.917503,999.907748,999.898622,999.890560,999.884117,999.879943,999.878799,999.881552,999.888798,999.900122,999.914202,999.929699,999.945690,999.961703,999.977495,999.992839,1000.007557,1000.021484,1000.034458,1000.046396,1000.057371,1000.067506,1000.076858,1000.085428,1000.093144,1000.099937,1000.105801,1000.110751,1000.114817,1000.118008,1000.120318,1000.121769,1000.122386,1000.122165,1000.121096,1000.119157,1000.116276,1000.112375,1000.107400,1000.101317,1000.094141,1000.085920,1000.076751,1000.066747,1000.055930,1000.044320,1000.031934,1000.018689,1000.004596,999.989817,999.974494,999.958654,999.942376,999.926101,999.910647,999.897114,999.886749,999.880563,999.878708,999.880389,999.884590,999.890591,999.897946,999.906342,999.915601,999.925695,999.936541,999.947942,999.959768,999.972041,999.984764,999.997870,1000.011344,1000.025215,1000.039535,1000.054304,1000.069340,1000.084407,1000.099398,1000.114257,1000.128795,1000.142516,0.000000,0.000000
0.000000,0.000000,1000.132658,1000.118651,1000.104346,1000.089936,1000.075626,1000.061524,1000.047698,1000.034171,1000.020914,1000.007886,999.995038,999.982377,999.970019,999.958129,999.946803,999.936016,999.925637,999.915580,999.905935,999.896981,999.889186,999.883158,999.879576,999.879209,999.882897,999.891105,999.903251,999.917950,999.933862,999.950112,999.966271,999.982118,999.997473,1000.012192,1000.026168,1000.039240,1000.051284,1000.062370,1000.072607,1000.082024,1000.090583,1000.098221,1000.104931,1000.110733,1000.115646,1000.119675,1000.122822,1000.125111,1000.126573,1000.127213,1000.127017,1000.125969,1000.124038,1000.121175,1000.117312,1000.112399,1000.106387,1000.099247,1000.091055,1000.081929,1000.071984,1000.061280,1000.049760,1000.037360,1000.024046,1000.009883,999.995012,999.979510,999.963439,999.946908,999.930250,999.914245,999.900004,999.888775,999.881652,999.878906,999.879852,999.883523,999.889172,999.896310,999.904596,999.913836,999.923944,999.934813,999.946275,999.958175,999.970480,999.983171,999.996171,1000.009497,1000.023242,1000.037491,1000.052223,1000.067237,1000.082310,1000.097368,1000.112390,1000.127164,1000.141170,0.000000,0.000000
0.000000,0.000000,1000.131326,1000.117256,1000.102918,1000.088562,1000.074346,1000.060374,1000.046672,1000.033202,1000.019910,1000.006750,999.993708,999.980848,999.968355,999.956411,999.945075,999.934292,999.923927,999.913898,999.904329,999.895549,999.888028,999.882398,999.879377,999.879723,999.884211,999.893183,999.905982,999.921186,999.937426,999.953848,999.970063,999.985916,1000.001243,1000.015937,1000.029949,1000.043111,1000.055304,1000.066554,1000.076905,1000.086365,1000.094894,1000.102462,1000.109093,1000.114832,1000.119706,1000.123692,1000.126794,1000.129053,1000.130496,1000.131128,1000.130930,1000.129880,1000.127946,1000.125072,1000.121210,1000.116321,1000.110363,1000.103299,1000.095168,1000.086114,1000.076262,1000.065645,1000.054185,1000.041775,1000.028434,1000.014288,999.999416,999.983824,999.967562,999.950786,999.933813,999.917323,999.902455,999.890532,999.882666,999.879175,999.879461,999.882638,999.887971,999.894935,999.903159,999.912415,999.922574,999.933488,999.944992,999.956957,999.969292,999.981921,999.994800,1000.007975,1000.021602,1000.035763,1000.050399,1000.065369,1000.080464,1000.095619,1000.110833,1000.125856,1000.140229,0.000000,0.000000
0.000000,0.000000,1000.129984,1000.115978,1000.101729,1000.087483,1000.073413,1000.059581,1000.045953,1000.032465,1000.019112,1000.005869,999.992705,999.979715,999.967114,999.955101,999.943749,999.932944,999.922522,999.912467,999.902954,999.894326,999.887072,999.881811,999.879269,999.880221,999.885361,999.894959,999.908310,999.923911,999.940355,999.956820,999.973026,999.988864,1000.004153,1000.018809,1000.032817,1000.046069,1000.058437,1000.069849,1000.080294,1000.089777,1000.098290,1000.105827,1000.112413,1000.118104,1000.122917,1000.126844,1000.129911,1000.132142,1000.133551,1000.134153,1000.133932,1000.132870,1000.130932,1000.128043,1000.124154,1000.119257,1000.113322,1000.106329,1000.098299,1000.089338,1000.079574,1000.069017,1000.057567,1000.045140,1000.031807,1000.017714,1000.002896,999.987295,999.970947,999.954004,999.936741,999.919837,999.904467,999.891994,999.883512,999.879393,999.879149,999.881933,999.887011,999.893839,999.902042,999.911355,999.921590,999.932572,999.944114,999.956086,999.968395,999.980950,999.993722,1000.006782,1000.020283,1000.034323,1000.048856,1000.063767,1000.078902,1000.094177,1000.109559,1000.124806,1000.139525,0.000000,0.000000
0.000000,0.000000,1000.128761,1000.114909,1000.100836,1000.086722,1000.072786,1000.059055,1000.045436,1000.031897,1000.018489,1000.005209,999.992029,999.979015,999.966345,999.954261,999.942851,999.931979,999.921480,999.911362,999.901849,999.893337,999.886322,999.881371,999.879199,999.880595,999.886257,999.896392,999.910177,999.926066,999.942619,999.959061,999.975220,999.991000,1000.006237,1000.020836,1000.034802,1000.048110,1000.060602,1000.072144,1000.082664,1000.092164,1000.100703,1000.108271,1000.114847,1000.120480,1000.125218,1000.129098,1000.132140,1000.134353,1000.135743,1000.136313,1000.136059,1000.134976,1000.133028,1000.130123,1000.126204,1000.121286,1000.115357,1000.108400,1000.100459,1000.091595,1000.081895,1000.071388,1000.059962,1000.047531,1000.034202,1000.020135,1000.005362,999.989808,999.973463,999.956444,999.938992,999.921789,999.906032,999.893089,999.884103,999.879498,999.878865,999.881404,999.886335,999.893074,999.901265,999.910657,999.921002,999.932064,999.943635,999.955561,999.967767,999.980233,999.992933,1000.005908,1000.019295,1000.033190,1000.047603,1000.062463,1000.077640,1000.093033,1000.108535,1000.123914,1000.138930,0.000000,0.000000
0.000000,0.000000,1000.127668,1000.114194,1000.100273,1000.086270,1000.072411,1000.058718,1000.045074,1000.031477,1000.018044,1000.004804,999.991697,999.978718,999.966038,999.953906,999.942401,999.931419,999.920834,999.910640,999.901087,999.892631,999.885769,999.881039,999.879115,999.880807,999.886860,999.897394,999.911500,999.927576,999.944166,999.960592,999.976706,999.992386,1000.007515,1000.022035,1000.035938,1000.049204,1000.061728,1000.073343,1000.083928,1000.093496,1000.102105,1000.109727,1000.116313,1000.121904,1000.126596,1000.130449,1000.133480,1000.135693,1000.137073,1000.137614,1000.137327,1000.136212,1000.134235,1000.131305,1000.127363,1000.122425,1000.116491,1000.109559,1000.101670,1000.092875,1000.083248,1000.072803,1000.061436,1000.049053,1000.035713,1000.021602,1000.006809,999.991303,999.975026,999.957996,999.940473,999.923134,999.907117,999.893801,999.884398,999.879451,999.878613,999.881054,999.885941,999.892665,999.900875,999.910344,999.920805,999.931953,999.943524,999.955355,999.967423,999.979793,999.992444,1000.005358,1000.018649,1000.032411,1000.046695,1000.061495,1000.076681,1000.092130,1000.107701,1000.123133,1000.138340,0.000000,0.000000
0.000000,1000.139243,1000.126399,1000.113722,1000.100084,1000.086151,1000.072289,1000.058567,1000.044881,1000.031255,1000.017838,1000.004673,999.991672,999.978785,999.966148,999.953986,999.942389,999.931288,999.920586,999.910309,999.900713,999.892245,999.885430,999.880807,999.879006,999.880856,999.887135,999.897903,999.912172,999.928320,999.944945,999.961369,999.977424,999.993016,1000.008026,1000.022431,1000.036220,1000.049371,1000.061835,1000.073452,1000.084107,1000.093791,1000.102491,1000.110169,1000.116789,1000.122388,1000.127077,1000.130924,1000.133952,1000.136161,1000.137528,1000.138045,1000.137727,1000.136578,1000.134559,1000.131590,1000.127622,1000.122664,1000.116734,1000.109831,1000.101977,1000.093231,1000.083673,1000.073316,1000.062037,1000.049713,1000.036371,1000.022183,1000.007321,999.991808,999.975565,999.958575,999.941093,999.923763,999.907643,999.894091,999.884412,999.879292,999.878423,999.880897,999.885829,999.892608,999.900885,999.910441,999.920999,999.932194,999.943728,999.955448,999.967384,999.979655,999.992260,1000.005150,1000.018364,1000.032006,1000.046167,1000.060867,1000.076023,1000.091502,1000.107137,1000.122540,1000.137199,1000.152250,0.000000
0.000000,0.000000,1000.126646,1000.113739,1000.100140,1000.086304,1000.072436,1000.058648,1000.044911,1000.031291,1000.017920,1000.004816,999.991906,999.979149,999.966614,999.954458,999.942777,999.931542,999.920716,999.910360,999.900711,999.892202,999.885358,999.880702,999.878891,999.880765,999.887057,999.897854,999.912131,999.928244,999.944883,999.961333,999.977335,999.992821,1000.007738,1000.022046,1000.035699,1000.048688,1000.061014,1000.072596,1000.083316,1000.093092,1000.101872,1000.109618,1000.116302,1000.121956,1000.126672,1000.130521,1000.133538,1000.135732,1000.137085,1000.137590,1000.137257,1000.136082,1000.134023,1000.131006,1000.126995,1000.122020,1000.116103,1000.109238,1000.101431,1000.092730,1000.083223,1000.072943,1000.061751,1000.049476,1000.036138,1000.021904,1000.006973,999.991403,999.975101,999.958132,999.940784,999.923604,999.907527,999.893890,999.884164,999.879095,999.878325,999.880935,999.886002,999.892897,999.901285,999.910938,999.921550,999.932736,999.944204,999.955822,999.967657,999.979847,999.992406,1000.005266,1000.018423,1000.031963,1000.046002,1000.060602,1000.075687,1000.091100,1000.106696,1000.122330,1000.137415,0.000000,0.000000
0.000000,0.000000,1000.126877,1000.113948,1000.100572,1000.086792,1000.072859,1000.058987,1000.045225,1000.031619,1000.018269,1000.005210,999.992397,999.979782,999.967378,999.955265,999.943505,999.932124,999.921175,999.910743,999.901060,999.892516,999.885571,999.880764,999.878802,999.880514,999.886625,999.897243,999.911363,999.927381,999.943991,999.960439,999.976394,999.991777,1000.006608,1000.020842,1000.034390,1000.047242,1000.059419,1000.070914,1000.081641,1000.091466,1000.100294,1000.108094,1000.114856,1000.120581,1000.125328,1000.129179,1000.132185,1000.134367,1000.135717,1000.136230,1000.135907,1000.134724,1000.132628,1000.129563,1000.125511,1000.120525,1000.114633,1000.107815,1000.100055,1000.091390,1000.081923,1000.071692,1000.060555,1000.048314,1000.034985,1000.020749,1000.005773,999.990114,999.973730,999.956755,999.939554,999.922605,999.906715,999.893215,999.883662,999.878849,999.878344,999.881181,999.886456,999.893529,999.902052,999.911776,999.922393,999.933539,999.944922,999.956456,999.968230,999.980369,999.992878,1000.005693,1000.018809,1000.032280,1000.046217,1000.060718,1000.075716,1000.091052,1000.106520,1000.121813,1000.136793,0.000000,0.000000
0.000000,0.000000,1000.127561,1000.114741,1000.101364,1000.087567,1000.073591,1000.059646,1000.045856,1000.032253,1000.018900,1000.005860,999.993134,999.980678,999.968415,999.956334,999.944498,999.932997,999.921933,999.911436,999.901742,999.893160,999.886062,999.881014,999.878748,999.880095,999.885842,999.896118,999.909935,999.925753,999.942269,999.958675,999.974574,999.989874,1000.004625,1000.018790,1000.032272,1000.045051,1000.057122,1000.068490,1000.079141,1000.088952,1000.097794,1000.105629,1000.112444,1000.118219,1000.122990,1000.126847,1000.129855,1000.132037,1000.133398,1000.133940,1000.133650,1000.132476,1000.130359,1000.127259,1000.123191,1000.118215,1000.112355,1000.105576,1000.097841,1000.089198,1000.079760,1000.069552,1000.058421,1000.046200,1000.032892,1000.018666,1000.003678,999.987964,999.971524,999.954542,999.937468,999.920792,999.905214,999.892068,999.882937,999.878571,999.878475,999.881646,999.887197,999.894494,999.903150,999.912901,999.923476,999.934545,999.945848,999.957331,999.969074,999.981177,999.993656,1000.006451,1000.019552,1000.032996,1000.046872,1000.061277,1000.076140,1000.091285,1000.106562,1000.121635,1000.136195,0.000000,0.000000
0.000000,0.000000,1000.128893,1000.115950,1000.102479,1000.088661,1000.074665,1000.060688,1000.046853,1000.033223,1000.019860,1000.006823,999.994153,999.981810,999.969661,999.957616,999.945729,999.934141,999.923005,999.912465,999.902737,999.894089,999.886827,999.881459,999.878745,999.879560,999.884740,999.894512,999.907917,999.923386,999.939686,999.956025,999.971881,999.987114,1000.001800,1000.015908,1000.029341,1000.042064,1000.054065,1000.065330,1000.075858,1000.085585,1000.094407,1000.102259,1000.109093,1000.114887,1000.119681,1000.123548,1000.126560,1000.128754,1000.130138,1000.130720,1000.130472,1000.129320,1000.127197,1000.124088,1000.120032,1000.115082,1000.109245,1000.102480,1000.094761,1000.086141,1000.076709,1000.066478,1000.055333,1000.043121,1000.029827,1000.015619,1000.000663,999.984970,999.968506,999.951526,999.934580,999.918206,999.903079,999.890506,999.882043,999.878314,999.878748,999.882339,999.888216,999.895752,999.904519,999.914262,999.924755,999.935725,999.946961,999.958417,999.970168,999.982281,999.994754,1000.007560,1000.020694,1000.034151,1000.047994,1000.062289,1000.076958,1000.091853,1000.106818,1000.121612,1000.135917,0.000000,0.000000
0.000000,0.000000,1000.130772,1000.117519,1000.103904,1000.090058,1000.076070,1000.062114,1000.048268,1000.034597,1000.021202,1000.008165,999.995524,999.983210,999.971093,999.959084,999.947202,999.935589,999.924423,999.913846,999.904061,999.895308,999.887847,999.882124,999.878874,999.879000,999.883405,999.892454,999.905282,999.920309,999.936302,999.952477,999.968291,999.983525,999.998167,1000.012205,1000.025588,1000.038258,1000.050194,1000.061376,1000.071789,1000.081410,1000.090178,1000.098021,1000.104861,1000.110667,1000.115487,1000.119371,1000.122382,1000.124580,1000.125994,1000.126616,1000.126398,1000.125254,1000.123127,1000.120024,1000.115986,1000.111046,1000.105212,1000.098456,1000.090770,1000.082190,1000.072747,1000.062455,1000.051257,1000.039041,1000.025793,1000.011629,999.996717,999.981070,999.964634,999.947721,999.930946,999.914913,999.900381,999.888635,999.881068,999.878140,999.879205,999.883257,999.889467,999.897218,999.906080,999.915808,999.926208,999.937079,999.948266,999.959737,999.971552,999.983713,999.996192,1000.009039,1000.022243,1000.035740,1000.049551,1000.063696,1000.078136,1000.092776,1000.107418,1000.121843,1000.135728,0.000000,0.000000
0.000000,0.000000,1000.132982,1000.119427,1000.105615,1000.091736,1000.077796,1000.063896,1000.050077,1000.036383,1000.022961,1000.009930,999.997273,999.984921,999.972793,999.960800,999.948939,999.937353,999.926203,999.915616,999.905761,999.896851,999.889151,999.883064,999.879244,999.878561,999.881974,999.890021,999.902040,999.916513,999.932141,999.948099,999.963838,999.979075,999.993725,1000.007731,1000.021050,1000.033653,1000.045510,1000.056606,1000.066924,1000.076450,1000.085150,1000.092962,1000.099807,1000.105644,1000.110492,1000.114393,1000.117406,1000.119608,1000.121039,1000.121679,1000.121456,1000.120286,1000.118138,1000.115031,1000.110988,1000.106037,1000.100199,1000.093470,1000.085844,1000.077313,1000.067849,1000.057467,1000.046184,1000.033974,1000.020788,1000.006675,999.991803,999.976210,999.959868,999.943116,999.926625,999.911052,999.897256,999.886552,999.880112,999.878127,999.879853,999.884360,999.890881,999.898819,999.907777,999.917508,999.927839,999.938635,999.949811,999.961359,999.973270,999.985481,999.997998,1000.010893,1000.024160,1000.037702,1000.051464,1000.065455,1000.079679,1000.094050,1000.108383,1000.122454,1000.135774,0.000000,0.000000
0.000000,0.000000,1000.135296,1000.121581,1000.107657,1000.093702,1000.079819,1000.066002,1000.052233,1000.038544,1000.025096,1000.012044,999.999370,999.986981,999.974823,999.962840,999.950999,999.939428,999.928329,999.917780,999.907855,999.898765,999.890792,999.884323,999.879923,999.878377,999.880639,999.887397,999.898299,999.912018,999.927205,999.942917,999.958545,999.973762,999.988444,1000.002484,1000.015771,1000.028282,1000.040038,1000.051041,1000.061255,1000.070682,1000.079323,1000.087099,1000.093938,1000.099811,1000.104703,1000.108625,1000.111648,1000.113859,1000.115288,1000.115904,1000.115640,1000.114418,1000.112228,1000.109094,1000.105028,1000.100061,1000.094234,1000.087565,1000.080021,1000.071518,1000.062009,1000.051531,1000.040172,1000.027962,1000.014824,1000.000768,999.985937,999.970414,999.954240,999.937791,999.921739,999.906777,999.893899,999.884425,999.879267,999.878295,999.880691,999.885640,999.892447,999.900557,999.909613,999.919375,999.929692,999.940465,999.951667,999.963315,999.975333,999.987613,1000.000176,1000.013115,1000.026433,1000.039987,1000.053683,1000.067536,1000.081564,1000.095700,1000.109766,1000.123499,1000.136352,0.000000,0.000000
0.000000,0.000000,1000.137634,1000.123834,1000.110061,1000.096048,1000.082149,1000.068385,1000.054684,1000.041020,1000.027537,1000.014433,1000.001748,999.989362,999.977194,999.965214,999.953392,999.941848,999.930791,999.920277,999.910311,999.901057,999.892797,999.885918,999.880936,999.878526,999.879569,999.884822,999.894282,999.906967,999.921534,999.936921,999.952420,999.967619,999.982316,999.996390,1000.009685,1000.022138,1000.033799,1000.044688,1000.054790,1000.064101,1000.072645,1000.080381,1000.087213,1000.093112,1000.098061,1000.102039,1000.105095,1000.107309,1000.108714,1000.109279,1000.108940,1000.107650,1000.105406,1000.102228,1000.098132,1000.093159,1000.087380,1000.080803,1000.073317,1000.064811,1000.055255,1000.044691,1000.033261,1000.021050,1000.007968,999.993978,999.979211,999.963805,999.947887,999.931869,999.916398,999.902220,999.890468,999.882413,999.878620,999.878673,999.881750,999.887132,999.894213,999.902498,999.911649,999.921476,999.931832,999.942623,999.953877,999.965613,999.977735,999.990109,1000.002728,1000.015725,1000.029084,1000.042607,1000.056204,1000.069924,1000.083800,1000.097754,1000.111592,1000.124967,1000.137707,0.000000,0.000000
0.000000,0.000000,1000.140021,1000.126241,1000.112725,1000.098825,1000.084873,1000.071063,1000.057381,1000.043736,1000.030226,1000.017088,1000.004389,999.992010,999.979866,999.967916,999.956127,999.944625,999.933600,999.923085,999.913065,999.903667,999.895160,999.887887,999.882311,999.879042,999.878862,999.882533,999.890299,999.901583,999.915257,999.930176,999.945465,999.960611,999.975331,999.989413,1000.002706,1000.015149,1000.026776,1000.037584,1000.047569,1000.056761,1000.065177,1000.072815,1000.079626,1000.085551,1000.090559,1000.094615,1000.097728,1000.099953,1000.101325,1000.101824,1000.101394,1000.100017,1000.097702,1000.094465,1000.090340,1000.085388,1000.079675,1000.073154,1000.065686,1000.057168,1000.047561,1000.036934,1000.025475,1000.013281,1000.000269,999.986374,999.971730,999.956523,999.940928,999.925409,999.910653,999.897489,999.887115,999.880643,999.878266,999.879351,999.883106,999.888904,999.896250,999.904701,999.913962,999.923878,999.934300,999.945148,999.956456,999.968255,999.980479,999.992970,1000.005691,1000.018756,1000.032123,1000.045589,1000.059074,1000.072656,1000.086385,1000.100148,1000.113728,1000.126825,1000.140099,0.000000,0.000000
0.000000,0.000000,0.000000,1000.129741,1000.115930,1000.101972,1000.087979,1000.074090,1000.060338,1000.046669,1000.033148,1000.019993,1000.007300,999.994947,999.982826,999.970919,999.959211,999.947783,999.936773,999.926202,999.916088,999.906565,999.897854,999.890234,999.884090,999.879981,999.878611,999.880681,999.886590,999.896169,999.908613,999.922784,999.937690,999.952705,999.967428,999.981529,999.994820,1000.007279,1000.018937,1000.029742,1000.039647,1000.048731,1000.057037,1000.064547,1000.071275,1000.077188,1000.082229,1000.086345,1000.089507,1000.091755,1000.093107,1000.093539,1000.093030,1000.091558,1000.089148,1000.085850,1000.081703,1000.076771,1000.071074,1000.064546,1000.057072,1000.048533,1000.038899,1000.028279,1000.016842,1000.004682,999.991751,999.977989,999.963529,999.948571,999.933379,999.918480,999.904603,999.892723,999.884028,999.879286,999.878336,999.880433,999.884841,999.891040,999.898626,999.907230,999.916611,999.926625,999.937135,999.948054,999.959414,999.971278,999.983594,999.996208,1000.009059,1000.022181,1000.035528,1000.048938,1000.062315,1000.075734,1000.089283,1000.102870,1000.116296,1000.129210,0.000000,0.000000,0.000000
0.000000,0.000000,0.000000,1000.132961,1000.119466,1000.105561,1000.091513,1000.077507,1000.063614,1000.049862,1000.036328,1000.023170,1000.010486,999.998169,999.986093,999.974242,999.962631,999.951303,999.940305,999.929650,999.919415,999.909763,999.900869,999.892943,999.886288,999.881390,999.878880,999.879370,999.883362,999.891030,999.901895,999.914977,999.929259,999.943970,999.958597,999.972708,999.986026,999.998525,1000.010228,1000.021064,1000.030974,1000.040008,1000.048223,1000.055627,1000.062244,1000.068082,1000.073092,1000.077211,1000.080393,1000.082646,1000.083982,1000.084376,1000.083801,1000.082247,1000.079759,1000.076398,1000.072223,1000.067274,1000.061547,1000.054992,1000.047492,1000.038945,1000.029356,1000.018803,1000.007413,999.995287,999.982412,999.968788,999.954561,999.939951,999.925294,999.911174,999.898454,999.888208,999.881431,999.878485,999.878929,999.881982,999.887009,999.893594,999.901408,999.910171,999.919667,999.929761,999.940351,999.951354,999.962787,999.974711,999.987085,999.999799,1000.012759,1000.025929,1000.039260,1000.052604,1000.065876,1000.079163,1000.092539,1000.105907,1000.119083,1000.131902,0.000000,0.000000,0.000000
0.000000,0.000000,0.000000,1000.136542,1000.123267,1000.109435,1000.095399,1000.081327,1000.067292,1000.053429,1000.039834,1000.026657,1000.013977,1000.001681,999.989664,999.977898,999.966379,999.955133,999.944159,999.933446,999.923098,999.913307,999.904244,999.896041,999.888919,999.883297,999.879713,999.878712,999.880818,999.886427,999.895441,999.907107,999.920444,999.934608,999.948942,999.962933,999.976249,999.988803,1000.000560,1000.011420,1000.021370,1000.030446,1000.038636,1000.045960,1000.052474,1000.058212,1000.063138,1000.067193,1000.070341,1000.072563,1000.073872,1000.074248,1000.073630,1000.072029,1000.069500,1000.066093,1000.061887,1000.056909,1000.051153,1000.044571,1000.037064,1000.028560,1000.019047,1000.008571,999.997227,999.985104,999.972260,999.958793,999.944891,999.930787,999.916836,999.903753,999.892565,999.884274,999.879546,999.878358,999.880086,999.884017,999.889647,999.896631,999.904693,999.913606,999.923178,999.933314,999.943961,999.955053,999.966567,999.978532,999.990933,1000.003685,1000.016710,1000.029951,1000.043281,1000.056553,1000.069740,1000.082923,1000.096127,1000.109336,1000.122363,1000.135096,0.000000,0.000000,0.000000
0.000000,0.000000,0.000000,1000.140586,1000.127148,1000.113586,1000.099608,1000.085516,1000.071397,1000.057422,1000.043741,1000.030503,1000.017785,1000.005513,999.993558,999.981870,999.970437,999.959259,999.948311,999.937573,999.927151,999.917253,999.908039,999.899585,999.892035,999.885745,999.881187,999.878813,999.879114,999.882610,999.889536,999.899451,999.911496,999.924804,999.938581,999.952244,999.965448,999.978009,999.989807,1000.000717,1000.010709,1000.019852,1000.028101,1000.035400,1000.041835,1000.047470,1000.052277,1000.056229,1000.059307,1000.061492,1000.062777,1000.063128,1000.062496,1000.060883,1000.058343,1000.054941,1000.050724,1000.045728,1000.039962,1000.033374,1000.025890,1000.017437,1000.007986,999.997578,999.986275,999.974159,999.961395,999.948191,999.934750,999.921305,999.908314,999.896644,999.887338,999.881215,999.878550,999.878983,999.881853,999.886598,999.892821,999.900206,999.908518,999.917547,999.927147,999.937292,999.947969,999.959124,999.970711,999.982712,999.995099,1000.007832,1000.020912,1000.034237,1000.047588,1000.060814,1000.073911,1000.086994,1000.100101,1000.113188,1000.125839,1000.138676,0.000000,0.000000,0.000000
0.000000,0.000000,0.000000,1000.144763,1000.131166,1000.117924,1000.104154,1000.090090,1000.075929,1000.061848,1000.048060,1000.034737,1000.021940,1000.009652,999.997757,999.986139,999.974771,999.963655,999.952746,999.942013,999.931575,999.921620,999.912277,999.903609,999.895691,999.888795,999.883364,999.879767,999.878415,999.879845,999.884480,999.892295,999.902676,999.914765,999.927709,999.940829,999.953748,999.966209,999.977982,999.988911,999.998954,1000.008156,1000.016468,1000.023804,1000.030215,1000.035768,1000.040470,1000.044326,1000.047346,1000.049516,1000.050794,1000.051124,1000.050472,1000.048854,1000.046331,1000.042960,1000.038763,1000.033776,1000.028019,1000.021434,1000.013958,1000.005526,999.996119,999.985774,999.974526,999.962516,999.950002,999.937215,999.924374,999.911810,999.900127,999.890241,999.883115,999.879258,999.878524,999.880391,999.884296,999.889795,999.896554,999.904305,999.912825,999.921928,999.931531,999.941662,999.952353,999.963547,999.975167,999.987183,999.999546,1000.012277,1000.025420,1000.038822,1000.052211,1000.065386,1000.078393,1000.091417,1000.104491,1000.117361,1000.129570,1000.142118,0.000000,0.000000,0.000000
0.000000,0.000000,0.000000,0.000000,1000.136306,1000.122654,1000.108928,1000.094983,1000.080883,1000.066750,1000.052830,1000.039367,1000.026479,1000.014131,1000.002236,999.990668,999.979356,999.968298,999.957450,999.946774,999.936370,999.926398,999.916965,999.908106,999.899874,999.892484,999.886305,999.881659,999.878856,999.878375,999.880712,999.886135,999.894419,999.904873,999.916662,999.929013,999.941424,999.953596,999.965236,999.976115,999.986165,999.995397,1000.003753,1000.011139,1000.017573,1000.023115,1000.027777,1000.031581,1000.034569,1000.036740,1000.038016,1000.038325,1000.037640,1000.036010,1000.033516,1000.030181,1000.026033,1000.021098,1000.015349,1000.008753,1000.001266,999.992828,999.983446,999.973156,999.962036,999.950308,999.938225,999.926019,999.914000,999.902649,999.892663,999.884928,999.880165,999.878481,999.879478,999.882623,999.887447,999.893600,999.900810,999.908846,999.917504,999.926651,999.936261,999.946394,999.957096,999.968284,999.979886,999.991901,1000.004296,1000.017090,1000.030296,1000.043750,1000.057143,1000.070260,1000.083194,1000.096127,1000.109155,1000.122050,1000.134834,0.000000,0.000000,0.000000,0.000000
0.000000,0.000000,0.000000,0.000000,1000.140648,1000.127371,1000.114025,1000.100183,1000.086202,1000.072091,1000.058089,1000.044479,1000.031442,1000.018996,1000.007042,999.995465,999.984191,999.973184,999.962411,999.951844,999.941521,999.931564,999.922063,999.913035,999.904548,999.896786,999.890016,999.884508,999.880495,999.878352,999.878574,999.881525,999.887337,999.895692,999.905880,999.917133,999.928800,999.940440,999.951754,999.962494,999.972491,999.981688,999.990049,999.997466,1000.003931,1000.009516,1000.014205,1000.018006,1000.020980,1000.023131,1000.024390,1000.024675,1000.023979,1000.022378,1000.019932,1000.016653,1000.012570,1000.007682,1000.001945,999.995343,999.987840,999.979404,999.970059,999.959878,999.949043,999.937754,999.926238,999.914812,999.903934,999.894207,999.886330,999.881015,999.878598,999.878886,999.881406,999.885658,999.891262,999.897954,999.905504,999.913721,999.922460,999.931649,999.941296,999.951460,999.962161,999.973319,999.984890,999.996914,1000.009397,1000.022302,1000.035571,1000.049007,1000.062322,1000.075379,1000.088261,1000.101164,1000.114213,1000.126909,1000.139870,0.000000,0.000000,0.000000,0.000000
0.000000,0.000000,0.000000,0.000000,1000.145044,1000.132087,1000.119130,1000.105603,1000.091784,1000.077787,1000.063771,1000.050064,1000.036870,1000.024275,1000.012235,1000.000597,999.989304,999.978344,999.967643,999.957183,999.946990,999.937082,999.927511,999.918349,999.909674,999.901631,999.894424,999.888248,999.883280,999.879781,999.878174,999.878845,999.882050,999.887881,999.895980,999.905651,999.916208,999.927068,999.937825,999.948229,999.958057,999.967159,999.975452,999.982857,999.989346,999.994963,999.999710,1000.003547,1000.006498,1000.008581,1000.009775,1000.010055,1000.009418,1000.007907,1000.005557,1000.002370,999.998344,999.993476,999.987753,999.981151,999.973662,999.965300,999.956093,999.946193,999.935807,999.925101,999.914350,999.904005,999.894671,999.886992,999.881546,999.878703,999.878455,999.880475,999.884279,999.889444,999.895683,999.902780,999.910562,999.918891,999.927682,999.936922,999.946627,999.956833,999.967538,999.978671,999.990234,1000.002294,1000.014870,1000.027882,1000.041166,1000.054499,1000.067698,1000.080709,1000.093599,1000.106553,1000.119398,1000.131817,1000.144547,0.000000,0.000000,0.000000,0.000000
0.000000,0.000000,0.000000,0.000000,0.000000,1000.137936,1000.124468,1000.111231,1000.097553,1000.083716,1000.069772,1000.056021,1000.042722,1000.029986,1000.017829,1000.006130,999.994781,999.983809,999.973178,999.962826,999.952743,999.942899,999.933304,999.924041,999.915219,999.906970,999.899442,999.892763,999.887063,999.882531,999.879460,999.878182,999.878990,999.882140,999.887697,999.895274,999.904210,999.913883,999.923803,999.933635,999.943105,999.951977,999.960123,999.967459,999.973938,999.979555,999.984320,999.988185,999.991097,999.993089,999.994190,999.994439,999.993874,999.992487,999.990271,999.987214,999.983279,999.978454,999.972745,999.966180,999.958811,999.950646,999.941748,999.932311,999.922536,999.912656,999.903030,999.894220,999.886897,999.881618,999.878686,999.878136,999.879787,999.883239,999.888069,999.893961,999.900677,999.908064,999.916010,999.924410,999.933240,999.942525,999.952270,999.962511,999.973222,999.984362,999.995955,1000.008058,1000.020699,1000.033754,1000.046983,1000.060192,1000.073296,1000.086289,1000.099210,1000.112182,1000.124912,1000.138131,0.000000,0.000000,0.000000,0.000000,0.000000
0.000000,0.000000,0.000000,0.000000,0.000000,1000.143617,1000.130062,1000.117107,1000.103638,1000.089878,1000.076037,1000.062301,1000.048935,1000.036109,1000.023848,1000.012073,1000.000675,999.989648,999.979037,999.968787,999.958803,999.949023,999.939437,999.930118,999.921192,999.912779,999.904994,999.897934,999.891683,999.886376,999.882210,999.879396,999.878197,999.878920,999.881789,999.886813,999.893601,999.901555,999.910191,999.919128,999.927999,999.936453,999.944314,999.951484,999.957850,999.963390,999.968096,999.971936,999.974838,999.976767,999.977791,999.977970,999.977395,999.976106,999.974041,999.971149,999.967374,999.962666,999.957070,999.950692,999.943582,999.935764,999.927349,999.918552,999.909649,999.900969,999.892961,999.886211,999.881304,999.878544,999.877940,999.879380,999.882575,999.887133,999.892747,999.899177,999.906240,999.913835,999.921888,999.930344,999.939204,999.948497,999.958257,999.968497,999.979217,999.990415,1000.002066,1000.014214,1000.026865,1000.039884,1000.053047,1000.066158,1000.079202,1000.092207,1000.105210,1000.118089,1000.130580,1000.143618,0.000000,0.000000,0.000000,0.000000,0.000000
0.000000,0.000000,0.000000,0.000000,0.000000,0.000000,1000.136940,1000.123406,1000.110046,1000.096342,1000.082590,1000.068901,1000.055505,1000.042612,1000.030278,1000.018417,1000.006950,999.995866,999.985222,999.975017,999.965129,999.955423,999.945872,999.936550,999.927568,999.919025,999.911027,999.903668,999.897000,999.891103,999.886120,999.882183,999.879442,999.878181,999.878673,999.881054,999.885278,999.890996,999.897795,999.905339,999.913213,999.920977,999.928336,999.935157,999.941289,999.946625,999.951162,999.954905,999.957813,999.959769,999.960762,999.960898,999.960291,999.959029,999.957096,999.954389,999.950810,999.946323,999.941029,999.935035,999.928358,999.921084,999.913371,999.905513,999.897890,999.890907,999.885027,999.880722,999.878326,999.877880,999.879274,999.882313,999.886668,999.892037,999.898212,999.905018,999.912326,999.920057,999.928181,999.936685,999.945556,999.954835,999.964576,999.974803,999.985561,999.996833,1000.008571,1000.020758,1000.033371,1000.046330,1000.059416,1000.072460,1000.085475,1000.098456,1000.111459,1000.124235,1000.137253,0.000000,0.000000,0.000000,0.000000,0.000000,0.000000
0.000000,0.000000,0.000000,0.000000,0.000000,0.000000,1000.143482,1000.129791,1000.116733,1000.103188,1000.089474,1000.075825,1000.062440,1000.049495,1000.037088,1000.025167,1000.013614,1000.002438,999.991726,999.981497,999.971644,999.962014,999.952530,999.943253,999.934282,999.925681,999.917522,999.909914,999.902929,999.896601,999.890997,999.886225,999.882391,999.879649,999.878242,999.878348,999.880028,999.883214,999.887698,999.893271,999.899606,999.906221,999.912734,999.918940,999.924667,999.929682,999.933926,999.937475,999.940310,999.942322,999.943380,999.943549,999.942979,999.941773,999.939956,999.937410,999.934028,999.929853,999.925015,999.919585,999.913588,999.907126,999.900480,999.894041,999.888232,999.883441,999.879990,999.878139,999.877990,999.879476,999.882441,999.886649,999.891834,999.897767,999.904307,999.911363,999.918834,999.926658,999.934838,999.943372,999.952252,999.961516,999.971225,999.981458,999.992258,1000.003613,1000.015448,1000.027654,1000.040226,1000.053112,1000.066113,1000.079097,1000.092057,1000.105026,1000.117892,1000.130299,1000.143232,0.000000,0.000000,0.000000,0.000000,0.000000,0.000000
0.000000,0.000000,0.000000,0.000000,0.000000,0.000000,0.000000,1000.136667,1000.123517,1000.110233,1000.096612,1000.083034,1000.069699,1000.056767,1000.044308,1000.032323,1000.020705,1000.009432,999.998603,999.988278,999.978388,999.968783,999.959379,999.950186,999.941273,999.932682,999.924450,999.916664,999.909429,999.902794,999.896761,999.891369,999.886728,999.882951,999.880153,999.878495,999.878075,999.878905,999.880971,999.884218,999.888482,999.893406,999.898601,999.903819,999.908819,999.913316,999.917150,999.920361,999.922978,999.924931,999.926089,999.926398,999.925978,999.924926,999.923236,999.920844,999.917712,999.913953,999.909720,999.905073,999.900036,999.894786,999.889714,999.885218,999.881628,999.879187,999.878053,999.878330,999.880005,999.882972,999.887068,999.892101,999.897852,999.904138,999.910902,999.918126,999.925716,999.933612,999.941837,999.950398,999.959275,999.968508,999.978212,999.988462,999.999301,1000.010742,1000.022647,1000.034874,1000.047417,1000.060211,1000.073107,1000.086003,1000.098870,1000.111767,1000.124377,1000.136825,0.000000,0.000000,0.000000,0.000000,0.000000,0.000000,0.000000
0.000000,0.000000,0.000000,0.000000,0.000000,0.000000,0.000000,1000.143156,1000.129950,1000.117228,1000.103902,1000.090448,1000.077202,1000.064333,1000.051884,1000.039844,1000.028168,1000.016830,1000.005886,999.995421,999.985435,999.975805,999.966445,999.957348,999.948513,999.939960,999.931719,999.923851,999.916451,999.909601,999.903298,999.897500,999.892265,999.887724,999.883959,999.881041,999.879058,999.878046,999.878036,999.879076,999.881119,999.883990,999.887425,999.891192,999.895049,999.898698,999.901883,999.904552,999.906771,999.908497,999.909653,999.910146,999.909954,999.909106,999.907609,999.905486,999.902789,999.899665,999.896279,999.892677,999.888939,999.885348,999.882241,999.879894,999.878483,999.878114,999.878881,999.880810,999.883855,999.887902,999.892803,999.898404,999.904514,999.911018,999.917943,999.925293,999.932978,999.940950,999.949219,999.957776,999.966611,999.975817,999.985525,999.995802,1000.006698,1000.018194,1000.030139,1000.042390,1000.054894,1000.067581,1000.080354,1000.093133,1000.105896,1000.118554,1000.130666,1000.143138,0.000000,0.000000,0.000000,0.000000,0.000000,0.000000,0.000000
0.000000,0.000000,0.000000,0.000000,0.000000,0.000000,0.000000,0.000000,1000.136494,1000.124148,1000.111253,1000.097981,1000.084883,1000.072091,1000.059671,1000.047614,1000.035894,1000.024515,1000.013502,1000.002915,999.992811,999.983133,999.973781,999.964738,999.955979,999.947484,999.939274,999.931384,999.923906,999.916928,999.910465,999.904439,999.898833,999.893743,999.889273,999.885474,999.882386,999.880057,999.878510,999.877794,999.877941,999.878858,999.880397,999.882420,999.884785,999.887238,999.889484,999.891410,999.893032,999.894357,999.895352,999.895926,999.895932,999.895345,999.894197,999.892543,999.890533,999.888329,999.886037,999.883717,999.881525,999.879727,999.878550,999.878122,999.878493,999.879723,999.881892,999.885027,999.889073,999.893897,999.899359,999.905334,999.911678,999.918352,999.925412,999.932865,999.940656,999.948705,999.956974,999.965472,999.974252,999.983437,999.993160,1000.003492,1000.014441,1000.025963,1000.037931,1000.050189,1000.062630,1000.075213,1000.087874,1000.100498,1000.113106,1000.125434,1000.137462,0.000000,0.000000,0.000000,0.000000,0.000000,0.000000,0.000000,0.000000
0.000000,0.000000,0.000000,0.000000,0.000000,0.000000,0.000000,0.000000,1000.143360,1000.130846,1000.118534,1000.105657,1000.092732,1000.080054,1000.067659,1000.055592,1000.043856,1000.032462,1000.021419,1000.010756,1000.000543,999.990798,999.981435,999.972396,999.963662,999.955220,999.947069,999.939198,999.931680,999.924640,999.918104,999.911980,999.906195,999.900786,999.895829,999.891398,999.887524,999.884253,999.881642,999.879698,999.878435,999.877821,999.877753,999.878160,999.878994,999.880112,999.881294,999.882369,999.883291,999.884090,999.884766,999.885240,999.885376,999.885090,999.884402,999.883405,999.882258,999.881095,999.879973,999.878963,999.878221,999.877962,999.878337,999.879360,999.881033,999.883422,999.886609,999.890617,999.895365,999.900714,999.906553,999.912770,999.919288,999.926116,999.933292,999.940855,999.948745,999.956816,999.965023,999.973439,999.982165,999.991334,1000.001094,1000.011498,1000.022505,1000.034045,1000.046014,1000.058252,1000.070628,1000.083116,1000.095630,1000.108103,1000.120385,1000.132219,1000.144699,0.000000,0.000000,0.000000,0.000000,0.000000,0.000000,0.000000,0.000000
0.000000,0.000000,0.000000,0.000000,0.000000,0.000000,0.000000,0.000000,0.000000,1000.138046,1000.125959,1000.113572,1000.100826,1000.088263,1000.075945,1000.063876,1000.052126,1000.040732,1000.029677,1000.018970,1000.008685,999.998857,999.989446,999.980377,999.971619,999.963182,999.955065,999.947223,999.939684,999.932600,999.926044,999.919917,999.914094,999.908558,999.903342,999.898499,999.894090,999.890161,999.886787,999.883997,999.881767,999.880075,999.878850,999.878044,999.877659,999.877637,999.877834,999.878096,999.878360,999.878634,999.878909,999.879158,999.879322,999.879292,999.879069,999.878748,999.878428,999.878194,999.878095,999.878185,999.878601,999.879513,999.880985,999.883003,999.885594,999.888822,999.892737,999.897334,999.902529,999.908211,999.914274,999.920639,999.927297,999.934259,999.941558,999.949226,999.957159,999.965205,999.973337,999.981658,999.990334,999.999518,1000.009326,1000.019805,1000.030881,1000.042435,1000.054378,1000.066556,1000.078836,1000.091181,1000.103554,1000.115914,1000.127742,1000.139363,0.000000,0.000000,0.000000,0.000000,0.000000,0.000000,0.000000,0.000000,0.000000
0.000000,0.000000,0.000000,0.000000,0.000000,0.000000,0.000000,0.000000,0.000000,1000.145791,1000.133439,1000.121439,1000.109268,1000.096846,1000.084603,1000.072564,1000.060789,1000.049369,1000.038300,1000.027566,1000.017226,1000.007332,999.997863,999.988750,999.979942,999.971462,999.963325,999.955476,999.947921,999.940798,999.934215,999.928104,999.922319,999.916788,999.911502,999.906465,999.901745,999.897413,999.893523,999.890127,999.887225,999.884804,999.882819,999.881214,999.880000,999.879164,999.878602,999.878215,999.877948,999.877774,999.877694,999.877712,999.877804,999.877931,999.878075,999.878264,999.878565,999.879037,999.879704,999.880623,999.881905,999.883643,999.885867,999.888580,999.891820,999.895636,999.900044,999.905016,999.910482,999.916338,999.922494,999.928936,999.935688,999.942763,999.950171,999.957887,999.965816,999.973828,999.981880,999.990138,999.998825,1000.008051,1000.017917,1000.028476,1000.039601,1000.051146,1000.063015,1000.075073,1000.087209,1000.099402,1000.111657,1000.123611,1000.135083,1000.147013,0.000000,0.000000,0.000000,0.000000,0.000000,0.000000,0.000000,0.000000,0.000000
0.000000,0.000000,0.000000,0.000000,0.000000,0.000000,0.000000,0.000000,0.000000,0.000000,1000.142048,1000.129515,1000.117783,1000.105749,1000.093637,1000.081679,1000.069902,1000.058414,1000.047302,1000.036550,1000.026158,1000.016204,1000.006698,999.997559,999.988722,999.980191,999.971992,999.964100,999.956517,999.949357,999.942721,999.936570,999.930797,999.925305,999.920045,999.914989,999.910147,999.905606,999.901438,999.897666,999.894312,999.891409,999.888943,999.886853,999.885124,999.883751,999.882672,999.881818,999.881152,999.880654,999.880326,999.880172,999.880192,999.880388,999.880739,999.881249,999.881955,999.882885,999.884063,999.885548,999.887413,999.889702,999.892442,999.895651,999.899350,999.903581,999.908341,999.913563,999.919175,999.925088,999.931257,999.937717,999.944518,999.951661,999.959094,999.966786,999.974671,999.982623,999.990639,999.998924,1000.007674,1000.016971,1000.026912,1000.037520,1000.048653,1000.060141,1000.071880,1000.083778,1000.095744,1000.107787,1000.119776,1000.131384,1000.143647,0.000000,0.000000,0.000000,0.000000,0.000000,0.000000,0.000000,0.000000,0.000000,0.000000
0.000000,0.000000,0.000000,0.000000,0.000000,0.000000,0.000000,0.000000,0.000000,0.000000,0.000000,1000.138144,1000.126507,1000.114891,1000.102965,1000.091096,1000.079389,1000.067871,1000.056698,1000.045932,1000.035521,1000.025501,1000.015949,1000.006809,999.997980,999.989434,999.981182,999.973238,999.965619,999.958415,999.951700,999.945449,999.939605,999.934099,999.928863,999.923847,999.919016,999.914416,999.910128,999.906178,999.902587,999.899402,999.896646,999.894275,999.892252,999.890561,999.889152,999.887975,999.887027,999.886316,999.885828,999.885567,999.885545,999.885763,999.886213,999.886901,999.887842,999.889044,999.890544,999.892375,999.894589,999.897227,999.900309,999.903850,999.907888,999.912433,999.917429,999.922814,999.928489,999.934386,999.940527,999.946982,999.953795,999.960917,999.968294,999.975919,999.983727,999.991632,999.999685,1000.008047,1000.016872,1000.026257,1000.036248,1000.046844,1000.057931,1000.069322,1000.080909,1000.092638,1000.104515,1000.116478,1000.128052,1000.139210,0.000000,0.000000,0.000000,0.000000,0.000000,0.000000,0.000000,0.000000,0.000000,0.000000,0.000000
0.000000,0.000000,0.000000,0.000000,0.000000,0.000000,0.000000,0.000000,0.000000,0.000000,0.000000,1000.146961,1000.135209,1000.123863,1000.112489,1000.100788,1000.089133,1000.077661,1000.066481,1000.055705,1000.045302,1000.035253,1000.025632,1000.016463,1000.007651,999.999118,999.990850,999.982870,999.975228,999.967988,999.961197,999.954833,999.948870,999.943290,999.938030,999.933021,999.928224,999.923648,999.919339,999.915335,999.911647,999.908328,999.905431,999.902923,999.900749,999.898892,999.897309,999.895952,999.894828,999.893964,999.893362,999.893018,999.892943,999.893146,999.893633,999.894404,999.895470,999.896854,999.898571,999.900635,999.903075,999.905935,999.909236,999.912999,999.917263,999.921996,999.927130,999.932581,999.938241,999.944091,999.950201,999.956637,999.963401,999.970439,999.977732,999.985277,999.993021,1000.000931,1000.009049,1000.017481,1000.026374,1000.035808,1000.045791,1000.056337,1000.067339,1000.078604,1000.090053,1000.101703,1000.113474,1000.124987,1000.136350,1000.148106,0.000000,0.000000,0.000000,0.000000,0.000000,0.000000,0.000000,0.000000,0.000000,0.000000,0.000000
0.000000,0.000000,0.000000,0.000000,0.000000,0.000000,0.000000,0.000000,0.000000,0.000000,0.000000,0.000000,1000.144935,1000.133052,1000.121854,1000.110689,1000.099190,1000.087760,1000.076626,1000.065864,1000.055466,1000.045408,1000.035731,1000.026493,1000.017664,1000.009145,1000.000882,999.992895,999.985242,999.977981,999.971144,999.964702,999.958633,999.952952,999.947615,999.942566,999.937766,999.933213,999.928940,999.924951,999.921260,999.917912,999.914950,999.912380,999.910148,999.908218,999.906570,999.905161,999.903968,999.903007,999.902299,999.901854,999.901702,999.901859,999.902340,999.903145,999.904289,999.905808,999.907697,999.909959,999.912604,999.915633,999.919077,999.922980,999.927344,999.932137,999.937293,999.942694,999.948289,999.954099,999.960182,999.966584,999.973261,999.980184,999.987377,999.994846,1000.002555,1000.010483,1000.018643,1000.027125,1000.036062,1000.045509,1000.055477,1000.065954,1000.076827,1000.087941,1000.099288,1000.110799,1000.122134,1000.133558,1000.145678,0.000000,0.000000,0.000000,0.000000,0.000000,0.000000,0.000000,0.000000,0.000000,0.000000,0.000000,0.000000
0.000000,0.000000,0.000000,0.000000,0.000000,0.000000,0.000000,0.000000,0.000000,0.000000,0.000000,0.000000,0.000000,1000.143194,1000.131480,1000.120470,1000.109482,1000.098199,1000.087087,1000.076347,1000.065956,1000.055894,1000.046183,1000.036884,1000.028015,1000.019498,1000.011253,1000.003272,999.995603,999.988323,999.981438,999.974931,999.968793,999.963017,999.957587,999.952465,999.947641,999.943112,999.938891,999.934967,999.931337,999.928023,999.925045,999.922431,999.920162,999.918203,999.916539,999.915142,999.913950,999.912931,999.912117,999.911571,999.911344,999.911466,999.911941,999.912765,999.913970,999.915592,999.917634,999.920079,999.922905,999.926084,999.929640,999.933611,999.937996,999.942751,999.947795,999.953072,999.958581,999.964356,999.970446,999.976810,999.983384,999.990190,999.997288,1000.004690,1000.012355,1000.020263,1000.028442,1000.036954,1000.045911,1000.055371,1000.065315,1000.075673,1000.086344,1000.097300,1000.108457,1000.119491,1000.130687,1000.142613,0.000000,0.000000,0.000000,0.000000,0.000000,0.000000,0.000000,0.000000,0.000000,0.000000,0.000000,0.000000,0.000000
0.000000,0.000000,0.000000,0.000000,0.000000,0.000000,0.000000,0.000000,0.000000,0.000000,0.000000,0.000000,0.000000,0.000000,1000.141887,1000.130380,1000.119536,1000.108775,1000.097801,1000.087051,1000.076677,1000.066639,1000.056924,1000.047579,1000.038668,1000.030147,1000.021930,1000.013971,1000.006287,999.998962,999.992026,999.985448,999.979237,999.973401,999.967903,999.962710,999.957847,999.953344,999.949175,999.945334,999.941784,999.938513,999.935563,999.932936,999.930636,999.928663,999.927001,999.925610,999.924415,999.923350,999.922452,999.921835,999.921567,999.921681,999.922177,999.923053,999.924331,999.926038,999.928200,999.930786,999.933738,999.937038,999.940679,999.944683,999.949048,999.953698,999.958583,999.963716,999.969135,999.974900,999.980991,999.987299,999.993798,1000.000537,1000.007570,1000.014905,1000.022508,1000.030386,1000.038568,1000.047089,1000.056042,1000.065474,1000.075308,1000.085433,1000.095855,1000.106516,1000.117109,1000.127953,1000.139619,0.000000,0.000000,0.000000,0.000000,0.000000,0.000000,0.000000,0.000000,0.000000,0.000000,0.000000,0.000000,0.000000,0.000000
0.000000,0.000000,0.000000,0.000000,0.000000,0.000000,0.000000,0.000000,0.000000,0.000000,0.000000,0.000000,0.000000,0.000000,0.000000,1000.140965,1000.129517,1000.118956,1000.108536,1000.097923,1000.087565,1000.077575,1000.067891,1000.058527,1000.049559,1000.041010,1000.032805,1000.024882,1000.017218,1000.009860,1000.002875,999.996244,999.989966,999.984069,999.978526,999.973289,999.968382,999.963871,999.959742,999.955952,999.952466,999.949244,999.946313,999.943708,999.941425,999.939454,999.937783,999.936377,999.935162,999.934081,999.933158,999.932504,999.932225,999.932352,999.932891,999.933851,999.935221,999.937020,999.939260,999.941920,999.944955,999.948318,999.952003,999.956020,999.960331,999.964867,999.969615,999.974634,999.980005,999.985746,999.991789,999.998061,1000.004532,1000.011240,1000.018237,1000.025510,1000.033054,1000.040902,1000.049071,1000.057579,1000.066474,1000.075768,1000.085357,1000.095171,1000.105184,1000.115150,1000.125445,1000.136799,0.000000,0.000000,0.000000,0.000000,0.000000,0.000000,0.000000,0.000000,0.000000,0.000000,0.000000,0.000000,0.000000,0.000000,0.000000
0.000000,0.000000,0.000000,0.000000,0.000000,0.000000,0.000000,0.000000,0.000000,0.000000,0.000000,0.000000,0.000000,0.000000,0.000000,0.000000,1000.139899,1000.128927,1000.118794,1000.108759,1000.098565,1000.088628,1000.079001,1000.069652,1000.060650,1000.052052,1000.043839,1000.035934,1000.028322,1000.021015,1000.014024,1000.007354,1000.001019,999.995048,999.989448,999.984180,999.979241,999.974698,999.970582,999.966817,999.963350,999.960160,999.957246,999.954659,999.952405,999.950435,999.948738,999.947314,999.946112,999.945082,999.944231,999.943616,999.943340,999.943475,999.944054,999.945081,999.946538,999.948420,999.950704,999.953394,999.956464,999.959838,999.963522,999.967520,999.971762,999.976207,999.980869,999.985834,999.991177,999.996886,1000.002903,1000.009156,1000.015608,1000.022293,1000.029246,1000.036454,1000.043927,1000.051728,1000.059869,1000.068315,1000.077058,1000.086085,1000.095344,1000.104708,1000.113927,1000.123419,1000.134003,0.000000,0.000000,0.000000,0.000000,0.000000,0.000000,0.000000,0.000000,0.000000,0.000000,0.000000,0.000000,0.000000,0.000000,0.000000,0.000000
0.000000,0.000000,0.000000,0.000000,0.000000,0.000000,0.000000,0.000000,0.000000,0.000000,0.000000,0.000000,0.000000,0.000000,0.000000,0.000000,0.000000,1000.139160,1000.128801,1000.119117,1000.109493,1000.099719,1000.090138,1000.080842,1000.071854,1000.063248,1000.055040,1000.047168,1000.039608,1000.032390,1000.025471,1000.018807,1000.012417,1000.006378,1000.000717,999.995405,999.990438,999.985863,999.981720,999.977963,999.974502,999.971307,999.968404,999.965822,999.963556,999.961574,999.959860,999.958432,999.957296,999.956402,999.955699,999.955202,999.954969,999.955110,999.955703,999.956761,999.958268,999.960181,999.962485,999.965180,999.968219,999.971562,999.975211,999.979159,999.983353,999.987742,999.992371,999.997340,1000.002693,1000.008405,1000.014412,1000.020640,1000.027056,1000.033679,1000.040537,1000.047652,1000.055050,1000.062794,1000.070868,1000.079184,1000.087675,1000.096400,1000.105214,1000.113777,1000.122391,1000.131780,0.000000,0.000000,0.000000,0.000000,0.000000,0.000000,0.000000,0.000000,0.000000,0.000000,0.000000,0.000000,0.000000,0.000000,0.000000,0.000000,0.000000
0.000000,0.000000,0.000000,0.000000,0.000000,0.000000,0.000000,0.000000,0.000000,0.000000,0.000000,0.000000,0.000000,0.000000,0.000000,0.000000,0.000000,0.000000,1000.139234,1000.129289,1000.119997,1000.110757,1000.101289,1000.092046,1000.083107,1000.074561,1000.066393,1000.058572,1000.051072,1000.043915,1000.037078,1000.030482,1000.024105,1000.018035,1000.012327,1000.006970,1000.001958,999.997332,999.993134,999.989357,999.985923,999.982751,999.979849,999.977255,999.974980,999.972999,999.971296,999.969894,999.968831,999.968079,999.967545,999.967192,999.967061,999.967244,999.967838,999.968889,999.970381,999.972286,999.974593,999.977260,999.980242,999.983528,999.987123,999.991030,999.995198,999.999573,1000.004218,1000.009240,1000.014637,1000.020354,1000.026338,1000.032511,1000.038812,1000.045287,1000.052015,1000.059031,1000.066362,1000.074036,1000.082015,1000.090155,1000.098400,1000.106747,1000.114805,1000.122784,1000.131148,0.000000,0.000000,0.000000,0.000000,0.000000,0.000000,0.000000,0.000000,0.000000,0.000000,0.000000,0.000000,0.000000,0.000000,0.000000,0.000000,0.000000,0.000000
0.000000,0.000000,0.000000,0.000000,0.000000,0.000000,0.000000,0.000000,0.000000,0.000000,0.000000,0.000000,0.000000,0.000000,0.000000,0.000000,0.000000,0.000000,0.000000,1000.139940,1000.130511,1000.121558,1000.112545,1000.103422,1000.094504,1000.085994,1000.077912,1000.070136,1000.062678,1000.055569,1000.048793,1000.042297,1000.036032,1000.029997,1000.024266,1000.018868,1000.013788,1000.009075,1000.004809,1000.001011,999.997608,999.994496,999.991623,999.989029,999.986764,999.984816,999.983156,999.981800,999.980772,999.980072,999.979661,999.979463,999.979478,999.979767,999.980395,999.981413,999.982849,999.984727,999.987007,999.989642,999.992588,999.995821,999.999389,1000.003287,1000.007432,1000.011813,1000.016518,1000.021595,1000.027021,1000.032734,1000.038650,1000.044679,1000.050792,1000.057085,1000.063683,1000.070614,1000.077885,1000.085493,1000.093373,1000.101297,1000.109283,1000.116928,1000.124553,1000.132403,0.000000,0.000000,0.000000,0.000000,0.000000,0.000000,0.000000,0.000000,0.000000,0.000000,0.000000,0.000000,0.000000,0.000000,0.000000,0.000000,0.000000,0.000000,0.000000
0.000000,0.000000,0.000000,0.000000,0.000000,0.000000,0.000000,0.000000,0.000000,0.000000,0.000000,0.000000,0.000000,0.000000,0.000000,0.000000,0.000000,0.000000,0.000000,0.000000,1000.141782,1000.132622,1000.123834,1000.114903,1000.106231,1000.097700,1000.089639,1000.081912,1000.074504,1000.067445,1000.060753,1000.054381,1000.048261,1000.042332,1000.036615,1000.031165,1000.026015,1000.021215,1000.016864,1000.013021,1000.009622,1000.006547,1000.003711,1000.001138,999.998895,999.996984,999.995370,999.994042,999.993013,999.992308,999.991946,999.991886,999.992088,999.992544,999.993262,999.994287,999.995700,999.997538,999.999782,1000.002390,1000.005301,1000.008520,1000.012093,1000.015986,1000.020119,1000.024521,1000.029268,1000.034377,1000.039808,1000.045464,1000.051236,1000.057071,1000.062990,1000.069122,1000.075604,1000.082458,1000.089679,1000.097237,1000.105020,1000.112606,1000.120064,1000.127307,1000.135287,0.000000,0.000000,0.000000,0.000000,0.000000,0.000000,0.000000,0.000000,0.000000,0.000000,0.000000,0.000000,0.000000,0.000000,0.000000,0.000000,0.000000,0.000000,0.000000,0.000000
0.000000,0.000000,0.000000,0.000000,0.000000,0.000000,0.000000,0.000000,0.000000,0.000000,0.000000,0.000000,0.000000,0.000000,0.000000,0.000000,0.000000,0.000000,0.000000,0.000000,0.000000,1000.144616,1000.135819,1000.126222,1000.117814,1000.109724,1000.101707,1000.093994,1000.086655,1000.079674,1000.073087,1000.066841,1000.060857,1000.055058,1000.049404,1000.043940,1000.038748,1000.033888,1000.029441,1000.025491,1000.022020,1000.018913,1000.016086,1000.013545,1000.011327,1000.009425,1000.007826,1000.006516,1000.005492,1000.004798,1000.004459,1000.004489,1000.004849,1000.005466,1000.006328,1000.007464,1000.008921,1000.010744,1000.012960,1000.015518,1000.018389,1000.021610,1000.025179,1000.029045,1000.033176,1000.037588,1000.042335,1000.047434,1000.052794,1000.058300,1000.063888,1000.069529,1000.075280,1000.081280,1000.087664,1000.094438,1000.101640,1000.109175,1000.116640,1000.123888,1000.130815,1000.138524,0.000000,0.000000,0.000000,0.000000,0.000000,0.000000,0.000000,0.000000,0.000000,0.000000,0.000000,0.000000,0.000000,0.000000,0.000000,0.000000,0.000000,0.000000,0.000000,0.000000,0.000000
0.000000,0.000000,0.000000,0.000000,0.000000,0.000000,0.000000,0.000000,0.000000,0.000000,0.000000,0.000000,0.000000,0.000000,0.000000,0.000000,0.000000,0.000000,0.000000,0.000000,0.000000,0.000000,0.000000,1000.138245,1000.129578,1000.121734,1000.113933,1000.106486,1000.099223,1000.092312,1000.085808,1000.079660,1000.073802,1000.068108,1000.062542,1000.057146,1000.051970,1000.047071,1000.042538,1000.038452,1000.034836,1000.031636,1000.028788,1000.026266,1000.024051,1000.022136,1000.020531,1000.019237,1000.018255,1000.017601,1000.017306,1000.017383,1000.017810,1000.018545,1000.019561,1000.020850,1000.022409,1000.024263,1000.026436,1000.028924,1000.031748,1000.034942,1000.038481,1000.042307,1000.046396,1000.050778,1000.055493,1000.060490,1000.065672,1000.070969,1000.076341,1000.081780,1000.087395,1000.093296,1000.099619,1000.106356,1000.113407,1000.120715,1000.128013,1000.136136,0.000000,0.000000,0.000000,0.000000,0.000000,0.000000,0.000000,0.000000,0.000000,0.000000,0.000000,0.000000,0.000000,0.000000,0.000000,0.000000,0.000000,0.000000,0.000000,0.000000,0.000000,0.000000,0.000000
0.000000,0.000000,0.000000,0.000000,0.000000,0.000000,0.000000,0.000000,0.000000,0.000000,0.000000,0.000000,0.000000,0.000000,0.000000,0.000000,0.000000,0.000000,0.000000,0.000000,0.000000,0.000000,0.000000,0.000000,1000.141874,1000.134080,1000.126070,1000.119013,1000.112032,1000.105365,1000.098887,1000.092779,1000.086998,1000.081409,1000.075947,1000.070629,1000.065522,1000.060645,1000.056066,1000.051863,1000.048109,1000.044800,1000.041877,1000.039309,1000.037068,1000.035135,1000.033506,1000.032215,1000.031283,1000.030691,1000.030456,1000.030581,1000.031051,1000.031874,1000.033010,1000.034425,1000.036094,1000.037985,1000.040108,1000.042529,1000.045303,1000.048439,1000.051913,1000.055663,1000.059653,1000.063944,1000.068529,1000.073324,1000.078277,1000.083317,1000.088435,1000.093683,1000.099166,1000.105006,1000.111126,1000.117735,1000.124592,1000.132189,1000.139958,0.000000,0.000000,0.000000,0.000000,0.000000,0.000000,0.000000,0.000000,0.000000,0.000000,0.000000,0.000000,0.000000,0.000000,0.000000,0.000000,0.000000,0.000000,0.000000,0.000000,0.000000,0.000000,0.000000,0.000000
0.000000,0.000000,0.000000,0.000000,0.000000,0.000000,0.000000,0.000000,0.000000,0.000000,0.000000,0.000000,0.000000,0.000000,0.000000,0.000000,0.000000,0.000000,0.000000,0.000000,0.000000,0.000000,0.000000,0.000000,0.000000,0.000000,1000.139045,1000.131773,1000.124642,1000.118329,1000.112082,1000.106167,1000.100403,1000.094910,1000.089569,1000.084351,1000.079318,1000.074494,1000.069910,1000.065653,1000.061804,1000.058373,1000.055319,1000.052636,1000.050323,1000.048356,1000.046722,1000.045442,1000.044532,1000.043999,1000.043829,1000.044017,1000.044574,1000.045480,1000.046718,1000.048243,1000.049977,1000.051892,1000.054010,1000.056387,1000.059090,1000.062154,1000.065522,1000.069125,1000.072950,1000.077048,1000.081385,1000.085923,1000.090593,1000.095358,1000.100229,1000.105322,1000.110487,1000.116021,1000.121795,1000.128734,1000.135946,0.000000,0.000000,0.000000,0.000000,0.000000,0.000000,0.000000,0.000000,0.000000,0.000000,0.000000,0.000000,0.000000,0.000000,0.000000,0.000000,0.000000,0.000000,0.000000,0.000000,0.000000,0.000000,0.000000,0.000000,0.000000,0.000000
0.000000,0.000000,0.000000,0.000000,0.000000,0.000000,0.000000,0.000000,0.000000,0.000000,0.000000,0.000000,0.000000,0.000000,0.000000,0.000000,0.000000,0.000000,0.000000,0.000000,0.000000,0.000000,0.000000,0.000000,0.000000,0.000000,0.000000,0.000000,1000.138027,1000.131195,1000.124829,1000.119337,1000.113896,1000.108639,1000.103395,1000.098297,1000.093323,1000.088543,1000.083945,1000.079668,1000.075756,1000.072211,1000.069010,1000.066178,1000.063750,1000.061729,1000.060111,1000.058873,1000.057998,1000.057509,1000.057398,1000.057650,1000.058301,1000.059316,1000.060660,1000.062260,1000.064054,1000.066021,1000.068163,1000.070511,1000.073130,1000.076066,1000.079271,1000.082671,1000.086283,1000.090111,1000.094151,1000.098397,1000.102751,1000.107322,1000.111874,1000.116547,1000.121210,1000.126598,1000.132599,0.000000,0.000000,0.000000,0.000000,0.000000,0.000000,0.000000,0.000000,0.000000,0.000000,0.000000,0.000000,0.000000,0.000000,0.000000,0.000000,0.000000,0.000000,0.000000,0.000000,0.000000,0.000000,0.000000,0.000000,0.000000,0.000000,0.000000,0.000000
0.000000,0.000000,0.000000,0.000000,0.000000,0.000000,0.000000,0.000000,0.000000,0.000000,0.000000,0.000000,0.000000,0.000000,0.000000,0.000000,0.000000,0.000000,0.000000,0.000000,0.000000,0.000000,0.000000,0.000000,0.000000,0.000000,0.000000,0.000000,0.000000,0.000000,1000.138072,1000.132086,1000.126897,1000.122182,1000.117287,1000.112394,1000.107437,1000.102696,1000.098091,1000.093784,1000.089829,1000.086191,1000.082872,1000.079882,1000.077340,1000.075260,1000.073642,1000.072462,1000.071673,1000.071244,1000.071172,1000.071505,1000.072238,1000.073359,1000.074785,1000.076431,1000.078274,1000.080275,1000.082430,1000.084757,1000.087301,1000.090048,1000.093034,1000.096192,1000.099561,1000.103107,1000.106894,1000.110884,1000.114990,1000.119167,1000.123176,1000.127397,1000.132497,0.000000,0.000000,0.000000,0.000000,0.000000,0.000000,0.000000,0.000000,0.000000,0.000000,0.000000,0.000000,0.000000,0.000000,0.000000,0.000000,0.000000,0.000000,0.000000,0.000000,0.000000,0.000000,0.000000,0.000000,0.000000,0.000000,0.000000,0.000000,0.000000,0.000000
0.000000,0.000000,0.000000,0.000000,0.000000,0.000000,0.000000,0.000000,0.000000,0.000000,0.000000,0.000000,0.000000,0.000000,0.000000,0.000000,0.000000,0.000000,0.000000,0.000000,0.000000,0.000000,0.000000,0.000000,0.000000,0.000000,0.000000,0.000000,0.000000,0.000000,0.000000,0.000000,1000.140290,1000.135348,1000.130653,1000.126169,1000.121519,1000.116744,1000.112258,1000.107929,1000.103904,1000.100150,1000.096765,1000.093685,1000.091075,1000.088982,1000.087383,1000.086258,1000.085553,1000.085209,1000.085194,1000.085637,1000.086446,1000.087622,1000.089064,1000.090703,1000.092496,1000.094465,1000.096603,1000.098913,1000.101387,1000.103955,1000.106686,1000.109571,1000.112673,1000.115980,1000.119571,1000.123085,1000.126899,1000.130677,1000.135222,0.000000,0.000000,0.000000,0.000000,0.000000,0.000000,0.000000,0.000000,0.000000,0.000000,0.000000,0.000000,0.000000,0.000000,0.000000,0.000000,0.000000,0.000000,0.000000,0.000000,0.000000,0.000000,0.000000,0.000000,0.000000,0.000000,0.000000,0.000000,0.000000,0.000000,0.000000,0.000000
0.000000,0.000000,0.000000,0.000000,0.000000,0.000000,0.000000,0.000000,0.000000,0.000000,0.000000,0.000000,0.000000,0.000000,0.000000,0.000000,0.000000,0.000000,0.000000,0.000000,0.000000,0.000000,0.000000,0.000000,0.000000,0.000000,0.000000,0.000000,0.000000,0.000000,0.000000,0.000000,0.000000,0.000000,1000.144244,1000.139533,1000.135299,1000.130234,1000.126032,1000.121856,1000.117728,1000.113818,1000.110337,1000.107466,1000.104912,1000.102833,1000.101269,1000.100181,1000.099549,1000.099284,1000.099423,1000.099990,1000.100829,1000.102022,1000.103398,1000.104922,1000.106595,1000.108483,1000.110587,1000.112896,1000.115289,1000.117799,1000.120121,1000.122672,1000.125463,1000.128547,1000.131648,1000.134784,1000.139072,0.000000,0.000000,0.000000,0.000000,0.000000,0.000000,0.000000,0.000000,0.000000,0.000000,0.000000,0.000000,0.000000,0.000000,0.000000,0.000000,0.000000,0.000000,0.000000,0.000000,0.000000,0.000000,0.000000,0.000000,0.000000,0.000000,0.000000,0.000000,0.000000,0.000000,0.000000,0.000000,0.000000,0.000000
0.000000,0.000000,0.000000,0.000000,0.000000,0.000000,0.000000,0.000000,0.000000,0.000000,0.000000,0.000000,0.000000,0.000000,0.000000,0.000000,0.000000,0.000000,0.000000,0.000000,0.000000,0.000000,0.000000,0.000000,0.000000,0.000000,0.000000,0.000000,0.000000,0.000000,0.000000,0.000000,0.000000,0.000000,0.000000,0.000000,0.000000,1000.143714,1000.139645,1000.135270,1000.130986,1000.127099,1000.123264,1000.120829,1000.118626,1000.116598,1000.114946,1000.113808,1000.113233,1000.113183,1000.113829,1000.114292,1000.115168,1000.116319,1000.117538,1000.118888,1000.120462,1000.122299,1000.124392,1000.126633,1000.128981,1000.131731,1000.133392,1000.135070,1000.137530,1000.141304,0.000000,0.000000,0.000000,0.000000,0.000000,0.000000,0.000000,0.000000,0.000000,0.000000,0.000000,0.000000,0.000000,0.000000,0.000000,0.000000,0.000000,0.000000,0.000000,0.000000,0.000000,0.000000,0.000000,0.000000,0.000000,0.000000,0.000000,0.000000,0.000000,0.000000,0.000000,0.000000,0.000000,0.000000,0.000000,0.000000,0.000000
0.000000,0.000000,0.000000,0.000000,0.000000,0.000000,0.000000,0.000000,0.000000,0.000000,0.000000,0.000000,0.000000,0.000000,0.000000,0.000000,0.000000,0.000000,0.000000,0.000000,0.000000,0.000000,0.000000,0.000000,0.000000,0.000000,0.000000,0.000000,0.000000,0.000000,0.000000,0.000000,0.000000,0.000000,0.000000,0.000000,0.000000,0.000000,0.000000,0.000000,0.000000,0.000000,1000.136585,1000.134268,1000.131959,1000.129781,1000.127854,1000.126515,1000.126046,1000.126746,1000.127913,1000.128136,1000.129496,1000.130295,1000.131109,1000.132230,1000.133808,1000.135689,1000.137779,1000.140129,1000.142866,0.000000,0.000000,0.000000,0.000000,0.000000,0.000000,0.000000,0.000000,0.000000,0.000000,0.000000,0.000000,0.000000,0.000000,0.000000,0.000000,0.000000,0.000000,0.000000,0.000000,0.000000,0.000000,0.000000,0.000000,0.000000,0.000000,0.000000,0.000000,0.000000,0.000000,0.000000,0.000000,0.000000,0.000000,0.000000,0.000000,0.000000,0.000000,0.000000,0.000000,0.000000,0.000000
0.000000,0.000000,0.000000,0.000000,0.000000,0.000000,0.000000,0.000000,0.000000,0.000000,0.000000,0.000000,0.000000,0.000000,0.000000,0.000000,0.000000,0.000000,0.000000,0.000000,0.000000,0.000000,0.000000,0.000000,0.000000,0.000000,0.000000,0.000000,0.000000,0.000000,0.000000,0.000000,0.000000,0.000000,0.000000,0.000000,0.000000,0.000000,0.000000,0.000000,0.000000,0.000000,0.000000,0.000000,0.000000,0.000000,0.000000,0.000000,0.000000,0.000000,0.000000,1000.142533,0.000000,0.000000,0.000000,0.000000,0.000000,0.000000,0.000000,0.000000,0.000000,0.000000,0.000000,0.000000,0.000000,0.000000,0.000000,0.000000,0.000000,0.000000,0.000000,0.000000,0.000000,0.000000,0.000000,0.000000,0.000000,0.000000,0.000000,0.000000,0.000000,0.000000,0.000000,0.000000,0.000000,0.000000,0.000000,0.000000,0.000000,0.000000,0.000000,0.000000,0.000000,0.000000,0.000000,0.000000,0.000000,0.000000,0.000000,0.000000,0.000000,0.000000,0.000000
0.000000,0.000000,0.000000,0.000000,0.000000,0.000000,0.000000,0.000000,0.000000,0.000000,0.000000,0.000000,0.000000,0.000000,0.000000,0.000000,0.000000,0.000000,0.000000,0.000000,0.000000,0.000000,0.000000,0.000000,0.000000,0.000000,0.000000,0.000000,0.000000,0.000000,0.000000,0.000000,0.000000,0.000000,0.000000,0.000000,0.000000,0.000000,0.000000,0.000000,0.000000,0.000000,0.000000,0.000000,0.000000,0.000000,0.000000,0.000000,0.000000,0.000000,0.000000,0.000000,0.000000,0.000000,0.000000,0.000000,0.000000,0.000000,0.000000,0.000000,0.000000,0.000000,0.000000,0.000000,0.000000,0.000000,0.000000,0.000000,0.000000,0.000000,0.000000,0.000000,0.000000,0.000000,0.000000,0.000000,0.000000,0.000000,0.000000,0.000000,0.000000,0.000000,0.000000,0.000000,0.000000,0.000000,0.000000,0.000000,0.000000,0.000000,0.000000,0.000000,0.000000,0.000000,0.000000,0.000000,0.000000,0.000000,0.000000,0.000000,0.000000,0.000000,0.000000
