0.000000,0.000000,0.000000,0.000000,0.000000,0.000000,0.000000,0.000000,0.000000,0.000000,0.000000,0.000000,0.000000,0.000000,0.000000,0.000000,0.000000,0.000000,0.000000,0.000000,0.000000,0.000000,0.000000,0.000000,0.000000,0.000000,0.000000,0.000000,0.000000,0.000000,0.000000,0.000000,0.000000,0.000000,0.000000,0.000000,0.000000,0.000000,0.000000,0.000000,0.000000,0.000000,0.000000,0.000000,0.000000,0.000000,0.000000,0.000000,0.000000,0.000000,0.000000,0.000000,0.000000,0.000000,0.000000,0.000000,0.000000,0.000000,0.000000,0.000000,0.000000,0.000000,0.000000,0.000000,0.000000,0.000000,0.000000,0.000000,0.000000,0.000000,0.000000,0.000000,0.000000,0.000000,0.000000,0.000000,0.000000,0.000000,0.000000,0.000000,0.000000,0.000000,0.000000,0.000000,0.000000,0.000000,0.000000,0.000000,0.000000,0.000000,0.000000,0.000000,0.000000,0.000000,0.000000,0.000000,0.000000,0.000000,0.000000,0.000000,0.000000,0.000000,0.000000
0.000000,0.000000,0.000000,0.000000,0.000000,0.000000,0.000000,0.000000,0.000000,0.000000,0.000000,0.000000,0.000000,0.000000,0.000000,0.000000,0.000000,0.000000,0.000000,0.000000,0.000000,0.000000,0.000000,0.000000,0.000000,0.000000,0.000000,0.000000,0.000000,0.000000,0.000000,0.000000,0.000000,0.000000,0.000000,0.000000,0.000000,0.000000,0.000000,0.000000,0.000000,0.000000,0.000000,0.000000,0.000000,0.000000,0.000000,0.000000,0.000000,0.000000,0.000000,1000.000545,0.000000,0.000000,0.000000,0.000000,0.000000,0.000000,0.000000,0.000000,0.000000,0.000000,0.000000,0.000000,0.000000,0.000000,0.000000,0.000000,0.000000,0.000000,0.000000,0.000000,0.000000,0.000000,0.000000,0.000000,0.000000,0.000000,0.000000,0.000000,0.000000,0.000000,0.000000,0.000000,0.000000,0.000000,0.000000,0.000000,0.000000,0.000000,0.000000,0.000000,0.000000,0.000000,0.000000,0.000000,0.000000,0.000000,0.000000,0.000000,0.000000,0.000000,0.000000
0.000000,0.000000,0.000000,0.000000,0.000000,0.000000,0.000000,0.000000,0.000000,0.000000,0.000000,0.000000,0.000000,0.000000,0.000000,0.000000,0.000000,0.000000,0.000000,0.000000,0.000000,0.000000,0.000000,0.000000,0.000000,0.000000,0.000000,0.000000,0.000000,0.000000,0.000000,0.000000,0.000000,0.000000,0.000000,0.000000,0.000000,0.000000,0.000000,0.000000,0.000000,0.000000,1000.000502,1000.000611,1000.000717,1000.000799,1000.000855,1000.000886,1000.000908,1000.000918,1000.000905,1000.000881,1000.000813,1000.000763,1000.000745,1000.000746,1000.000732,1000.000691,1000.000636,1000.000579,1000.000499,0.000000,0.000000,0.000000,0.000000,0.000000,0.000000,0.000000,0.000000,0.000000,0.000000,0.000000,0.000000,0.000000,0.000000,0.000000,0.000000,0.000000,0.000000,0.000000,0.000000,0.000000,0.000000,0.000000,0.000000,0.000000,0.000000,0.000000,0.000000,0.000000,0.000000,0.000000,0.000000,0.000000,0.000000,0.000000,0.000000,0.000000,0.000000,0.000000,0.000000,0.000000,0.000000
0.000000,0.000000,0.000000,0.000000,0.000000,0.000000,0.000000,0.000000,0.000000,0.000000,0.000000,0.000000,0.000000,0.000000,0.000000,0.000000,0.000000,0.000000,0.000000,0.000000,0.000000,0.000000,0.000000,0.000000,0.000000,0.000000,0.000000,0.000000,0.000000,0.000000,0.000000,0.000000,0.000000,0.000000,0.000000,0.000000,0.000000,1000.000301,1000.000460,1000.000609,1000.000745,1000.000855,1000.000971,1000.001048,1000.001117,1000.001170,1000.001202,1000.001219,1000.001225,1000.001225,1000.001216,1000.001209,1000.001191,1000.001169,1000.001150,1000.001131,1000.001107,1000.001075,1000.001027,1000.000965,1000.000894,1000.000808,1000.000738,1000.000679,1000.000606,1000.000482,0.000000,0.000000,0.000000,0.000000,0.000000,0.000000,0.000000,0.000000,0.000000,0.000000,0.000000,0.000000,0.000000,0.000000,0.000000,0.000000,0.000000,0.000000,0.000000,0.000000,0.000000,0.000000,0.000000,0.000000,0.000000,0.000000,0.000000,0.000000,0.000000,0.000000,0.000000,0.000000,0.000000,0.000000,0.000000,0.000000,0.000000
0.000000,0.000000,0.000000,0.000000,0.000000,0.000000,0.000000,0.000000,0.000000,0.000000,0.000000,0.000000,0.000000,0.000000,0.000000,0.000000,0.000000,0.000000,0.000000,0.000000,0.000000,0.000000,0.000000,0.000000,0.000000,0.000000,0.000000,0.000000,0.000000,0.000000,0.000000,0.000000,0.000000,0.000000,1000.000419,1000.000553,1000.000682,1000.000833,1000.000957,1000.001074,1000.001183,1000.001280,1000.001369,1000.001438,1000.001489,1000.001523,1000.001542,1000.001551,1000.001550,1000.001545,1000.001542,1000.001540,1000.001540,1000.001540,1000.001532,1000.001517,1000.001493,1000.001457,1000.001408,1000.001350,1000.001287,1000.001222,1000.001159,1000.001085,1000.001008,1000.000924,1000.000843,1000.000744,1000.000609,0.000000,0.000000,0.000000,0.000000,0.000000,0.000000,0.000000,0.000000,0.000000,0.000000,0.000000,0.000000,0.000000,0.000000,0.000000,0.000000,0.000000,0.000000,0.000000,0.000000,0.000000,0.000000,0.000000,0.000000,0.000000,0.000000,0.000000,0.000000,0.000000,0.000000,0.000000,0.000000,0.000000,0.000000
0.000000,0.000000,0.000000,0.000000,0.000000,0.000000,0.000000,0.000000,0.000000,0.000000,0.000000,0.000000,0.000000,0.000000,0.000000,0.000000,0.000000,0.000000,0.000000,0.000000,0.000000,0.000000,0.000000,0.000000,0.000000,0.000000,0.000000,0.000000,0.000000,0.000000,0.000000,0.000000,1000.000485,1000.000666,1000.000837,1000.000982,1000.001123,1000.001262,1000.001381,1000.001485,1000.001571,1000.001647,1000.001712,1000.001766,1000.001802,1000.001826,1000.001843,1000.001850,1000.001850,1000.001845,1000.001837,1000.001835,1000.001843,1000.001851,1000.001855,1000.001847,1000.001826,1000.001792,1000.001749,1000.001702,1000.001651,1000.001596,1000.001532,1000.001459,1000.001381,1000.001297,1000.001199,1000.001094,1000.000961,1000.000781,1000.000590,0.000000,0.000000,0.000000,0.000000,0.000000,0.000000,0.000000,0.000000,0.000000,0.000000,0.000000,0.000000,0.000000,0.000000,0.000000,0.000000,0.000000,0.000000,0.000000,0.000000,0.000000,0.000000,0.000000,0.000000,0.000000,0.000000,0.000000,0.000000,0.000000,0.000000,0.000000,0.000000
0.000000,0.000000,0.000000,0.000000,0.000000,0.000000,0.000000,0.000000,0.000000,0.000000,0.000000,0.000000,0.000000,0.000000,0.000000,0.000000,0.000000,0.000000,0.000000,0.000000,0.000000,0.000000,0.000000,0.000000,0.000000,0.000000,0.000000,0.000000,0.000000,0.000000,1000.000576,1000.000759,1000.000936,1000.001082,1000.001226,1000.001364,1000.001499,1000.001621,1000.001725,1000.001807,1000.001867,1000.001917,1000.001956,1000.001987,1000.002008,1000.002024,1000.002040,1000.002050,1000.002052,1000.002047,1000.002040,1000.002037,1000.002040,1000.002045,1000.002049,1000.002046,1000.002034,1000.002014,1000.001989,1000.001960,1000.001929,1000.001888,1000.001835,1000.001775,1000.001705,1000.001623,1000.001524,1000.001410,1000.001282,1000.001135,1000.000974,1000.000771,1000.000544,0.000000,0.000000,0.000000,0.000000,0.000000,0.000000,0.000000,0.000000,0.000000,0.000000,0.000000,0.000000,0.000000,0.000000,0.000000,0.000000,0.000000,0.000000,0.000000,0.000000,0.000000,0.000000,0.000000,0.000000,0.000000,0.000000,0.000000,0.000000,0.000000,0.000000
0.000000,0.000000,0.000000,0.000000,0.000000,0.000000,0.000000,0.000000,0.000000,0.000000,0.000000,0.000000,0.000000,0.000000,0.000000,0.000000,0.000000,0.000000,0.000000,0.000000,0.000000,0.000000,0.000000,0.000000,0.000000,0.000000,0.000000,0.000000,1000.000643,1000.000815,1000.000993,1000.001150,1000.001305,1000.001449,1000.001581,1000.001699,1000.001803,1000.001890,1000.001958,1000.002004,1000.002032,1000.002047,1000.002056,1000.002060,1000.002063,1000.002070,1000.002077,1000.002084,1000.002087,1000.002086,1000.002085,1000.002083,1000.002082,1000.002079,1000.002077,1000.002075,1000.002075,1000.002074,1000.002070,1000.002064,1000.002054,1000.002038,1000.002013,1000.001979,1000.001934,1000.001871,1000.001792,1000.001695,1000.001582,1000.001451,1000.001303,1000.001135,1000.000954,1000.000770,1000.000572,0.000000,0.000000,0.000000,0.000000,0.000000,0.000000,0.000000,0.000000,0.000000,0.000000,0.000000,0.000000,0.000000,0.000000,0.000000,0.000000,0.000000,0.000000,0.000000,0.000000,0.000000,0.000000,0.000000,0.000000,0.000000,0.000000,0.000000,0.000000
0.000000,0.000000,0.000000,0.000000,0.000000,0.000000,0.000000,0.000000,0.000000,0.000000,0.000000,0.000000,0.000000,0.000000,0.000000,0.000000,0.000000,0.000000,0.000000,0.000000,0.000000,0.000000,0.000000,0.000000,0.000000,0.000000,1000.000585,1000.000798,1000.000997,1000.001161,1000.001324,1000.001479,1000.001627,1000.001756,1000.001861,1000.001944,1000.002003,1000.002038,1000.002055,1000.002057,1000.002046,1000.002027,1000.002007,1000.001990,1000.001978,1000.001972,1000.001970,1000.001968,1000.001969,1000.001972,1000.001975,1000.001978,1000.001976,1000.001969,1000.001963,1000.001963,1000.001970,1000.001982,1000.001994,1000.002004,1000.002014,1000.002025,1000.002032,1000.002033,1000.002027,1000.002007,1000.001970,1000.001913,1000.001833,1000.001733,1000.001613,1000.001475,1000.001315,1000.001143,1000.000991,1000.000875,1000.000689,0.000000,0.000000,0.000000,0.000000,0.000000,0.000000,0.000000,0.000000,0.000000,0.000000,0.000000,0.000000,0.000000,0.000000,0.000000,0.000000,0.000000,0.000000,0.000000,0.000000,0.000000,0.000000,0.000000,0.000000,0.000000,0.000000
0.000000,0.000000,0.000000,0.000000,0.000000,0.000000,0.000000,0.000000,0.000000,0.000000,0.000000,0.000000,0.000000,0.000000,0.000000,0.000000,0.000000,0.000000,0.000000,0.000000,0.000000,0.000000,0.000000,0.000000,1000.000471,1000.000715,1000.000940,1000.001130,1000.001304,1000.001463,1000.001614,1000.001752,1000.001870,1000.001961,1000.002024,1000.002057,1000.002062,1000.002047,1000.002016,1000.001977,1000.001935,1000.001894,1000.001859,1000.001831,1000.001810,1000.001793,1000.001780,1000.001771,1000.001766,1000.001769,1000.001775,1000.001779,1000.001779,1000.001774,1000.001769,1000.001771,1000.001783,1000.001802,1000.001822,1000.001843,1000.001868,1000.001896,1000.001926,1000.001956,1000.001987,1000.002015,1000.002031,1000.002032,1000.002008,1000.001956,1000.001879,1000.001781,1000.001656,1000.001508,1000.001354,1000.001204,1000.001048,1000.000827,1000.000550,0.000000,0.000000,0.000000,0.000000,0.000000,0.000000,0.000000,0.000000,0.000000,0.000000,0.000000,0.000000,0.000000,0.000000,0.000000,0.000000,0.000000,0.000000,0.000000,0.000000,0.000000,0.000000,0.000000,0.000000
0.000000,0.000000,0.000000,0.000000,0.000000,0.000000,0.000000,0.000000,0.000000,0.000000,0.000000,0.000000,0.000000,0.000000,0.000000,0.000000,0.000000,0.000000,0.000000,0.000000,0.000000,0.000000,0.000000,1000.000623,1000.000860,1000.001065,1000.001264,1000.001443,1000.001600,1000.001734,1000.001849,1000.001943,1000.002007,1000.002041,1000.002046,1000.002026,1000.001989,1000.001938,1000.001877,1000.001813,1000.001755,1000.001706,1000.001667,1000.001635,1000.001608,1000.001582,1000.001558,1000.001541,1000.001532,1000.001532,1000.001537,1000.001542,1000.001545,1000.001545,1000.001544,1000.001550,1000.001567,1000.001591,1000.001618,1000.001646,1000.001679,1000.001717,1000.001759,1000.001804,1000.001857,1000.001917,1000.001977,1000.002030,1000.002067,1000.002076,1000.002056,1000.002009,1000.001929,1000.001817,1000.001684,1000.001529,1000.001361,1000.001157,1000.000919,1000.000611,0.000000,0.000000,0.000000,0.000000,0.000000,0.000000,0.000000,0.000000,0.000000,0.000000,0.000000,0.000000,0.000000,0.000000,0.000000,0.000000,0.000000,0.000000,0.000000,0.000000,0.000000,0.000000,0.000000
0.000000,0.000000,0.000000,0.000000,0.000000,0.000000,0.000000,0.000000,0.000000,0.000000,0.000000,0.000000,0.000000,0.000000,0.000000,0.000000,0.000000,0.000000,0.000000,0.000000,0.000000,1000.000477,1000.000743,1000.000983,1000.001188,1000.001387,1000.001576,1000.001734,1000.001854,1000.001940,1000.001998,1000.002026,1000.002025,1000.001997,1000.001951,1000.001894,1000.001831,1000.001762,1000.001687,1000.001615,1000.001552,1000.001502,1000.001463,1000.001430,1000.001397,1000.001362,1000.001330,1000.001305,1000.001293,1000.001289,1000.001291,1000.001296,1000.001303,1000.001308,1000.001314,1000.001325,1000.001345,1000.001375,1000.001409,1000.001444,1000.001481,1000.001523,1000.001569,1000.001621,1000.001683,1000.001756,1000.001838,1000.001924,1000.002003,1000.002065,1000.002103,1000.002113,1000.002091,1000.002033,1000.001943,1000.001822,1000.001670,1000.001478,1000.001260,1000.001027,1000.000788,1000.000502,0.000000,0.000000,0.000000,0.000000,0.000000,0.000000,0.000000,0.000000,0.000000,0.000000,0.000000,0.000000,0.000000,0.000000,0.000000,0.000000,0.000000,0.000000,0.000000,0.000000,0.000000
0.000000,0.000000,0.000000,0.000000,0.000000,0.000000,0.000000,0.000000,0.000000,0.000000,0.000000,0.000000,0.000000,0.000000,0.000000,0.000000,0.000000,0.000000,0.000000,0.000000,1000.000530,1000.000815,1000.001053,1000.001275,1000.001480,1000.001675,1000.001837,1000.001952,1000.002015,1000.002035,1000.002025,1000.001990,1000.001934,1000.001864,1000.001788,1000.001711,1000.001635,1000.001558,1000.001481,1000.001409,1000.001348,1000.001300,1000.001261,1000.001223,1000.001183,1000.001143,1000.001107,1000.001080,1000.001063,1000.001055,1000.001053,1000.001057,1000.001066,1000.001077,1000.001089,1000.001105,1000.001128,1000.001161,1000.001199,1000.001240,1000.001282,1000.001326,1000.001374,1000.001430,1000.001496,1000.001572,1000.001660,1000.001757,1000.001856,1000.001947,1000.002023,1000.002081,1000.002115,1000.002122,1000.002097,1000.002036,1000.001930,1000.001780,1000.001585,1000.001370,1000.001145,1000.000909,1000.000611,0.000000,0.000000,0.000000,0.000000,0.000000,0.000000,0.000000,0.000000,0.000000,0.000000,0.000000,0.000000,0.000000,0.000000,0.000000,0.000000,0.000000,0.000000,0.000000,0.000000
0.000000,0.000000,0.000000,0.000000,0.000000,0.000000,0.000000,0.000000,0.000000,0.000000,0.000000,0.000000,0.000000,0.000000,0.000000,0.000000,0.000000,0.000000,0.000000,1000.000604,1000.000867,1000.001103,1000.001329,1000.001544,1000.001734,1000.001893,1000.002003,1000.002052,1000.002044,1000.001998,1000.001934,1000.001857,1000.001771,1000.001682,1000.001593,1000.001507,1000.001424,1000.001345,1000.001271,1000.001204,1000.001148,1000.001100,1000.001056,1000.001012,1000.000968,1000.000925,1000.000890,1000.000865,1000.000847,1000.000835,1000.000829,1000.000831,1000.000840,1000.000855,1000.000872,1000.000893,1000.000920,1000.000955,1000.000995,1000.001039,1000.001085,1000.001131,1000.001183,1000.001241,1000.001309,1000.001386,1000.001472,1000.001568,1000.001671,1000.001772,1000.001865,1000.001948,1000.002020,1000.002080,1000.002122,1000.002135,1000.002098,1000.002005,1000.001860,1000.001676,1000.001467,1000.001251,1000.001014,1000.000737,0.000000,0.000000,0.000000,0.000000,0.000000,0.000000,0.000000,0.000000,0.000000,0.000000,0.000000,0.000000,0.000000,0.000000,0.000000,0.000000,0.000000,0.000000,0.000000
0.000000,0.000000,0.000000,0.000000,0.000000,0.000000,0.000000,0.000000,0.000000,0.000000,0.000000,0.000000,0.000000,0.000000,0.000000,0.000000,0.000000,0.000000,1000.000676,1000.000922,1000.001149,1000.001369,1000.001589,1000.001777,1000.001922,1000.002020,1000.002056,1000.002029,1000.001958,1000.001866,1000.001771,1000.001675,1000.001579,1000.001485,1000.001392,1000.001299,1000.001212,1000.001132,1000.001060,1000.000997,1000.000941,1000.000891,1000.000844,1000.000797,1000.000752,1000.000713,1000.000682,1000.000659,1000.000642,1000.000630,1000.000623,1000.000624,1000.000631,1000.000644,1000.000665,1000.000691,1000.000723,1000.000761,1000.000803,1000.000848,1000.000894,1000.000942,1000.000995,1000.001055,1000.001122,1000.001197,1000.001280,1000.001372,1000.001473,1000.001575,1000.001673,1000.001766,1000.001857,1000.001950,1000.002039,1000.002111,1000.002146,1000.002126,1000.002046,1000.001918,1000.001749,1000.001547,1000.001336,1000.001105,1000.000831,0.000000,0.000000,0.000000,0.000000,0.000000,0.000000,0.000000,0.000000,0.000000,0.000000,0.000000,0.000000,0.000000,0.000000,0.000000,0.000000,0.000000,0.000000
0.000000,0.000000,0.000000,0.000000,0.000000,0.000000,0.000000,0.000000,0.000000,0.000000,0.000000,0.000000,0.000000,0.000000,0.000000,0.000000,0.000000,1000.000701,1000.000963,1000.001196,1000.001412,1000.001625,1000.001814,1000.001952,1000.002031,1000.002049,1000.002008,1000.001921,1000.001809,1000.001693,1000.001586,1000.001486,1000.001390,1000.001294,1000.001198,1000.001102,1000.001011,1000.000929,1000.000855,1000.000789,1000.000731,1000.000680,1000.000633,1000.000588,1000.000547,1000.000512,1000.000485,1000.000464,1000.000448,1000.000438,1000.000434,1000.000434,1000.000438,1000.000449,1000.000468,1000.000498,1000.000533,1000.000573,1000.000617,1000.000663,1000.000711,1000.000759,1000.000810,1000.000868,1000.000932,1000.001002,1000.001081,1000.001169,1000.001267,1000.001369,1000.001469,1000.001566,1000.001666,1000.001774,1000.001889,1000.001997,1000.002084,1000.002132,1000.002130,1000.002070,1000.001958,1000.001796,1000.001600,1000.001390,1000.001148,1000.000838,0.000000,0.000000,0.000000,0.000000,0.000000,0.000000,0.000000,0.000000,0.000000,0.000000,0.000000,0.000000,0.000000,0.000000,0.000000,0.000000,0.000000
0.000000,0.000000,0.000000,0.000000,0.000000,0.000000,0.000000,0.000000,0.000000,0.000000,0.000000,0.000000,0.000000,0.000000,0.000000,0.000000,1000.000693,1000.000983,1000.001229,1000.001453,1000.001661,1000.001841,1000.001975,1000.002044,1000.002047,1000.001992,1000.001894,1000.001769,1000.001637,1000.001513,1000.001404,1000.001304,1000.001207,1000.001111,1000.001014,1000.000916,1000.000824,1000.000739,1000.000660,1000.000590,1000.000530,1000.000481,1000.000436,1000.000395,1000.000359,1000.000327,1000.000301,1000.000280,1000.000265,1000.000258,1000.000256,1000.000254,1000.000257,1000.000266,1000.000285,1000.000312,1000.000348,1000.000388,1000.000432,1000.000479,1000.000528,1000.000578,1000.000628,1000.000682,1000.000741,1000.000805,1000.000878,1000.000962,1000.001057,1000.001158,1000.001258,1000.001358,1000.001464,1000.001579,1000.001705,1000.001834,1000.001951,1000.002048,1000.002111,1000.002127,1000.002084,1000.001979,1000.001823,1000.001632,1000.001417,1000.001159,1000.000827,0.000000,0.000000,0.000000,0.000000,0.000000,0.000000,0.000000,0.000000,0.000000,0.000000,0.000000,0.000000,0.000000,0.000000,0.000000,0.000000
0.000000,0.000000,0.000000,0.000000,0.000000,0.000000,0.000000,0.000000,0.000000,0.000000,0.000000,0.000000,0.000000,0.000000,0.000000,1000.000711,1000.000989,1000.001241,1000.001477,1000.001691,1000.001864,1000.001984,1000.002044,1000.002039,1000.001976,1000.001872,1000.001741,1000.001598,1000.001460,1000.001336,1000.001228,1000.001128,1000.001031,1000.000935,1000.000836,1000.000736,1000.000643,1000.000556,1000.000475,1000.000405,1000.000347,1000.000298,1000.000255,1000.000216,1000.000182,1000.000152,1000.000126,1000.000105,1000.000092,1000.000085,1000.000082,1000.000080,1000.000082,1000.000092,1000.000111,1000.000136,1000.000168,1000.000206,1000.000248,1000.000295,1000.000344,1000.000395,1000.000447,1000.000499,1000.000552,1000.000611,1000.000678,1000.000758,1000.000851,1000.000951,1000.001053,1000.001156,1000.001266,1000.001386,1000.001515,1000.001650,1000.001783,1000.001906,1000.002012,1000.002090,1000.002119,1000.002086,1000.001991,1000.001842,1000.001652,1000.001432,1000.001171,1000.000865,0.000000,0.000000,0.000000,0.000000,0.000000,0.000000,0.000000,0.000000,0.000000,0.000000,0.000000,0.000000,0.000000,0.000000,0.000000
0.000000,0.000000,0.000000,0.000000,0.000000,0.000000,0.000000,0.000000,0.000000,0.000000,0.000000,0.000000,0.000000,0.000000,1000.000734,1000.000985,1000.001235,1000.001476,1000.001700,1000.001877,1000.001989,1000.002034,1000.002019,1000.001953,1000.001848,1000.001716,1000.001568,1000.001420,1000.001282,1000.001161,1000.001054,1000.000954,1000.000857,1000.000759,1000.000658,1000.000559,1000.000466,1000.000379,1000.000300,1000.000233,1000.000177,1000.000128,1000.000084,1000.000045,1000.000011,999.999982,999.999956,999.999936,999.999924,999.999917,999.999912,999.999910,999.999913,999.999924,999.999942,999.999965,999.999993,1000.000027,1000.000067,1000.000112,1000.000161,1000.000213,1000.000266,1000.000319,1000.000371,1000.000427,1000.000491,1000.000567,1000.000658,1000.000758,1000.000863,1000.000971,1000.001083,1000.001203,1000.001332,1000.001464,1000.001597,1000.001729,1000.001858,1000.001976,1000.002066,1000.002108,1000.002088,1000.002001,1000.001858,1000.001669,1000.001445,1000.001186,1000.000894,0.000000,0.000000,0.000000,0.000000,0.000000,0.000000,0.000000,0.000000,0.000000,0.000000,0.000000,0.000000,0.000000,0.000000
0.000000,0.000000,0.000000,0.000000,0.000000,0.000000,0.000000,0.000000,0.000000,0.000000,0.000000,0.000000,0.000000,1000.000686,1000.000952,1000.001204,1000.001449,1000.001682,1000.001870,1000.001988,1000.002028,1000.002000,1000.001926,1000.001819,1000.001688,1000.001541,1000.001387,1000.001238,1000.001102,1000.000984,1000.000878,1000.000778,1000.000680,1000.000583,1000.000483,1000.000385,1000.000293,1000.000209,1000.000135,1000.000072,1000.000018,999.999969,999.999922,999.999881,999.999846,999.999815,999.999790,999.999772,999.999761,999.999753,999.999746,999.999743,999.999748,999.999760,999.999776,999.999798,999.999824,999.999856,999.999894,999.999937,999.999985,1000.000036,1000.000089,1000.000144,1000.000199,1000.000257,1000.000321,1000.000396,1000.000484,1000.000582,1000.000689,1000.000801,1000.000915,1000.001032,1000.001155,1000.001282,1000.001409,1000.001538,1000.001674,1000.001814,1000.001946,1000.002052,1000.002108,1000.002096,1000.002014,1000.001871,1000.001674,1000.001441,1000.001175,1000.000864,0.000000,0.000000,0.000000,0.000000,0.000000,0.000000,0.000000,0.000000,0.000000,0.000000,0.000000,0.000000,0.000000
0.000000,0.000000,0.000000,0.000000,0.000000,0.000000,0.000000,0.000000,0.000000,0.000000,0.000000,0.000000,1000.000545,1000.000874,1000.001150,1000.001404,1000.001645,1000.001847,1000.001978,1000.002023,1000.001989,1000.001904,1000.001790,1000.001657,1000.001513,1000.001358,1000.001203,1000.001057,1000.000926,1000.000810,1000.000704,1000.000602,1000.000505,1000.000409,1000.000310,1000.000216,1000.000129,1000.000050,999.999981,999.999922,999.999870,999.999820,999.999772,999.999728,999.999690,999.999658,999.999632,999.999614,999.999601,999.999590,999.999581,999.999578,999.999583,999.999594,999.999611,999.999633,999.999661,999.999694,999.999733,999.999775,999.999821,999.999870,999.999923,999.999978,1000.000037,1000.000100,1000.000168,1000.000243,1000.000327,1000.000421,1000.000524,1000.000635,1000.000750,1000.000866,1000.000985,1000.001107,1000.001232,1000.001359,1000.001494,1000.001640,1000.001793,1000.001940,1000.002054,1000.002115,1000.002105,1000.002020,1000.001865,1000.001651,1000.001400,1000.001118,1000.000784,0.000000,0.000000,0.000000,0.000000,0.000000,0.000000,0.000000,0.000000,0.000000,0.000000,0.000000,0.000000
0.000000,0.000000,0.000000,0.000000,0.000000,0.000000,0.000000,0.000000,0.000000,0.000000,0.000000,1000.000384,1000.000767,1000.001076,1000.001349,1000.001601,1000.001817,1000.001963,1000.002018,1000.001987,1000.001894,1000.001769,1000.001630,1000.001486,1000.001335,1000.001179,1000.001027,1000.000887,1000.000762,1000.000648,1000.000539,1000.000435,1000.000335,1000.000236,1000.000139,1000.000050,999.999970,999.999900,999.999837,999.999781,999.999729,999.999678,999.999630,999.999585,999.999543,999.999508,999.999479,999.999457,999.999440,999.999425,999.999415,999.999413,999.999418,999.999429,999.999447,999.999470,999.999500,999.999537,999.999577,999.999619,999.999665,999.999715,999.999767,999.999824,999.999885,999.999950,1000.000021,1000.000097,1000.000179,1000.000269,1000.000367,1000.000474,1000.000588,1000.000705,1000.000825,1000.000949,1000.001074,1000.001201,1000.001334,1000.001477,1000.001632,1000.001793,1000.001944,1000.002061,1000.002123,1000.002109,1000.002010,1000.001833,1000.001593,1000.001324,1000.001030,1000.000700,0.000000,0.000000,0.000000,0.000000,0.000000,0.000000,0.000000,0.000000,0.000000,0.000000,0.000000
0.000000,0.000000,0.000000,0.000000,0.000000,0.000000,0.000000,0.000000,0.000000,0.000000,0.000000,1000.000641,1000.000989,1000.001291,1000.001560,1000.001786,1000.001948,1000.002018,1000.001992,1000.001897,1000.001764,1000.001615,1000.001466,1000.001317,1000.001166,1000.001014,1000.000867,1000.000732,1000.000611,1000.000498,1000.000386,1000.000277,1000.000171,1000.000069,999.999974,999.999890,999.999819,999.999755,999.999696,999.999641,999.999589,999.999539,999.999490,999.999443,999.999398,999.999357,999.999324,999.999296,999.999274,999.999258,999.999250,999.999251,999.999259,999.999272,999.999289,999.999312,999.999342,999.999378,999.999419,999.999463,999.999511,999.999562,999.999618,999.999676,999.999737,999.999802,999.999873,999.999949,1000.000031,1000.000119,1000.000215,1000.000321,1000.000434,1000.000553,1000.000676,1000.000802,1000.000931,1000.001060,1000.001190,1000.001327,1000.001476,1000.001635,1000.001799,1000.001953,1000.002073,1000.002132,1000.002104,1000.001981,1000.001775,1000.001514,1000.001231,1000.000925,0.000000,0.000000,0.000000,0.000000,0.000000,0.000000,0.000000,0.000000,0.000000,0.000000,0.000000
0.000000,0.000000,0.000000,0.000000,0.000000,0.000000,0.000000,0.000000,0.000000,0.000000,1000.000510,1000.000903,1000.001226,1000.001517,1000.001757,1000.001931,1000.002018,1000.002007,1000.001914,1000.001774,1000.001617,1000.001460,1000.001307,1000.001158,1000.001010,1000.000862,1000.000718,1000.000587,1000.000469,1000.000354,1000.000239,1000.000124,1000.000015,999.999913,999.999821,999.999741,999.999674,999.999613,999.999555,999.999500,999.999448,999.999397,999.999346,999.999297,999.999248,999.999203,999.999165,999.999135,999.999111,999.999096,999.999092,999.999098,999.999110,999.999126,999.999142,999.999162,999.999188,999.999221,999.999261,999.999305,999.999354,999.999408,999.999467,999.999528,999.999590,999.999655,999.999724,999.999799,999.999882,999.999971,1000.000067,1000.000171,1000.000286,1000.000409,1000.000534,1000.000661,1000.000792,1000.000924,1000.001054,1000.001188,1000.001330,1000.001483,1000.001647,1000.001816,1000.001975,1000.002093,1000.002139,1000.002086,1000.001932,1000.001707,1000.001433,1000.001119,1000.000721,0.000000,0.000000,0.000000,0.000000,0.000000,0.000000,0.000000,0.000000,0.000000,0.000000
0.000000,0.000000,0.000000,0.000000,0.000000,0.000000,0.000000,0.000000,0.000000,1000.000426,1000.000815,1000.001152,1000.001459,1000.001724,1000.001914,1000.002014,1000.002019,1000.001937,1000.001796,1000.001634,1000.001470,1000.001311,1000.001158,1000.001011,1000.000865,1000.000716,1000.000572,1000.000442,1000.000323,1000.000206,1000.000087,999.999971,999.999863,999.999765,999.999677,999.999601,999.999532,999.999469,999.999410,999.999353,999.999299,999.999247,999.999195,999.999144,999.999095,999.999050,999.999011,999.998980,999.998957,999.998945,999.998943,999.998951,999.998964,999.998980,999.998996,999.999014,999.999036,999.999066,999.999103,999.999146,999.999197,999.999253,999.999313,999.999376,999.999441,999.999507,999.999578,999.999654,999.999736,999.999824,999.999921,1000.000026,1000.000142,1000.000267,1000.000395,1000.000523,1000.000654,1000.000788,1000.000921,1000.001054,1000.001193,1000.001343,1000.001504,1000.001675,1000.001851,1000.002009,1000.002115,1000.002134,1000.002048,1000.001871,1000.001626,1000.001328,1000.000987,1000.000563,0.000000,0.000000,0.000000,0.000000,0.000000,0.000000,0.000000,0.000000,0.000000
0.000000,0.000000,0.000000,0.000000,0.000000,0.000000,0.000000,0.000000,0.000000,1000.000710,1000.001066,1000.001384,1000.001671,1000.001887,1000.002007,1000.002024,1000.001954,1000.001821,1000.001658,1000.001491,1000.001328,1000.001170,1000.001018,1000.000871,1000.000723,1000.000570,1000.000424,1000.000292,1000.000170,1000.000049,999.999929,999.999815,999.999712,999.999621,999.999538,999.999461,999.999389,999.999323,999.999259,999.999199,999.999143,999.999089,999.999036,999.998987,999.998942,999.998901,999.998866,999.998836,999.998816,999.998804,999.998802,999.998807,999.998817,999.998829,999.998845,999.998862,999.998885,999.998913,999.998949,999.998992,999.999042,999.999097,999.999158,999.999223,999.999292,999.999364,999.999438,999.999515,999.999597,999.999685,999.999780,999.999885,1000.000001,1000.000128,1000.000258,1000.000386,1000.000516,1000.000650,1000.000784,1000.000920,1000.001061,1000.001209,1000.001368,1000.001538,1000.001716,1000.001893,1000.002041,1000.002121,1000.002106,1000.001994,1000.001796,1000.001520,1000.001196,1000.000834,0.000000,0.000000,0.000000,0.000000,0.000000,0.000000,0.000000,0.000000,0.000000
0.000000,0.000000,0.000000,0.000000,0.000000,0.000000,0.000000,0.000000,1000.000649,1000.000979,1000.001290,1000.001588,1000.001835,1000.001988,1000.002027,1000.001966,1000.001842,1000.001684,1000.001517,1000.001355,1000.001196,1000.001038,1000.000884,1000.000732,1000.000578,1000.000422,1000.000274,1000.000142,1000.000018,999.999895,999.999776,999.999666,999.999568,999.999480,999.999397,999.999318,999.999244,999.999174,999.999107,999.999044,999.998985,999.998929,999.998878,999.998833,999.998793,999.998757,999.998726,999.998701,999.998682,999.998671,999.998666,999.998666,999.998670,999.998679,999.998692,999.998711,999.998736,999.998766,999.998803,999.998846,999.998895,999.998949,999.999008,999.999074,999.999147,999.999224,999.999302,999.999381,999.999464,999.999552,999.999647,999.999750,999.999866,999.999992,1000.000120,1000.000247,1000.000376,1000.000510,1000.000648,1000.000788,1000.000932,1000.001080,1000.001236,1000.001403,1000.001580,1000.001761,1000.001930,1000.002054,1000.002104,1000.002062,1000.001920,1000.001688,1000.001384,1000.001035,1000.000614,0.000000,0.000000,0.000000,0.000000,0.000000,0.000000,0.000000,0.000000
0.000000,0.000000,0.000000,0.000000,0.000000,0.000000,0.000000,0.000000,1000.000865,1000.001181,1000.001479,1000.001751,1000.001945,1000.002023,1000.001984,1000.001866,1000.001713,1000.001547,1000.001384,1000.001227,1000.001070,1000.000909,1000.000749,1000.000592,1000.000434,1000.000277,1000.000131,1000.000000,999.999877,999.999755,999.999638,999.999531,999.999435,999.999346,999.999261,999.999180,999.999103,999.999031,999.998962,999.998895,999.998833,999.998777,999.998728,999.998686,999.998650,999.998618,999.998592,999.998571,999.998554,999.998543,999.998535,999.998531,999.998531,999.998537,999.998550,999.998569,999.998594,999.998626,999.998664,999.998709,999.998758,999.998811,999.998869,999.998934,999.999007,999.999086,999.999166,999.999250,999.999337,999.999427,999.999522,999.999624,999.999738,999.999860,999.999985,1000.000110,1000.000239,1000.000374,1000.000515,1000.000660,1000.000807,1000.000958,1000.001111,1000.001271,1000.001444,1000.001626,1000.001804,1000.001957,1000.002058,1000.002082,1000.002003,1000.001816,1000.001540,1000.001205,1000.000847,0.000000,0.000000,0.000000,0.000000,0.000000,0.000000,0.000000,0.000000
0.000000,0.000000,0.000000,0.000000,0.000000,0.000000,0.000000,1000.000736,1000.001063,1000.001354,1000.001634,1000.001866,1000.001999,1000.002004,1000.001904,1000.001751,1000.001583,1000.001420,1000.001262,1000.001105,1000.000944,1000.000779,1000.000614,1000.000454,1000.000294,1000.000139,999.999998,999.999871,999.999750,999.999630,999.999516,999.999411,999.999315,999.999224,999.999137,999.999055,999.998978,999.998904,999.998831,999.998761,999.998698,999.998642,999.998594,999.998552,999.998517,999.998488,999.998465,999.998447,999.998432,999.998419,999.998409,999.998402,999.998400,999.998405,999.998418,999.998437,999.998461,999.998493,999.998533,999.998580,999.998632,999.998686,999.998743,999.998805,999.998875,999.998953,999.999036,999.999123,999.999215,999.999308,999.999403,999.999504,999.999616,999.999734,999.999854,999.999978,1000.000107,1000.000244,1000.000387,1000.000537,1000.000690,1000.000842,1000.000994,1000.001150,1000.001318,1000.001498,1000.001682,1000.001851,1000.001990,1000.002069,1000.002051,1000.001917,1000.001681,1000.001364,1000.001003,1000.000569,0.000000,0.000000,0.000000,0.000000,0.000000,0.000000,0.000000
0.000000,0.000000,0.000000,0.000000,0.000000,0.000000,0.000000,1000.000906,1000.001204,1000.001492,1000.001752,1000.001936,1000.002005,1000.001951,1000.001810,1000.001637,1000.001467,1000.001305,1000.001146,1000.000986,1000.000820,1000.000650,1000.000484,1000.000322,1000.000163,1000.000012,999.999875,999.999753,999.999635,999.999518,999.999407,999.999303,999.999207,999.999115,999.999027,999.998944,999.998866,999.998791,999.998716,999.998645,999.998582,999.998526,999.998477,999.998434,999.998398,999.998369,999.998348,999.998331,999.998315,999.998301,999.998288,999.998279,999.998276,999.998281,999.998294,999.998313,999.998337,999.998368,999.998409,999.998459,999.998515,999.998572,999.998629,999.998688,999.998755,999.998831,999.998914,999.999003,999.999097,999.999194,999.999289,999.999388,999.999498,999.999614,999.999731,999.999852,999.999983,1000.000121,1000.000266,1000.000418,1000.000578,1000.000735,1000.000887,1000.001042,1000.001206,1000.001383,1000.001568,1000.001748,1000.001911,1000.002033,1000.002073,1000.001997,1000.001802,1000.001511,1000.001156,1000.000777,0.000000,0.000000,0.000000,0.000000,0.000000,0.000000,0.000000
0.000000,0.000000,0.000000,0.000000,0.000000,0.000000,1000.000698,1000.001033,1000.001330,1000.001613,1000.001841,1000.001972,1000.001982,1000.001881,1000.001715,1000.001537,1000.001367,1000.001203,1000.001039,1000.000873,1000.000701,1000.000529,1000.000361,1000.000199,1000.000043,999.999895,999.999762,999.999643,999.999529,999.999415,999.999306,999.999203,999.999106,999.999013,999.998923,999.998839,999.998759,999.998682,999.998609,999.998540,999.998478,999.998422,999.998372,999.998327,999.998289,999.998260,999.998238,999.998219,999.998201,999.998185,999.998172,999.998162,999.998160,999.998166,999.998179,999.998198,999.998223,999.998255,999.998296,999.998347,999.998404,999.998465,999.998524,999.998582,999.998647,999.998719,999.998800,999.998890,999.998986,999.999083,999.999179,999.999278,999.999385,999.999498,999.999613,999.999733,999.999864,1000.000005,1000.000150,1000.000304,1000.000466,1000.000630,1000.000786,1000.000942,1000.001106,1000.001280,1000.001463,1000.001649,1000.001826,1000.001978,1000.002069,1000.002051,1000.001906,1000.001653,1000.001319,1000.000940,1000.000480,0.000000,0.000000,0.000000,0.000000,0.000000,0.000000
0.000000,0.000000,0.000000,0.000000,0.000000,0.000000,1000.000858,1000.001149,1000.001451,1000.001720,1000.001910,1000.001988,1000.001942,1000.001807,1000.001631,1000.001451,1000.001278,1000.001108,1000.000939,1000.000766,1000.000590,1000.000416,1000.000250,1000.000089,999.999935,999.999790,999.999659,999.999542,999.999429,999.999318,999.999209,999.999106,999.999008,999.998913,999.998822,999.998735,999.998655,999.998579,999.998507,999.998440,999.998379,999.998323,999.998271,999.998225,999.998186,999.998155,999.998130,999.998107,999.998087,999.998070,999.998057,999.998051,999.998051,999.998059,999.998073,999.998093,999.998118,999.998150,999.998189,999.998237,999.998295,999.998358,999.998421,999.998482,999.998545,999.998615,999.998693,999.998781,999.998877,999.998976,999.999073,999.999172,999.999279,999.999389,999.999500,999.999620,999.999753,999.999894,1000.000040,1000.000194,1000.000357,1000.000524,1000.000686,1000.000845,1000.001011,1000.001184,1000.001366,1000.001553,1000.001739,1000.001911,1000.002041,1000.002080,1000.001991,1000.001779,1000.001477,1000.001113,1000.000708,0.000000,0.000000,0.000000,0.000000,0.000000,0.000000
0.000000,0.000000,0.000000,0.000000,0.000000,1000.000659,1000.000970,1000.001275,1000.001574,1000.001814,1000.001957,1000.001978,1000.001889,1000.001732,1000.001551,1000.001368,1000.001190,1000.001013,1000.000838,1000.000661,1000.000484,1000.000312,1000.000147,999.999988,999.999835,999.999694,999.999566,999.999449,999.999337,999.999226,999.999118,999.999013,999.998912,999.998815,999.998722,999.998636,999.998556,999.998482,999.998410,999.998344,999.998283,999.998226,999.998174,999.998127,999.998087,999.998054,999.998024,999.997998,999.997977,999.997960,999.997948,999.997944,999.997946,999.997956,999.997971,999.997991,999.998017,999.998048,999.998085,999.998130,999.998185,999.998248,999.998315,999.998380,999.998444,999.998512,999.998587,999.998673,999.998769,999.998868,999.998968,999.999070,999.999176,999.999285,999.999396,999.999513,999.999646,999.999790,999.999937,1000.000088,1000.000250,1000.000418,1000.000582,1000.000746,1000.000915,1000.001091,1000.001273,1000.001461,1000.001651,1000.001835,1000.001993,1000.002080,1000.002049,1000.001887,1000.001621,1000.001287,1000.000925,1000.000517,0.000000,0.000000,0.000000,0.000000,0.000000
0.000000,0.000000,0.000000,0.000000,0.000000,1000.000754,1000.001076,1000.001400,1000.001686,1000.001888,1000.001973,1000.001939,1000.001819,1000.001651,1000.001467,1000.001282,1000.001097,1000.000915,1000.000737,1000.000559,1000.000383,1000.000213,1000.000049,999.999890,999.999738,999.999600,999.999476,999.999361,999.999250,999.999141,999.999032,999.998925,999.998821,999.998722,999.998628,999.998542,999.998463,999.998388,999.998317,999.998250,999.998187,999.998131,999.998079,999.998034,999.997993,999.997957,999.997924,999.997897,999.997874,999.997857,999.997846,999.997842,999.997845,999.997855,999.997871,999.997892,999.997919,999.997950,999.997985,999.998028,999.998079,999.998140,999.998206,999.998274,999.998341,999.998408,999.998483,999.998567,999.998662,999.998760,999.998861,999.998966,999.999076,999.999186,999.999298,999.999416,999.999547,999.999690,999.999837,999.999987,1000.000147,1000.000314,1000.000479,1000.000645,1000.000817,1000.000996,1000.001182,1000.001372,1000.001563,1000.001752,1000.001926,1000.002049,1000.002073,1000.001968,1000.001746,1000.001443,1000.001101,1000.000729,0.000000,0.000000,0.000000,0.000000,0.000000
0.000000,0.000000,0.000000,0.000000,1000.000375,1000.000830,1000.001196,1000.001522,1000.001782,1000.001934,1000.001958,1000.001879,1000.001737,1000.001566,1000.001383,1000.001193,1000.001005,1000.000822,1000.000642,1000.000464,1000.000289,1000.000120,999.999954,999.999792,999.999641,999.999508,999.999390,999.999279,999.999170,999.999061,999.998951,999.998841,999.998735,999.998634,999.998539,999.998452,999.998371,999.998296,999.998224,999.998157,999.998095,999.998038,999.997988,999.997943,999.997903,999.997866,999.997832,999.997803,999.997780,999.997763,999.997752,999.997748,999.997751,999.997759,999.997774,999.997796,999.997823,999.997854,999.997890,999.997932,999.997981,999.998038,999.998102,999.998170,999.998237,999.998306,999.998381,999.998465,999.998559,999.998657,999.998758,999.998864,999.998976,999.999090,999.999204,999.999323,999.999452,999.999593,999.999740,999.999890,1000.000048,1000.000214,1000.000380,1000.000546,1000.000718,1000.000899,1000.001089,1000.001284,1000.001478,1000.001668,1000.001848,1000.001994,1000.002064,1000.002016,1000.001841,1000.001576,1000.001259,1000.000920,1000.000548,0.000000,0.000000,0.000000,0.000000
0.000000,0.000000,0.000000,0.000000,1000.000523,1000.000944,1000.001312,1000.001626,1000.001855,1000.001954,1000.001924,1000.001809,1000.001654,1000.001483,1000.001300,1000.001111,1000.000923,1000.000739,1000.000558,1000.000379,1000.000204,1000.000033,999.999864,999.999699,999.999550,999.999422,999.999309,999.999201,999.999093,999.998983,999.998870,999.998759,999.998652,999.998550,999.998455,999.998366,999.998284,999.998207,999.998135,999.998069,999.998008,999.997952,999.997902,999.997857,999.997816,999.997777,999.997743,999.997714,999.997692,999.997676,999.997667,999.997663,999.997665,999.997672,999.997685,999.997705,999.997732,999.997763,999.997799,999.997841,999.997890,999.997945,999.998007,999.998073,999.998141,999.998210,999.998285,999.998369,999.998462,999.998560,999.998661,999.998767,999.998880,999.998995,999.999114,999.999233,999.999360,999.999498,999.999645,999.999795,999.999952,1000.000119,1000.000286,1000.000453,1000.000624,1000.000803,1000.000994,1000.001195,1000.001396,1000.001587,1000.001769,1000.001927,1000.002030,1000.002034,1000.001912,1000.001684,1000.001390,1000.001062,1000.000691,0.000000,0.000000,0.000000,0.000000
0.000000,0.000000,0.000000,0.000000,1000.000634,1000.001050,1000.001419,1000.001712,1000.001901,1000.001954,1000.001882,1000.001740,1000.001576,1000.001404,1000.001224,1000.001039,1000.000851,1000.000667,1000.000485,1000.000303,1000.000125,999.999951,999.999778,999.999615,999.999470,999.999345,999.999235,999.999128,999.999019,999.998906,999.998790,999.998678,999.998570,999.998468,999.998372,999.998283,999.998201,999.998124,999.998052,999.997987,999.997927,999.997872,999.997821,999.997774,999.997730,999.997691,999.997657,999.997631,999.997610,999.997597,999.997589,999.997586,999.997588,999.997594,999.997605,999.997624,999.997649,999.997679,999.997714,999.997756,999.997804,999.997859,999.997920,999.997986,999.998054,999.998124,999.998198,999.998282,999.998374,999.998471,999.998572,999.998679,999.998792,999.998908,999.999028,999.999150,999.999275,999.999409,999.999553,999.999704,999.999861,1000.000027,1000.000198,1000.000368,1000.000538,1000.000715,1000.000905,1000.001108,1000.001314,1000.001511,1000.001696,1000.001860,1000.001985,1000.002032,1000.001962,1000.001773,1000.001501,1000.001177,1000.000817,0.000000,0.000000,0.000000,0.000000
0.000000,0.000000,0.000000,1000.000309,1000.000743,1000.001155,1000.001511,1000.001777,1000.001928,1000.001939,1000.001835,1000.001676,1000.001505,1000.001332,1000.001156,1000.000975,1000.000790,1000.000604,1000.000418,1000.000231,1000.000049,999.999871,999.999700,999.999542,999.999401,999.999277,999.999164,999.999055,999.998944,999.998829,999.998712,999.998598,999.998489,999.998386,999.998290,999.998203,999.998121,999.998044,999.997972,999.997907,999.997847,999.997792,999.997740,999.997692,999.997648,999.997610,999.997579,999.997554,999.997537,999.997525,999.997518,999.997515,999.997516,999.997522,999.997532,999.997550,999.997574,999.997604,999.997638,999.997679,999.997726,999.997780,999.997841,999.997907,999.997976,999.998048,999.998123,999.998205,999.998295,999.998390,999.998492,999.998600,999.998714,999.998830,999.998951,999.999074,999.999199,999.999331,999.999471,999.999619,999.999775,999.999941,1000.000115,1000.000290,1000.000462,1000.000637,1000.000826,1000.001028,1000.001235,1000.001437,1000.001626,1000.001797,1000.001939,1000.002019,1000.001994,1000.001844,1000.001593,1000.001277,1000.000932,1000.000563,0.000000,0.000000,0.000000
0.000000,0.000000,0.000000,1000.000434,1000.000848,1000.001250,1000.001590,1000.001833,1000.001944,1000.001914,1000.001787,1000.001619,1000.001442,1000.001268,1000.001095,1000.000919,1000.000735,1000.000545,1000.000352,1000.000160,999.999974,999.999796,999.999630,999.999478,999.999340,999.999213,999.999094,999.998981,999.998870,999.998755,999.998637,999.998520,999.998410,999.998307,999.998214,999.998128,999.998047,999.997969,999.997895,999.997829,999.997769,999.997714,999.997663,999.997615,999.997573,999.997538,999.997510,999.997488,999.997471,999.997459,999.997451,999.997447,999.997448,999.997454,999.997464,999.997481,999.997504,999.997534,999.997569,999.997609,999.997655,999.997708,999.997767,999.997834,999.997905,999.997978,999.998056,999.998137,999.998224,999.998318,999.998420,999.998531,999.998645,999.998761,999.998881,999.999005,999.999131,999.999261,999.999397,999.999541,999.999694,999.999860,1000.000035,1000.000212,1000.000388,1000.000566,1000.000756,1000.000958,1000.001164,1000.001366,1000.001560,1000.001737,1000.001892,1000.001999,1000.002012,1000.001895,1000.001665,1000.001360,1000.001024,1000.000702,0.000000,0.000000,0.000000
0.000000,0.000000,0.000000,1000.000527,1000.000950,1000.001341,1000.001666,1000.001881,1000.001950,1000.001883,1000.001738,1000.001564,1000.001387,1000.001212,1000.001040,1000.000865,1000.000680,1000.000486,1000.000288,1000.000093,999.999905,999.999729,999.999567,999.999419,999.999281,999.999149,999.999024,999.998909,999.998798,999.998684,999.998566,999.998449,999.998338,999.998237,999.998145,999.998061,999.997979,999.997899,999.997824,999.997758,999.997698,999.997644,999.997594,999.997548,999.997508,999.997475,999.997448,999.997427,999.997409,999.997396,999.997387,999.997382,999.997383,999.997389,999.997398,999.997413,999.997435,999.997464,999.997501,999.997543,999.997590,999.997642,999.997701,999.997767,999.997838,999.997913,999.997991,999.998074,999.998160,999.998252,999.998354,999.998467,999.998583,999.998699,999.998819,999.998944,999.999071,999.999198,999.999331,999.999471,999.999622,999.999786,999.999960,1000.000137,1000.000314,1000.000498,1000.000691,1000.000894,1000.001100,1000.001303,1000.001500,1000.001684,1000.001848,1000.001976,1000.002017,1000.001931,1000.001722,1000.001431,1000.001106,1000.000792,0.000000,0.000000,0.000000
0.000000,0.000000,0.000000,1000.000615,1000.001045,1000.001425,1000.001732,1000.001917,1000.001947,1000.001849,1000.001689,1000.001513,1000.001337,1000.001161,1000.000986,1000.000809,1000.000623,1000.000427,1000.000228,1000.000033,999.999846,999.999671,999.999510,999.999363,999.999224,999.999088,999.998959,999.998842,999.998732,999.998619,999.998502,999.998385,999.998275,999.998176,999.998085,999.998000,999.997916,999.997836,999.997762,999.997696,999.997638,999.997585,999.997536,999.997491,999.997450,999.997417,999.997390,999.997368,999.997349,999.997334,999.997324,999.997320,999.997321,999.997326,999.997335,999.997348,999.997368,999.997396,999.997433,999.997477,999.997527,999.997581,999.997641,999.997706,999.997777,999.997851,999.997930,999.998012,999.998098,999.998190,999.998292,999.998404,999.998522,999.998640,999.998762,999.998889,999.999016,999.999142,999.999271,999.999410,999.999559,999.999721,999.999891,1000.000065,1000.000244,1000.000432,1000.000628,1000.000832,1000.001041,1000.001247,1000.001446,1000.001636,1000.001811,1000.001950,1000.002013,1000.001957,1000.001773,1000.001498,1000.001178,1000.000833,0.000000,0.000000,0.000000
0.000000,0.000000,0.000000,1000.000703,1000.001123,1000.001496,1000.001784,1000.001938,1000.001934,1000.001813,1000.001644,1000.001466,1000.001290,1000.001113,1000.000934,1000.000753,1000.000568,1000.000373,1000.000176,999.999983,999.999796,999.999619,999.999458,999.999312,999.999171,999.999033,999.998902,999.998783,999.998673,999.998561,999.998444,999.998329,999.998221,999.998123,999.998032,999.997944,999.997860,999.997779,999.997706,999.997642,999.997585,999.997533,999.997485,999.997440,999.997398,999.997363,999.997334,999.997311,999.997291,999.997276,999.997266,999.997261,999.997262,999.997266,999.997275,999.997289,999.997307,999.997333,999.997369,999.997414,999.997465,999.997522,999.997584,999.997651,999.997721,999.997794,999.997872,999.997954,999.998040,999.998131,999.998232,999.998344,999.998461,999.998582,999.998709,999.998838,999.998965,999.999091,999.999219,999.999357,999.999505,999.999664,999.999829,999.999999,1000.000180,1000.000370,1000.000568,1000.000772,1000.000981,1000.001191,1000.001395,1000.001590,1000.001772,1000.001920,1000.002001,1000.001974,1000.001822,1000.001562,1000.001228,1000.000848,0.000000,0.000000,0.000000
0.000000,0.000000,1000.000355,1000.000785,1000.001192,1000.001554,1000.001822,1000.001947,1000.001915,1000.001780,1000.001606,1000.001426,1000.001247,1000.001067,1000.000884,1000.000701,1000.000515,1000.000323,1000.000129,999.999938,999.999751,999.999574,999.999413,999.999267,999.999125,999.998984,999.998851,999.998731,999.998620,999.998506,999.998391,999.998279,999.998175,999.998078,999.997985,999.997896,999.997810,999.997730,999.997658,999.997594,999.997537,999.997486,999.997438,999.997392,999.997349,999.997313,999.997283,999.997258,999.997237,999.997221,999.997212,999.997207,999.997208,999.997213,999.997222,999.997236,999.997253,999.997278,999.997313,999.997356,999.997408,999.997467,999.997530,999.997599,999.997671,999.997744,999.997820,999.997902,999.997989,999.998079,999.998179,999.998288,999.998405,999.998527,999.998656,999.998789,999.998918,999.999043,999.999173,999.999311,999.999460,999.999615,999.999775,999.999942,1000.000122,1000.000315,1000.000514,1000.000716,1000.000923,1000.001133,1000.001341,1000.001541,1000.001727,1000.001884,1000.001981,1000.001983,1000.001863,1000.001623,1000.001287,1000.000870,1000.000351,0.000000,0.000000
0.000000,0.000000,1000.000438,1000.000849,1000.001245,1000.001595,1000.001846,1000.001947,1000.001897,1000.001754,1000.001577,1000.001393,1000.001208,1000.001022,1000.000835,1000.000651,1000.000466,1000.000276,1000.000084,999.999895,999.999709,999.999534,999.999374,999.999227,999.999083,999.998939,999.998805,999.998684,999.998570,999.998456,999.998343,999.998236,999.998135,999.998039,999.997944,999.997853,999.997766,999.997686,999.997614,999.997551,999.997495,999.997444,999.997395,999.997349,999.997305,999.997268,999.997237,999.997212,999.997190,999.997174,999.997164,999.997161,999.997161,999.997166,999.997175,999.997189,999.997207,999.997232,999.997265,999.997307,999.997358,999.997416,999.997481,999.997551,999.997624,999.997698,999.997775,999.997858,999.997944,999.998035,999.998132,999.998240,999.998356,999.998479,999.998607,999.998739,999.998871,999.998999,999.999132,999.999272,999.999419,999.999572,999.999729,999.999894,1000.000074,1000.000267,1000.000466,1000.000666,1000.000871,1000.001078,1000.001286,1000.001490,1000.001680,1000.001844,1000.001958,1000.001986,1000.001891,1000.001666,1000.001338,1000.000927,1000.000473,0.000000,0.000000
0.000000,0.000000,1000.000487,1000.000896,1000.001281,1000.001618,1000.001858,1000.001948,1000.001887,1000.001737,1000.001556,1000.001365,1000.001172,1000.000979,1000.000788,1000.000604,1000.000421,1000.000233,1000.000043,999.999856,999.999672,999.999498,999.999339,999.999191,999.999044,999.998899,999.998763,999.998640,999.998524,999.998411,999.998301,999.998198,999.998099,999.998002,999.997907,999.997814,999.997726,999.997646,999.997575,999.997513,999.997457,999.997405,999.997356,999.997309,999.997265,999.997228,999.997197,999.997171,999.997150,999.997134,999.997125,999.997122,999.997123,999.997128,999.997137,999.997150,999.997168,999.997192,999.997225,999.997266,999.997316,999.997373,999.997437,999.997507,999.997580,999.997654,999.997733,999.997818,999.997906,999.997997,999.998094,999.998200,999.998315,999.998437,999.998564,999.998694,999.998826,999.998959,999.999097,999.999239,999.999385,999.999535,999.999691,999.999857,1000.000036,1000.000229,1000.000425,1000.000622,1000.000822,1000.001028,1000.001237,1000.001442,1000.001637,1000.001810,1000.001939,1000.001986,1000.001907,1000.001692,1000.001369,1000.000967,1000.000524,0.000000,0.000000
0.000000,0.000000,1000.000526,1000.000925,1000.001300,1000.001627,1000.001863,1000.001951,1000.001885,1000.001729,1000.001540,1000.001340,1000.001137,1000.000939,1000.000748,1000.000565,1000.000383,1000.000197,1000.000011,999.999826,999.999641,999.999466,999.999306,999.999157,999.999010,999.998864,999.998727,999.998602,999.998486,999.998374,999.998266,999.998163,999.998064,999.997967,999.997872,999.997780,999.997692,999.997612,999.997541,999.997480,999.997424,999.997371,999.997321,999.997273,999.997231,999.997194,999.997164,999.997138,999.997117,999.997102,999.997093,999.997089,999.997090,999.997096,999.997105,999.997118,999.997136,999.997160,999.997191,999.997231,999.997281,999.997338,999.997401,999.997468,999.997539,999.997614,999.997694,999.997781,999.997872,999.997964,999.998061,999.998167,999.998282,999.998403,999.998527,999.998654,999.998787,999.998926,999.999067,999.999211,999.999357,999.999505,999.999661,999.999829,1000.000009,1000.000198,1000.000390,1000.000581,1000.000777,1000.000983,1000.001194,1000.001402,1000.001603,1000.001787,1000.001931,1000.001990,1000.001918,1000.001705,1000.001380,1000.000977,1000.000523,0.000000,0.000000
0.000000,0.000000,1000.000549,1000.000943,1000.001311,1000.001632,1000.001865,1000.001952,1000.001886,1000.001725,1000.001528,1000.001319,1000.001109,1000.000906,1000.000716,1000.000535,1000.000354,1000.000171,999.999988,999.999802,999.999615,999.999435,999.999273,999.999124,999.998978,999.998834,999.998697,999.998572,999.998456,999.998344,999.998235,999.998132,999.998033,999.997936,999.997842,999.997751,999.997664,999.997584,999.997513,999.997451,999.997393,999.997339,999.997289,999.997243,999.997202,999.997166,999.997135,999.997110,999.997090,999.997076,999.997067,999.997063,999.997064,999.997070,999.997080,999.997094,999.997112,999.997136,999.997166,999.997205,999.997254,999.997310,999.997372,999.997436,999.997504,999.997579,999.997660,999.997748,999.997839,999.997933,999.998032,999.998138,999.998254,999.998375,999.998497,999.998622,999.998755,999.998897,999.999043,999.999189,999.999335,999.999483,999.999638,999.999807,999.999988,1000.000174,1000.000358,1000.000543,1000.000736,1000.000941,1000.001156,1000.001371,1000.001579,1000.001775,1000.001934,1000.002002,1000.001930,1000.001710,1000.001376,1000.000961,1000.000488,0.000000,0.000000
0.000000,0.000000,1000.000555,1000.000959,1000.001325,1000.001639,1000.001865,1000.001949,1000.001882,1000.001720,1000.001518,1000.001304,1000.001089,1000.000883,1000.000694,1000.000513,1000.000333,1000.000153,999.999971,999.999784,999.999593,999.999408,999.999243,999.999093,999.998949,999.998809,999.998676,999.998552,999.998435,999.998320,999.998210,999.998106,999.998007,999.997911,999.997819,999.997729,999.997643,999.997562,999.997490,999.997425,999.997366,999.997311,999.997261,999.997216,999.997177,999.997142,999.997111,999.997086,999.997067,999.997054,999.997045,999.997041,999.997042,999.997048,999.997059,999.997074,999.997093,999.997117,999.997147,999.997186,999.997233,999.997288,999.997348,999.997410,999.997477,999.997551,999.997632,999.997719,999.997809,999.997904,999.998005,999.998113,999.998230,999.998352,999.998474,999.998597,999.998729,999.998872,999.999022,999.999172,999.999320,999.999468,999.999622,999.999789,999.999968,1000.000150,1000.000331,1000.000511,1000.000700,1000.000903,1000.001121,1000.001344,1000.001563,1000.001771,1000.001941,1000.002017,1000.001941,1000.001708,1000.001363,1000.000940,1000.000454,0.000000,0.000000
0.000000,0.000000,1000.000564,1000.000974,1000.001340,1000.001647,1000.001864,1000.001943,1000.001873,1000.001712,1000.001512,1000.001297,1000.001078,1000.000870,1000.000679,1000.000498,1000.000319,1000.000140,999.999958,999.999769,999.999574,999.999387,999.999218,999.999066,999.998924,999.998788,999.998660,999.998539,999.998419,999.998302,999.998190,999.998086,999.997988,999.997893,999.997801,999.997713,999.997628,999.997546,999.997471,999.997404,999.997344,999.997289,999.997239,999.997195,999.997156,999.997121,999.997092,999.997068,999.997049,999.997036,999.997028,999.997024,999.997026,999.997032,999.997042,999.997057,999.997078,999.997103,999.997134,999.997172,999.997219,999.997272,999.997330,999.997391,999.997458,999.997532,999.997613,999.997698,999.997786,999.997880,999.997981,999.998091,999.998210,999.998335,999.998459,999.998581,999.998712,999.998855,999.999006,999.999159,999.999310,999.999459,999.999612,999.999775,999.999949,1000.000128,1000.000307,1000.000486,1000.000672,1000.000872,1000.001091,1000.001319,1000.001548,1000.001766,1000.001944,1000.002025,1000.001945,1000.001701,1000.001346,1000.000928,1000.000453,0.000000,0.000000
0.000000,0.000000,1000.000576,1000.000989,1000.001351,1000.001655,1000.001867,1000.001937,1000.001865,1000.001704,1000.001507,1000.001295,1000.001076,1000.000865,1000.000669,1000.000486,1000.000307,1000.000128,999.999946,999.999756,999.999561,999.999373,999.999202,999.999047,999.998904,999.998772,999.998648,999.998527,999.998406,999.998286,999.998173,999.998071,999.997974,999.997879,999.997788,999.997702,999.997617,999.997536,999.997459,999.997390,999.997329,999.997274,999.997224,999.997178,999.997139,999.997106,999.997078,999.997055,999.997036,999.997023,999.997015,999.997012,999.997014,999.997020,999.997030,999.997045,999.997066,999.997093,999.997125,999.997164,999.997209,999.997261,999.997318,999.997378,999.997445,999.997520,999.997601,999.997685,999.997771,999.997863,999.997963,999.998073,999.998194,999.998322,999.998449,999.998574,999.998705,999.998847,999.998998,999.999153,999.999304,999.999454,999.999606,999.999764,999.999933,1000.000110,1000.000289,1000.000469,1000.000653,1000.000851,1000.001069,1000.001300,1000.001533,1000.001754,1000.001937,1000.002018,1000.001937,1000.001688,1000.001333,1000.000928,1000.000487,0.000000,0.000000
0.000000,0.000000,1000.000587,1000.000998,1000.001359,1000.001664,1000.001873,1000.001937,1000.001861,1000.001700,1000.001505,1000.001295,1000.001078,1000.000864,1000.000666,1000.000479,1000.000297,1000.000117,999.999935,999.999746,999.999554,999.999367,999.999195,999.999037,999.998892,999.998761,999.998638,999.998517,999.998395,999.998273,999.998161,999.998059,999.997963,999.997870,999.997780,999.997694,999.997612,999.997531,999.997455,999.997385,999.997322,999.997267,999.997215,999.997169,999.997129,999.997097,999.997070,999.997047,999.997029,999.997015,999.997007,999.997004,999.997006,999.997012,999.997022,999.997038,999.997059,999.997087,999.997120,999.997159,999.997205,999.997256,999.997312,999.997372,999.997438,999.997512,999.997594,999.997678,999.997764,999.997854,999.997951,999.998060,999.998182,999.998312,999.998442,999.998571,999.998705,999.998848,999.999000,999.999153,999.999302,999.999450,999.999602,999.999759,999.999925,1000.000099,1000.000277,1000.000458,1000.000643,1000.000841,1000.001058,1000.001290,1000.001522,1000.001741,1000.001921,1000.002001,1000.001918,1000.001671,1000.001321,1000.000930,1000.000534,0.000000,0.000000
0.000000,1000.000175,1000.000615,1000.001005,1000.001363,1000.001669,1000.001880,1000.001943,1000.001863,1000.001700,1000.001505,1000.001296,1000.001080,1000.000867,1000.000667,1000.000476,1000.000291,1000.000110,999.999927,999.999740,999.999551,999.999366,999.999194,999.999035,999.998889,999.998755,999.998630,999.998508,999.998385,999.998265,999.998153,999.998051,999.997955,999.997863,999.997775,999.997691,999.997611,999.997533,999.997458,999.997388,999.997325,999.997267,999.997213,999.997166,999.997126,999.997094,999.997067,999.997044,999.997026,999.997013,999.997004,999.997001,999.997003,999.997010,999.997020,999.997036,999.997058,999.997086,999.997120,999.997160,999.997205,999.997257,999.997312,999.997370,999.997435,999.997509,999.997591,999.997677,999.997764,999.997853,999.997948,999.998056,999.998176,999.998305,999.998437,999.998571,999.998709,999.998855,999.999006,999.999156,999.999302,999.999449,999.999602,999.999761,999.999925,1000.000096,1000.000273,1000.000452,1000.000639,1000.000839,1000.001057,1000.001286,1000.001516,1000.001731,1000.001904,1000.001981,1000.001898,1000.001651,1000.001309,1000.000938,1000.000579,1000.000221,0.000000
0.000000,0.000000,1000.000597,1000.001001,1000.001366,1000.001675,1000.001887,1000.001950,1000.001870,1000.001706,1000.001509,1000.001298,1000.001083,1000.000873,1000.000673,1000.000480,1000.000293,1000.000110,999.999926,999.999739,999.999552,999.999370,999.999199,999.999041,999.998893,999.998756,999.998627,999.998502,999.998380,999.998262,999.998151,999.998048,999.997953,999.997862,999.997775,999.997692,999.997613,999.997539,999.997467,999.997398,999.997333,999.997273,999.997218,999.997170,999.997129,999.997096,999.997069,999.997046,999.997029,999.997015,999.997007,999.997004,999.997006,999.997012,999.997023,999.997039,999.997062,999.997091,999.997125,999.997165,999.997210,999.997261,999.997316,999.997374,999.997437,999.997510,999.997592,999.997680,999.997768,999.997858,999.997954,999.998061,999.998177,999.998303,999.998435,999.998572,999.998716,999.998864,999.999013,999.999160,999.999305,999.999452,999.999607,999.999768,999.999932,1000.000101,1000.000275,1000.000454,1000.000642,1000.000845,1000.001063,1000.001289,1000.001514,1000.001724,1000.001892,1000.001964,1000.001879,1000.001634,1000.001297,1000.000931,1000.000567,0.000000,0.000000
0.000000,0.000000,1000.000588,1000.001000,1000.001365,1000.001678,1000.001893,1000.001957,1000.001879,1000.001716,1000.001516,1000.001302,1000.001087,1000.000880,1000.000684,1000.000492,1000.000303,1000.000119,999.999933,999.999744,999.999558,999.999380,999.999212,999.999053,999.998904,999.998762,999.998629,999.998503,999.998382,999.998265,999.998155,999.998052,999.997956,999.997866,999.997780,999.997697,999.997620,999.997548,999.997478,999.997411,999.997346,999.997285,999.997229,999.997181,999.997138,999.997104,999.997076,999.997054,999.997037,999.997024,999.997016,999.997012,999.997013,999.997019,999.997030,999.997048,999.997072,999.997101,999.997135,999.997174,999.997219,999.997270,999.997325,999.997382,999.997444,999.997517,999.997599,999.997687,999.997776,999.997868,999.997966,999.998073,999.998186,999.998308,999.998439,999.998578,999.998725,999.998873,999.999022,999.999167,999.999310,999.999459,999.999617,999.999780,999.999947,1000.000114,1000.000285,1000.000462,1000.000652,1000.000856,1000.001072,1000.001296,1000.001517,1000.001721,1000.001883,1000.001951,1000.001863,1000.001619,1000.001283,1000.000915,1000.000540,0.000000,0.000000
0.000000,0.000000,1000.000576,1000.000993,1000.001364,1000.001677,1000.001894,1000.001962,1000.001888,1000.001728,1000.001527,1000.001310,1000.001093,1000.000890,1000.000698,1000.000508,1000.000320,1000.000135,999.999946,999.999756,999.999572,999.999397,999.999231,999.999073,999.998920,999.998774,999.998637,999.998510,999.998390,999.998275,999.998165,999.998061,999.997966,999.997877,999.997792,999.997709,999.997632,999.997559,999.997491,999.997425,999.997362,999.997301,999.997246,999.997197,999.997154,999.997118,999.997090,999.997068,999.997051,999.997039,999.997031,999.997027,999.997027,999.997032,999.997043,999.997061,999.997086,999.997115,999.997148,999.997187,999.997233,999.997284,999.997338,999.997395,999.997457,999.997530,999.997612,999.997699,999.997789,999.997882,999.997983,999.998090,999.998202,999.998321,999.998450,999.998591,999.998738,999.998886,999.999032,999.999175,999.999319,999.999469,999.999631,999.999797,999.999966,1000.000134,1000.000302,1000.000476,1000.000666,1000.000871,1000.001085,1000.001304,1000.001522,1000.001721,1000.001878,1000.001939,1000.001849,1000.001605,1000.001267,1000.000893,1000.000503,0.000000,0.000000
0.000000,0.000000,1000.000572,1000.000988,1000.001358,1000.001671,1000.001889,1000.001962,1000.001895,1000.001740,1000.001540,1000.001322,1000.001105,1000.000902,1000.000714,1000.000527,1000.000342,1000.000157,999.999966,999.999774,999.999592,999.999421,999.999257,999.999097,999.998941,999.998792,999.998652,999.998523,999.998403,999.998290,999.998182,999.998078,999.997982,999.997893,999.997809,999.997727,999.997649,999.997575,999.997507,999.997442,999.997380,999.997321,999.997267,999.997217,999.997174,999.997139,999.997110,999.997088,999.997072,999.997059,999.997051,999.997047,999.997046,999.997051,999.997062,999.997080,999.997105,999.997133,999.997167,999.997206,999.997251,999.997302,999.997357,999.997414,999.997477,999.997549,999.997630,999.997717,999.997806,999.997900,999.998002,999.998112,999.998225,999.998342,999.998470,999.998609,999.998754,999.998900,999.999044,999.999187,999.999332,999.999484,999.999646,999.999817,999.999989,1000.000157,1000.000323,1000.000495,1000.000684,1000.000889,1000.001102,1000.001317,1000.001529,1000.001724,1000.001874,1000.001931,1000.001838,1000.001593,1000.001251,1000.000865,1000.000459,0.000000,0.000000
0.000000,0.000000,1000.000588,1000.000983,1000.001345,1000.001662,1000.001884,1000.001961,1000.001899,1000.001751,1000.001557,1000.001341,1000.001123,1000.000920,1000.000732,1000.000549,1000.000367,1000.000182,999.999990,999.999797,999.999616,999.999447,999.999285,999.999124,999.998967,999.998817,999.998675,999.998544,999.998423,999.998312,999.998205,999.998102,999.998005,999.997915,999.997830,999.997749,999.997670,999.997597,999.997528,999.997463,999.997402,999.997345,999.997292,999.997243,999.997200,999.997164,999.997135,999.997112,999.997096,999.997084,999.997076,999.997071,999.997070,999.997075,999.997087,999.997105,999.997129,999.997158,999.997191,999.997230,999.997276,999.997326,999.997381,999.997439,999.997503,999.997574,999.997655,999.997741,999.997829,999.997923,999.998027,999.998138,999.998253,999.998371,999.998498,999.998633,999.998774,999.998916,999.999060,999.999204,999.999349,999.999502,999.999666,999.999838,1000.000012,1000.000181,1000.000348,1000.000522,1000.000711,1000.000916,1000.001126,1000.001335,1000.001540,1000.001727,1000.001872,1000.001927,1000.001833,1000.001583,1000.001231,1000.000831,1000.000408,0.000000,0.000000
0.000000,0.000000,1000.000609,1000.000969,1000.001326,1000.001648,1000.001879,1000.001963,1000.001906,1000.001763,1000.001576,1000.001367,1000.001151,1000.000944,1000.000754,1000.000573,1000.000394,1000.000210,1000.000017,999.999823,999.999641,999.999473,999.999312,999.999153,999.998998,999.998847,999.998705,999.998573,999.998452,999.998340,999.998234,999.998132,999.998034,999.997943,999.997857,999.997774,999.997696,999.997622,999.997553,999.997489,999.997429,999.997373,999.997320,999.997272,999.997229,999.997192,999.997162,999.997139,999.997123,999.997111,999.997103,999.997098,999.997098,999.997104,999.997117,999.997135,999.997159,999.997189,999.997223,999.997262,999.997306,999.997355,999.997410,999.997470,999.997536,999.997607,999.997685,999.997770,999.997859,999.997953,999.998058,999.998171,999.998286,999.998405,999.998530,999.998661,999.998796,999.998935,999.999080,999.999225,999.999372,999.999526,999.999689,999.999860,1000.000035,1000.000208,1000.000380,1000.000558,1000.000749,1000.000953,1000.001158,1000.001359,1000.001553,1000.001732,1000.001874,1000.001927,1000.001829,1000.001570,1000.001202,1000.000787,1000.000354,0.000000,0.000000
0.000000,0.000000,1000.000611,1000.000943,1000.001298,1000.001627,1000.001871,1000.001970,1000.001921,1000.001783,1000.001603,1000.001401,1000.001187,1000.000978,1000.000785,1000.000603,1000.000425,1000.000240,1000.000046,999.999852,999.999669,999.999500,999.999340,999.999184,999.999032,999.998884,999.998743,999.998611,999.998489,999.998377,999.998270,999.998167,999.998069,999.997976,999.997888,999.997803,999.997724,999.997651,999.997583,999.997519,999.997460,999.997405,999.997354,999.997306,999.997263,999.997226,999.997195,999.997171,999.997154,999.997142,999.997134,999.997130,999.997131,999.997139,999.997153,999.997172,999.997197,999.997226,999.997260,999.997298,999.997341,999.997389,999.997445,999.997508,999.997574,999.997645,999.997723,999.997807,999.997896,999.997991,999.998096,999.998208,999.998323,999.998442,999.998566,999.998692,999.998822,999.998959,999.999105,999.999253,999.999401,999.999555,999.999716,999.999886,1000.000063,1000.000241,1000.000420,1000.000603,1000.000796,1000.000996,1000.001195,1000.001388,1000.001572,1000.001743,1000.001881,1000.001928,1000.001820,1000.001547,1000.001164,1000.000734,1000.000295,0.000000,0.000000
0.000000,0.000000,1000.000583,1000.000909,1000.001257,1000.001591,1000.001854,1000.001975,1000.001944,1000.001814,1000.001639,1000.001442,1000.001232,1000.001023,1000.000827,1000.000643,1000.000461,1000.000273,1000.000079,999.999886,999.999702,999.999531,999.999372,999.999219,999.999071,999.998927,999.998787,999.998656,999.998535,999.998422,999.998314,999.998210,999.998109,999.998014,999.997924,999.997837,999.997757,999.997684,999.997616,999.997553,999.997495,999.997442,999.997392,999.997346,999.997303,999.997266,999.997234,999.997209,999.997190,999.997178,999.997170,999.997167,999.997170,999.997179,999.997194,999.997214,999.997240,999.997269,999.997302,999.997338,999.997379,999.997428,999.997486,999.997550,999.997618,999.997689,999.997765,999.997849,999.997939,999.998035,999.998139,999.998249,999.998362,999.998480,999.998603,999.998726,999.998854,999.998991,999.999138,999.999287,999.999435,999.999587,999.999746,999.999917,1000.000097,1000.000281,1000.000467,1000.000655,1000.000845,1000.001038,1000.001232,1000.001420,1000.001599,1000.001765,1000.001893,1000.001926,1000.001800,1000.001512,1000.001119,1000.000670,1000.000219,0.000000,0.000000
0.000000,0.000000,1000.000505,1000.000869,1000.001209,1000.001543,1000.001823,1000.001977,1000.001973,1000.001855,1000.001684,1000.001489,1000.001284,1000.001078,1000.000881,1000.000692,1000.000504,1000.000313,1000.000118,999.999926,999.999743,999.999571,999.999411,999.999260,999.999115,999.998974,999.998837,999.998706,999.998586,999.998473,999.998364,999.998258,999.998155,999.998058,999.997964,999.997876,999.997795,999.997721,999.997653,999.997591,999.997534,999.997483,999.997435,999.997391,999.997350,999.997312,999.997279,999.997252,999.997233,999.997219,999.997212,999.997210,999.997215,999.997225,999.997241,999.997262,999.997288,999.997316,999.997347,999.997382,999.997423,999.997473,999.997532,999.997598,999.997667,999.997738,999.997813,999.997897,999.997987,999.998082,999.998185,999.998293,999.998405,999.998522,999.998642,999.998764,999.998891,999.999030,999.999178,999.999326,999.999473,999.999622,999.999781,999.999953,1000.000137,1000.000328,1000.000520,1000.000709,1000.000894,1000.001080,1000.001269,1000.001457,1000.001635,1000.001797,1000.001911,1000.001918,1000.001766,1000.001468,1000.001067,1000.000603,1000.000096,0.000000,0.000000
0.000000,0.000000,0.000000,1000.000830,1000.001153,1000.001483,1000.001781,1000.001972,1000.002002,1000.001901,1000.001734,1000.001542,1000.001341,1000.001138,1000.000939,1000.000745,1000.000553,1000.000359,1000.000166,999.999976,999.999793,999.999621,999.999461,999.999310,999.999165,999.999026,999.998890,999.998761,999.998639,999.998526,999.998418,999.998311,999.998208,999.998107,999.998011,999.997921,999.997840,999.997765,999.997696,999.997632,999.997576,999.997526,999.997480,999.997438,999.997399,999.997362,999.997329,999.997302,999.997281,999.997267,999.997259,999.997258,999.997264,999.997276,999.997293,999.997315,999.997340,999.997367,999.997397,999.997432,999.997474,999.997525,999.997585,999.997652,999.997721,999.997791,999.997865,999.997948,999.998037,999.998133,999.998235,999.998341,999.998452,999.998567,999.998686,999.998807,999.998935,999.999075,999.999223,999.999370,999.999515,999.999664,999.999824,999.999998,1000.000185,1000.000379,1000.000573,1000.000762,1000.000942,1000.001122,1000.001311,1000.001501,1000.001680,1000.001835,1000.001931,1000.001904,1000.001723,1000.001412,1000.001013,1000.000554,0.000000,0.000000,0.000000
0.000000,0.000000,0.000000,1000.000751,1000.001086,1000.001418,1000.001732,1000.001958,1000.002025,1000.001946,1000.001786,1000.001598,1000.001400,1000.001199,1000.000998,1000.000799,1000.000604,1000.000410,1000.000219,1000.000032,999.999850,999.999679,999.999520,999.999370,999.999225,999.999085,999.998950,999.998819,999.998696,999.998581,999.998473,999.998368,999.998264,999.998163,999.998064,999.997973,999.997890,999.997814,999.997744,999.997679,999.997622,999.997571,999.997526,999.997485,999.997448,999.997414,999.997383,999.997357,999.997336,999.997322,999.997314,999.997313,999.997319,999.997332,999.997350,999.997372,999.997396,999.997424,999.997454,999.997489,999.997532,999.997583,999.997643,999.997709,999.997778,999.997848,999.997923,999.998006,999.998094,999.998189,999.998290,999.998395,999.998504,999.998618,999.998735,999.998857,999.998986,999.999126,999.999272,999.999418,999.999565,999.999716,999.999877,1000.000052,1000.000239,1000.000432,1000.000625,1000.000811,1000.000990,1000.001171,1000.001361,1000.001553,1000.001732,1000.001878,1000.001949,1000.001886,1000.001672,1000.001349,1000.000968,1000.000538,0.000000,0.000000,0.000000
0.000000,0.000000,0.000000,1000.000640,1000.000990,1000.001337,1000.001673,1000.001932,1000.002038,1000.001987,1000.001841,1000.001655,1000.001459,1000.001261,1000.001059,1000.000856,1000.000658,1000.000466,1000.000278,1000.000092,999.999911,999.999742,999.999586,999.999438,999.999294,999.999153,999.999017,999.998885,999.998758,999.998639,999.998529,999.998425,999.998323,999.998222,999.998124,999.998031,999.997947,999.997870,999.997799,999.997734,999.997675,999.997623,999.997577,999.997537,999.997502,999.997470,999.997441,999.997417,999.997397,999.997384,999.997377,999.997375,999.997381,999.997394,999.997412,999.997434,999.997458,999.997486,999.997516,999.997552,999.997595,999.997646,999.997705,999.997770,999.997839,999.997911,999.997988,999.998070,999.998158,999.998251,999.998351,999.998455,999.998561,999.998673,999.998792,999.998916,999.999046,999.999183,999.999327,999.999474,999.999623,999.999777,999.999940,1000.000114,1000.000299,1000.000489,1000.000677,1000.000860,1000.001040,1000.001226,1000.001421,1000.001614,1000.001791,1000.001924,1000.001965,1000.001864,1000.001616,1000.001276,1000.000897,1000.000512,0.000000,0.000000,0.000000
0.000000,0.000000,0.000000,1000.000515,1000.000882,1000.001245,1000.001599,1000.001889,1000.002038,1000.002024,1000.001897,1000.001717,1000.001523,1000.001324,1000.001121,1000.000916,1000.000718,1000.000526,1000.000340,1000.000156,999.999976,999.999809,999.999657,999.999513,999.999371,999.999230,999.999092,999.998957,999.998827,999.998705,999.998592,999.998486,999.998385,999.998286,999.998190,999.998099,999.998014,999.997936,999.997863,999.997798,999.997739,999.997684,999.997636,999.997596,999.997561,999.997531,999.997505,999.997483,999.997465,999.997453,999.997446,999.997444,999.997450,999.997463,999.997480,999.997501,999.997525,999.997552,999.997583,999.997619,999.997661,999.997712,999.997770,999.997834,999.997904,999.997979,999.998058,999.998140,999.998226,999.998318,999.998416,999.998518,999.998623,999.998736,999.998857,999.998984,999.999114,999.999247,999.999388,999.999536,999.999689,999.999847,1000.000012,1000.000183,1000.000364,1000.000549,1000.000732,1000.000913,1000.001096,1000.001288,1000.001487,1000.001682,1000.001854,1000.001969,1000.001975,1000.001831,1000.001550,1000.001195,1000.000807,1000.000440,0.000000,0.000000,0.000000
0.000000,0.000000,0.000000,1000.000376,1000.000767,1000.001145,1000.001512,1000.001826,1000.002018,1000.002051,1000.001954,1000.001786,1000.001594,1000.001394,1000.001187,1000.000980,1000.000781,1000.000591,1000.000407,1000.000225,1000.000045,999.999879,999.999730,999.999590,999.999452,999.999314,999.999175,999.999038,999.998906,999.998781,999.998665,999.998557,999.998455,999.998358,999.998264,999.998174,999.998090,999.998011,999.997938,999.997871,999.997811,999.997756,999.997706,999.997664,999.997629,999.997600,999.997575,999.997555,999.997538,999.997525,999.997518,999.997517,999.997524,999.997536,999.997552,999.997572,999.997595,999.997622,999.997653,999.997690,999.997732,999.997783,999.997841,999.997905,999.997976,999.998052,999.998130,999.998211,999.998296,999.998387,999.998483,999.998584,999.998690,999.998805,999.998929,999.999058,999.999186,999.999316,999.999454,999.999602,999.999760,999.999923,1000.000087,1000.000257,1000.000434,1000.000614,1000.000793,1000.000974,1000.001159,1000.001355,1000.001558,1000.001753,1000.001916,1000.002005,1000.001969,1000.001779,1000.001473,1000.001105,1000.000707,1000.000291,0.000000,0.000000,0.000000
0.000000,0.000000,0.000000,0.000000,1000.000647,1000.001036,1000.001409,1000.001741,1000.001976,1000.002064,1000.002009,1000.001861,1000.001672,1000.001470,1000.001260,1000.001048,1000.000849,1000.000662,1000.000479,1000.000296,1000.000118,999.999952,999.999804,999.999668,999.999535,999.999401,999.999265,999.999127,999.998992,999.998866,999.998749,999.998640,999.998537,999.998439,999.998344,999.998256,999.998172,999.998093,999.998019,999.997952,999.997891,999.997835,999.997784,999.997741,999.997705,999.997675,999.997650,999.997630,999.997613,999.997600,999.997593,999.997592,999.997599,999.997612,999.997627,999.997646,999.997669,999.997696,999.997728,999.997765,999.997810,999.997861,999.997919,999.997984,999.998054,999.998128,999.998205,999.998285,999.998368,999.998458,999.998553,999.998655,999.998763,999.998881,999.999007,999.999135,999.999262,999.999390,999.999526,999.999674,999.999834,1000.000000,1000.000167,1000.000335,1000.000507,1000.000684,1000.000863,1000.001043,1000.001231,1000.001430,1000.001633,1000.001823,1000.001969,1000.002026,1000.001942,1000.001710,1000.001383,1000.001014,1000.000649,0.000000,0.000000,0.000000,0.000000
0.000000,0.000000,0.000000,0.000000,1000.000553,1000.000926,1000.001286,1000.001632,1000.001909,1000.002056,1000.002053,1000.001934,1000.001755,1000.001553,1000.001340,1000.001127,1000.000926,1000.000738,1000.000556,1000.000374,1000.000196,1000.000028,999.999879,999.999743,999.999616,999.999489,999.999358,999.999222,999.999086,999.998958,999.998841,999.998732,999.998629,999.998529,999.998433,999.998343,999.998260,999.998181,999.998107,999.998038,999.997976,999.997920,999.997869,999.997825,999.997788,999.997755,999.997729,999.997708,999.997691,999.997678,999.997671,999.997672,999.997679,999.997690,999.997705,999.997724,999.997747,999.997774,999.997808,999.997847,999.997893,999.997945,999.998004,999.998068,999.998137,999.998208,999.998283,999.998362,999.998445,999.998533,999.998629,999.998732,999.998844,999.998964,999.999089,999.999216,999.999342,999.999469,999.999604,999.999753,999.999914,1000.000082,1000.000251,1000.000417,1000.000587,1000.000762,1000.000940,1000.001121,1000.001311,1000.001512,1000.001711,1000.001889,1000.002009,1000.002026,1000.001897,1000.001632,1000.001289,1000.000937,1000.000602,0.000000,0.000000,0.000000,0.000000
0.000000,0.000000,0.000000,0.000000,1000.000442,1000.000809,1000.001158,1000.001511,1000.001819,1000.002024,1000.002080,1000.001999,1000.001835,1000.001638,1000.001426,1000.001216,1000.001015,1000.000824,1000.000642,1000.000461,1000.000283,1000.000114,999.999959,999.999821,999.999695,999.999575,999.999451,999.999319,999.999184,999.999054,999.998937,999.998830,999.998728,999.998627,999.998529,999.998438,999.998353,999.998274,999.998200,999.998131,999.998067,999.998010,999.997959,999.997914,999.997876,999.997843,999.997814,999.997792,999.997775,999.997764,999.997759,999.997759,999.997764,999.997774,999.997788,999.997806,999.997830,999.997859,999.997894,999.997935,999.997982,999.998035,999.998093,999.998156,999.998221,999.998291,999.998365,999.998444,999.998527,999.998616,999.998714,999.998819,999.998933,999.999053,999.999177,999.999301,999.999426,999.999555,999.999693,999.999840,1000.000000,1000.000168,1000.000337,1000.000505,1000.000675,1000.000848,1000.001026,1000.001209,1000.001402,1000.001601,1000.001790,1000.001947,1000.002034,1000.002009,1000.001840,1000.001550,1000.001193,1000.000843,1000.000481,0.000000,0.000000,0.000000,0.000000
0.000000,0.000000,0.000000,0.000000,0.000000,1000.000697,1000.001029,1000.001381,1000.001713,1000.001964,1000.002081,1000.002048,1000.001908,1000.001720,1000.001516,1000.001311,1000.001112,1000.000922,1000.000738,1000.000559,1000.000383,1000.000212,1000.000051,999.999905,999.999776,999.999658,999.999542,999.999417,999.999285,999.999155,999.999035,999.998929,999.998828,999.998728,999.998630,999.998537,999.998452,999.998373,999.998299,999.998228,999.998163,999.998105,999.998054,999.998009,999.997970,999.997936,999.997906,999.997883,999.997867,999.997858,999.997854,999.997855,999.997859,999.997867,999.997879,999.997896,999.997920,999.997951,999.997988,999.998030,999.998077,999.998128,999.998185,999.998245,999.998309,999.998378,999.998452,999.998532,999.998617,999.998709,999.998809,999.998917,999.999031,999.999150,999.999270,999.999392,999.999518,999.999650,999.999789,999.999935,1000.000092,1000.000258,1000.000428,1000.000597,1000.000768,1000.000941,1000.001119,1000.001304,1000.001498,1000.001694,1000.001869,1000.001997,1000.002045,1000.001974,1000.001767,1000.001452,1000.001092,1000.000751,0.000000,0.000000,0.000000,0.000000,0.000000
0.000000,0.000000,0.000000,0.000000,0.000000,1000.000533,1000.000903,1000.001252,1000.001597,1000.001883,1000.002055,1000.002079,1000.001976,1000.001803,1000.001606,1000.001408,1000.001212,1000.001023,1000.000842,1000.000666,1000.000493,1000.000322,1000.000156,1000.000002,999.999865,999.999745,999.999632,999.999515,999.999388,999.999259,999.999138,999.999029,999.998928,999.998828,999.998731,999.998640,999.998556,999.998477,999.998403,999.998332,999.998265,999.998207,999.998155,999.998109,999.998070,999.998035,999.998006,999.997982,999.997965,999.997957,999.997955,999.997958,999.997963,999.997969,999.997980,999.997996,999.998019,999.998050,999.998087,999.998128,999.998173,999.998223,999.998278,999.998338,999.998402,999.998471,999.998546,999.998626,999.998714,999.998810,999.998913,999.999022,999.999135,999.999251,999.999368,999.999487,999.999615,999.999750,999.999890,1000.000033,1000.000187,1000.000351,1000.000520,1000.000692,1000.000867,1000.001043,1000.001221,1000.001406,1000.001601,1000.001789,1000.001945,1000.002038,1000.002036,1000.001913,1000.001671,1000.001341,1000.000980,1000.000560,0.000000,0.000000,0.000000,0.000000,0.000000
0.000000,0.000000,0.000000,0.000000,0.000000,0.000000,1000.000753,1000.001119,1000.001471,1000.001786,1000.002007,1000.002092,1000.002039,1000.001890,1000.001700,1000.001506,1000.001314,1000.001126,1000.000948,1000.000776,1000.000606,1000.000437,1000.000271,1000.000112,999.999967,999.999839,999.999724,999.999612,999.999494,999.999368,999.999247,999.999136,999.999032,999.998930,999.998832,999.998743,999.998661,999.998585,999.998512,999.998441,999.998374,999.998315,999.998263,999.998217,999.998177,999.998143,999.998114,999.998090,999.998071,999.998061,999.998060,999.998065,999.998072,999.998079,999.998089,999.998103,999.998125,999.998155,999.998189,999.998226,999.998269,999.998317,999.998373,999.998434,999.998501,999.998571,999.998645,999.998726,999.998817,999.998917,999.999022,999.999130,999.999242,999.999356,999.999469,999.999588,999.999716,999.999854,999.999994,1000.000136,1000.000288,1000.000450,1000.000618,1000.000793,1000.000974,1000.001153,1000.001332,1000.001516,1000.001707,1000.001884,1000.002014,1000.002061,1000.001999,1000.001821,1000.001543,1000.001206,1000.000857,0.000000,0.000000,0.000000,0.000000,0.000000,0.000000
0.000000,0.000000,0.000000,0.000000,0.000000,0.000000,1000.000545,1000.000974,1000.001334,1000.001669,1000.001932,1000.002079,1000.002086,1000.001975,1000.001800,1000.001608,1000.001418,1000.001233,1000.001056,1000.000886,1000.000720,1000.000555,1000.000391,1000.000231,1000.000080,999.999943,999.999823,999.999710,999.999597,999.999479,999.999361,999.999249,999.999142,999.999037,999.998937,999.998847,999.998767,999.998694,999.998624,999.998556,999.998490,999.998431,999.998380,999.998334,999.998292,999.998257,999.998228,999.998204,999.998184,999.998171,999.998169,999.998173,999.998181,999.998190,999.998200,999.998215,999.998237,999.998265,999.998295,999.998329,999.998368,999.998417,999.998474,999.998538,999.998607,999.998678,999.998752,999.998833,999.998926,999.999028,999.999134,999.999241,999.999352,999.999463,999.999575,999.999693,999.999823,999.999961,1000.000101,1000.000244,1000.000396,1000.000556,1000.000724,1000.000903,1000.001089,1000.001271,1000.001449,1000.001628,1000.001809,1000.001969,1000.002063,1000.002052,1000.001924,1000.001698,1000.001399,1000.001070,1000.000691,0.000000,0.000000,0.000000,0.000000,0.000000,0.000000
0.000000,0.000000,0.000000,0.000000,0.000000,0.000000,0.000000,1000.000785,1000.001169,1000.001524,1000.001824,1000.002027,1000.002101,1000.002043,1000.001897,1000.001714,1000.001526,1000.001343,1000.001167,1000.000998,1000.000833,1000.000672,1000.000511,1000.000353,1000.000200,1000.000057,999.999929,999.999812,999.999700,999.999589,999.999477,999.999368,999.999259,999.999152,999.999050,999.998958,999.998877,999.998805,999.998739,999.998674,999.998610,999.998553,999.998501,999.998454,999.998411,999.998373,999.998344,999.998320,999.998301,999.998288,999.998282,999.998284,999.998290,999.998298,999.998309,999.998327,999.998352,999.998379,999.998407,999.998439,999.998478,999.998528,999.998586,999.998653,999.998723,999.998794,999.998868,999.998949,999.999042,999.999144,999.999250,999.999357,999.999465,999.999574,999.999686,999.999806,999.999936,1000.000072,1000.000212,1000.000357,1000.000512,1000.000673,1000.000841,1000.001021,1000.001207,1000.001389,1000.001564,1000.001737,1000.001904,1000.002035,1000.002079,1000.002002,1000.001815,1000.001548,1000.001238,1000.000916,0.000000,0.000000,0.000000,0.000000,0.000000,0.000000,0.000000
0.000000,0.000000,0.000000,0.000000,0.000000,0.000000,0.000000,1000.000538,1000.000988,1000.001359,1000.001686,1000.001935,1000.002074,1000.002083,1000.001983,1000.001823,1000.001640,1000.001457,1000.001282,1000.001113,1000.000949,1000.000789,1000.000631,1000.000475,1000.000323,1000.000178,1000.000043,999.999920,999.999809,999.999703,999.999598,999.999492,999.999385,999.999277,999.999173,999.999078,999.998995,999.998922,999.998857,999.998793,999.998731,999.998674,999.998622,999.998574,999.998529,999.998490,999.998459,999.998436,999.998420,999.998409,999.998402,999.998400,999.998401,999.998407,999.998421,999.998442,999.998468,999.998496,999.998525,999.998558,999.998599,999.998649,999.998709,999.998775,999.998846,999.998917,999.998990,999.999071,999.999163,999.999264,999.999370,999.999476,999.999582,999.999690,999.999803,999.999925,1000.000055,1000.000191,1000.000332,1000.000480,1000.000638,1000.000800,1000.000966,1000.001144,1000.001328,1000.001507,1000.001679,1000.001846,1000.001989,1000.002074,1000.002055,1000.001912,1000.001676,1000.001386,1000.001075,1000.000717,0.000000,0.000000,0.000000,0.000000,0.000000,0.000000,0.000000
0.000000,0.000000,0.000000,0.000000,0.000000,0.000000,0.000000,0.000000,1000.000786,1000.001176,1000.001525,1000.001812,1000.002008,1000.002088,1000.002051,1000.001930,1000.001763,1000.001583,1000.001408,1000.001239,1000.001074,1000.000914,1000.000755,1000.000599,1000.000449,1000.000306,1000.000169,1000.000041,999.999926,999.999824,999.999725,999.999623,999.999517,999.999409,999.999304,999.999208,999.999122,999.999047,999.998981,999.998918,999.998856,999.998797,999.998744,999.998695,999.998649,999.998608,999.998578,999.998557,999.998543,999.998535,999.998529,999.998523,999.998520,999.998524,999.998538,999.998560,999.998588,999.998616,999.998646,999.998681,999.998725,999.998776,999.998836,999.998902,999.998972,999.999042,999.999114,999.999193,999.999283,999.999384,999.999491,999.999597,999.999701,999.999810,999.999927,1000.000051,1000.000182,1000.000317,1000.000460,1000.000613,1000.000772,1000.000932,1000.001096,1000.001271,1000.001450,1000.001627,1000.001798,1000.001949,1000.002054,1000.002077,1000.001987,1000.001786,1000.001512,1000.001213,1000.000891,0.000000,0.000000,0.000000,0.000000,0.000000,0.000000,0.000000,0.000000
0.000000,0.000000,0.000000,0.000000,0.000000,0.000000,0.000000,0.000000,1000.000532,1000.000984,1000.001348,1000.001660,1000.001900,1000.002045,1000.002083,1000.002022,1000.001889,1000.001721,1000.001547,1000.001377,1000.001211,1000.001049,1000.000890,1000.000733,1000.000582,1000.000440,1000.000304,1000.000174,1000.000056,999.999952,999.999855,999.999756,999.999650,999.999542,999.999439,999.999343,999.999256,999.999179,999.999112,999.999048,999.998986,999.998927,999.998872,999.998822,999.998777,999.998738,999.998707,999.998687,999.998676,999.998667,999.998660,999.998652,999.998647,999.998649,999.998661,999.998682,999.998708,999.998737,999.998769,999.998807,999.998852,999.998904,999.998964,999.999031,999.999100,999.999169,999.999240,999.999318,999.999407,999.999508,999.999615,999.999720,999.999826,999.999937,1000.000057,1000.000183,1000.000314,1000.000452,1000.000598,1000.000751,1000.000909,1000.001067,1000.001230,1000.001401,1000.001577,1000.001750,1000.001910,1000.002032,1000.002082,1000.002033,1000.001875,1000.001629,1000.001341,1000.001042,1000.000696,0.000000,0.000000,0.000000,0.000000,0.000000,0.000000,0.000000,0.000000
0.000000,0.000000,0.000000,0.000000,0.000000,0.000000,0.000000,0.000000,0.000000,1000.000757,1000.001143,1000.001475,1000.001750,1000.001949,1000.002061,1000.002076,1000.001999,1000.001858,1000.001690,1000.001521,1000.001356,1000.001194,1000.001035,1000.000878,1000.000726,1000.000583,1000.000447,1000.000315,1000.000193,1000.000084,999.999984,999.999884,999.999780,999.999674,999.999572,999.999480,999.999395,999.999316,999.999246,999.999180,999.999117,999.999058,999.999004,999.998957,999.998915,999.998878,999.998849,999.998830,999.998815,999.998803,999.998792,999.998783,999.998777,999.998778,999.998788,999.998807,999.998831,999.998860,999.998894,999.998933,999.998978,999.999032,999.999094,999.999162,999.999232,999.999300,999.999370,999.999449,999.999540,999.999640,999.999744,999.999850,999.999957,1000.000071,1000.000194,1000.000322,1000.000456,1000.000596,1000.000741,1000.000894,1000.001050,1000.001207,1000.001368,1000.001536,1000.001708,1000.001871,1000.002006,1000.002082,1000.002063,1000.001940,1000.001729,1000.001455,1000.001161,1000.000854,0.000000,0.000000,0.000000,0.000000,0.000000,0.000000,0.000000,0.000000,0.000000
0.000000,0.000000,0.000000,0.000000,0.000000,0.000000,0.000000,0.000000,0.000000,1000.000493,1000.000926,1000.001276,1000.001563,1000.001803,1000.001978,1000.002073,1000.002069,1000.001977,1000.001831,1000.001665,1000.001502,1000.001343,1000.001188,1000.001033,1000.000879,1000.000732,1000.000593,1000.000460,1000.000334,1000.000220,1000.000115,1000.000013,999.999910,999.999807,999.999708,999.999620,999.999537,999.999457,999.999381,999.999311,999.999245,999.999187,999.999137,999.999094,999.999056,999.999024,999.998997,999.998975,999.998956,999.998939,999.998924,999.998914,999.998910,999.998912,999.998921,999.998939,999.998962,999.998992,999.999025,999.999063,999.999109,999.999164,999.999227,999.999297,999.999367,999.999436,999.999508,999.999589,999.999680,999.999778,999.999880,999.999986,1000.000096,1000.000214,1000.000339,1000.000470,1000.000605,1000.000746,1000.000892,1000.001043,1000.001199,1000.001356,1000.001514,1000.001677,1000.001838,1000.001978,1000.002072,1000.002085,1000.001993,1000.001809,1000.001557,1000.001271,1000.000965,1000.000641,0.000000,0.000000,0.000000,0.000000,0.000000,0.000000,0.000000,0.000000,0.000000
0.000000,0.000000,0.000000,0.000000,0.000000,0.000000,0.000000,0.000000,0.000000,0.000000,1000.000664,1000.001053,1000.001353,1000.001617,1000.001840,1000.002002,1000.002081,1000.002059,1000.001956,1000.001809,1000.001649,1000.001493,1000.001341,1000.001188,1000.001034,1000.000883,1000.000739,1000.000605,1000.000479,1000.000362,1000.000254,1000.000150,1000.000046,999.999943,999.999847,999.999761,999.999679,999.999598,999.999520,999.999446,999.999379,999.999321,999.999273,999.999233,999.999200,999.999170,999.999143,999.999118,999.999097,999.999078,999.999062,999.999053,999.999050,999.999055,999.999067,999.999086,999.999111,999.999139,999.999170,999.999208,999.999253,999.999308,999.999372,999.999442,999.999512,999.999582,999.999655,999.999736,999.999824,999.999920,1000.000021,1000.000129,1000.000243,1000.000364,1000.000490,1000.000621,1000.000759,1000.000901,1000.001048,1000.001201,1000.001358,1000.001514,1000.001668,1000.001819,1000.001956,1000.002056,1000.002092,1000.002032,1000.001871,1000.001636,1000.001356,1000.001055,1000.000705,0.000000,0.000000,0.000000,0.000000,0.000000,0.000000,0.000000,0.000000,0.000000,0.000000
0.000000,0.000000,0.000000,0.000000,0.000000,0.000000,0.000000,0.000000,0.000000,0.000000,0.000000,1000.000774,1000.001110,1000.001393,1000.001648,1000.001861,1000.002016,1000.002080,1000.002045,1000.001938,1000.001796,1000.001642,1000.001492,1000.001342,1000.001189,1000.001036,1000.000888,1000.000752,1000.000628,1000.000512,1000.000402,1000.000296,1000.000190,1000.000084,999.999985,999.999898,999.999817,999.999740,999.999663,999.999590,999.999525,999.999469,999.999421,999.999382,999.999349,999.999318,999.999289,999.999263,999.999243,999.999225,999.999213,999.999205,999.999204,999.999211,999.999227,999.999248,999.999273,999.999300,999.999331,999.999368,999.999413,999.999469,999.999533,999.999601,999.999670,999.999738,999.999808,999.999886,999.999971,1000.000065,1000.000166,1000.000278,1000.000395,1000.000515,1000.000641,1000.000773,1000.000912,1000.001056,1000.001207,1000.001364,1000.001521,1000.001675,1000.001819,1000.001947,1000.002043,1000.002085,1000.002048,1000.001916,1000.001697,1000.001420,1000.001118,1000.000775,0.000000,0.000000,0.000000,0.000000,0.000000,0.000000,0.000000,0.000000,0.000000,0.000000,0.000000
0.000000,0.000000,0.000000,0.000000,0.000000,0.000000,0.000000,0.000000,0.000000,0.000000,0.000000,1000.000493,1000.000845,1000.001147,1000.001413,1000.001659,1000.001871,1000.002021,1000.002074,1000.002032,1000.001928,1000.001791,1000.001643,1000.001497,1000.001348,1000.001195,1000.001044,1000.000906,1000.000782,1000.000669,1000.000558,1000.000449,1000.000340,1000.000231,1000.000128,1000.000036,999.999957,999.999884,999.999813,999.999745,999.999683,999.999629,999.999584,999.999545,999.999509,999.999474,999.999442,999.999416,999.999398,999.999385,999.999376,999.999370,999.999370,999.999378,999.999393,999.999414,999.999438,999.999466,999.999498,999.999537,999.999584,999.999639,999.999702,999.999769,999.999835,999.999898,999.999964,1000.000037,1000.000120,1000.000214,1000.000317,1000.000431,1000.000548,1000.000668,1000.000793,1000.000926,1000.001066,1000.001215,1000.001370,1000.001526,1000.001680,1000.001825,1000.001949,1000.002039,1000.002076,1000.002042,1000.001930,1000.001735,1000.001472,1000.001178,1000.000859,1000.000483,0.000000,0.000000,0.000000,0.000000,0.000000,0.000000,0.000000,0.000000,0.000000,0.000000,0.000000
0.000000,0.000000,0.000000,0.000000,0.000000,0.000000,0.000000,0.000000,0.000000,0.000000,0.000000,0.000000,1000.000547,1000.000893,1000.001169,1000.001419,1000.001664,1000.001878,1000.002021,1000.002068,1000.002025,1000.001924,1000.001793,1000.001653,1000.001510,1000.001361,1000.001210,1000.001070,1000.000945,1000.000832,1000.000723,1000.000614,1000.000503,1000.000392,1000.000285,1000.000189,1000.000108,1000.000037,999.999970,999.999906,999.999847,999.999796,999.999753,999.999714,999.999676,999.999638,999.999604,999.999577,999.999561,999.999553,999.999547,999.999544,999.999545,999.999551,999.999563,999.999580,999.999603,999.999630,999.999664,999.999705,999.999754,999.999809,999.999871,999.999935,999.999997,1000.000056,1000.000119,1000.000191,1000.000275,1000.000370,1000.000477,1000.000592,1000.000710,1000.000830,1000.000953,1000.001086,1000.001229,1000.001381,1000.001535,1000.001687,1000.001830,1000.001954,1000.002040,1000.002071,1000.002032,1000.001921,1000.001742,1000.001503,1000.001228,1000.000923,1000.000560,0.000000,0.000000,0.000000,0.000000,0.000000,0.000000,0.000000,0.000000,0.000000,0.000000,0.000000,0.000000
0.000000,0.000000,0.000000,0.000000,0.000000,0.000000,0.000000,0.000000,0.000000,0.000000,0.000000,0.000000,0.000000,1000.000631,1000.000927,1000.001175,1000.001421,1000.001670,1000.001882,1000.002019,1000.002061,1000.002018,1000.001925,1000.001804,1000.001671,1000.001530,1000.001386,1000.001247,1000.001122,1000.001007,1000.000898,1000.000791,1000.000681,1000.000569,1000.000460,1000.000363,1000.000279,1000.000207,1000.000140,1000.000076,1000.000017,999.999966,999.999923,999.999884,999.999845,999.999806,999.999771,999.999746,999.999730,999.999724,999.999722,999.999723,999.999725,999.999730,999.999738,999.999750,999.999768,999.999795,999.999829,999.999871,999.999921,999.999977,1000.000037,1000.000098,1000.000156,1000.000214,1000.000277,1000.000353,1000.000442,1000.000543,1000.000652,1000.000768,1000.000886,1000.001002,1000.001124,1000.001258,1000.001402,1000.001553,1000.001704,1000.001844,1000.001965,1000.002049,1000.002075,1000.002026,1000.001908,1000.001730,1000.001506,1000.001256,1000.000980,1000.000654,0.000000,0.000000,0.000000,0.000000,0.000000,0.000000,0.000000,0.000000,0.000000,0.000000,0.000000,0.000000,0.000000
0.000000,0.000000,0.000000,0.000000,0.000000,0.000000,0.000000,0.000000,0.000000,0.000000,0.000000,0.000000,0.000000,0.000000,1000.000684,1000.000927,1000.001163,1000.001414,1000.001668,1000.001876,1000.002006,1000.002046,1000.002013,1000.001934,1000.001824,1000.001699,1000.001567,1000.001436,1000.001314,1000.001199,1000.001088,1000.000979,1000.000870,1000.000759,1000.000650,1000.000550,1000.000463,1000.000388,1000.000320,1000.000255,1000.000195,1000.000142,1000.000096,1000.000056,1000.000018,999.999981,999.999947,999.999921,999.999906,999.999900,999.999901,999.999903,999.999908,999.999913,999.999918,999.999926,999.999942,999.999966,999.999998,1000.000041,1000.000091,1000.000147,1000.000205,1000.000263,1000.000319,1000.000379,1000.000450,1000.000533,1000.000629,1000.000734,1000.000844,1000.000958,1000.001070,1000.001183,1000.001304,1000.001438,1000.001582,1000.001730,1000.001868,1000.001985,1000.002065,1000.002086,1000.002028,1000.001897,1000.001712,1000.001489,1000.001252,1000.001002,1000.000728,0.000000,0.000000,0.000000,0.000000,0.000000,0.000000,0.000000,0.000000,0.000000,0.000000,0.000000,0.000000,0.000000,0.000000
0.000000,0.000000,0.000000,0.000000,0.000000,0.000000,0.000000,0.000000,0.000000,0.000000,0.000000,0.000000,0.000000,0.000000,0.000000,1000.000649,1000.000893,1000.001140,1000.001402,1000.001656,1000.001855,1000.001980,1000.002030,1000.002013,1000.001950,1000.001856,1000.001744,1000.001626,1000.001510,1000.001397,1000.001285,1000.001175,1000.001065,1000.000955,1000.000846,1000.000745,1000.000654,1000.000575,1000.000506,1000.000442,1000.000382,1000.000327,1000.000278,1000.000236,1000.000199,1000.000165,1000.000133,1000.000107,1000.000091,1000.000084,1000.000083,1000.000086,1000.000092,1000.000097,1000.000102,1000.000111,1000.000125,1000.000146,1000.000178,1000.000218,1000.000267,1000.000320,1000.000375,1000.000432,1000.000489,1000.000555,1000.000634,1000.000727,1000.000829,1000.000936,1000.001045,1000.001153,1000.001259,1000.001368,1000.001489,1000.001622,1000.001764,1000.001899,1000.002009,1000.002081,1000.002097,1000.002036,1000.001893,1000.001694,1000.001465,1000.001228,1000.000982,1000.000714,0.000000,0.000000,0.000000,0.000000,0.000000,0.000000,0.000000,0.000000,0.000000,0.000000,0.000000,0.000000,0.000000,0.000000,0.000000
0.000000,0.000000,0.000000,0.000000,0.000000,0.000000,0.000000,0.000000,0.000000,0.000000,0.000000,0.000000,0.000000,0.000000,0.000000,0.000000,1000.000586,1000.000858,1000.001125,1000.001390,1000.001631,1000.001821,1000.001949,1000.002013,1000.002017,1000.001974,1000.001897,1000.001800,1000.001694,1000.001587,1000.001478,1000.001368,1000.001260,1000.001153,1000.001047,1000.000945,1000.000852,1000.000769,1000.000697,1000.000633,1000.000572,1000.000516,1000.000465,1000.000423,1000.000387,1000.000355,1000.000324,1000.000298,1000.000280,1000.000270,1000.000267,1000.000270,1000.000276,1000.000283,1000.000293,1000.000305,1000.000320,1000.000340,1000.000370,1000.000407,1000.000451,1000.000500,1000.000553,1000.000609,1000.000670,1000.000741,1000.000826,1000.000923,1000.001028,1000.001136,1000.001243,1000.001348,1000.001450,1000.001558,1000.001677,1000.001807,1000.001932,1000.002034,1000.002096,1000.002101,1000.002036,1000.001894,1000.001686,1000.001444,1000.001201,1000.000951,1000.000662,0.000000,0.000000,0.000000,0.000000,0.000000,0.000000,0.000000,0.000000,0.000000,0.000000,0.000000,0.000000,0.000000,0.000000,0.000000,0.000000
0.000000,0.000000,0.000000,0.000000,0.000000,0.000000,0.000000,0.000000,0.000000,0.000000,0.000000,0.000000,0.000000,0.000000,0.000000,0.000000,0.000000,1000.000555,1000.000853,1000.001125,1000.001377,1000.001604,1000.001787,1000.001918,1000.001998,1000.002024,1000.001999,1000.001938,1000.001854,1000.001758,1000.001658,1000.001554,1000.001450,1000.001350,1000.001250,1000.001151,1000.001058,1000.000976,1000.000902,1000.000835,1000.000772,1000.000712,1000.000659,1000.000615,1000.000580,1000.000549,1000.000519,1000.000493,1000.000471,1000.000458,1000.000454,1000.000455,1000.000461,1000.000472,1000.000488,1000.000504,1000.000522,1000.000544,1000.000572,1000.000605,1000.000644,1000.000691,1000.000743,1000.000801,1000.000866,1000.000939,1000.001024,1000.001120,1000.001224,1000.001332,1000.001439,1000.001543,1000.001645,1000.001751,1000.001863,1000.001971,1000.002058,1000.002105,1000.002096,1000.002024,1000.001887,1000.001684,1000.001435,1000.001180,1000.000923,1000.000643,0.000000,0.000000,0.000000,0.000000,0.000000,0.000000,0.000000,0.000000,0.000000,0.000000,0.000000,0.000000,0.000000,0.000000,0.000000,0.000000,0.000000
0.000000,0.000000,0.000000,0.000000,0.000000,0.000000,0.000000,0.000000,0.000000,0.000000,0.000000,0.000000,0.000000,0.000000,0.000000,0.000000,0.000000,0.000000,1000.000573,1000.000869,1000.001129,1000.001363,1000.001575,1000.001751,1000.001889,1000.001985,1000.002030,1000.002023,1000.001978,1000.001909,1000.001824,1000.001732,1000.001637,1000.001544,1000.001452,1000.001361,1000.001272,1000.001191,1000.001118,1000.001049,1000.000984,1000.000921,1000.000866,1000.000820,1000.000783,1000.000752,1000.000722,1000.000694,1000.000669,1000.000653,1000.000647,1000.000649,1000.000656,1000.000669,1000.000685,1000.000704,1000.000725,1000.000749,1000.000777,1000.000807,1000.000844,1000.000891,1000.000946,1000.001007,1000.001076,1000.001152,1000.001235,1000.001328,1000.001428,1000.001534,1000.001641,1000.001744,1000.001843,1000.001940,1000.002027,1000.002089,1000.002115,1000.002088,1000.002002,1000.001863,1000.001674,1000.001435,1000.001174,1000.000904,1000.000616,0.000000,0.000000,0.000000,0.000000,0.000000,0.000000,0.000000,0.000000,0.000000,0.000000,0.000000,0.000000,0.000000,0.000000,0.000000,0.000000,0.000000,0.000000
0.000000,0.000000,0.000000,0.000000,0.000000,0.000000,0.000000,0.000000,0.000000,0.000000,0.000000,0.000000,0.000000,0.000000,0.000000,0.000000,0.000000,0.000000,0.000000,1000.000585,1000.000872,1000.001112,1000.001326,1000.001526,1000.001701,1000.001850,1000.001964,1000.002030,1000.002045,1000.002022,1000.001969,1000.001895,1000.001814,1000.001731,1000.001648,1000.001565,1000.001484,1000.001407,1000.001337,1000.001271,1000.001206,1000.001144,1000.001087,1000.001038,1000.000998,1000.000964,1000.000932,1000.000902,1000.000877,1000.000859,1000.000851,1000.000855,1000.000865,1000.000876,1000.000888,1000.000905,1000.000926,1000.000950,1000.000977,1000.001008,1000.001047,1000.001098,1000.001156,1000.001222,1000.001294,1000.001371,1000.001455,1000.001545,1000.001643,1000.001745,1000.001844,1000.001937,1000.002020,1000.002087,1000.002125,1000.002123,1000.002075,1000.001977,1000.001831,1000.001646,1000.001429,1000.001179,1000.000904,1000.000580,0.000000,0.000000,0.000000,0.000000,0.000000,0.000000,0.000000,0.000000,0.000000,0.000000,0.000000,0.000000,0.000000,0.000000,0.000000,0.000000,0.000000,0.000000,0.000000
0.000000,0.000000,0.000000,0.000000,0.000000,0.000000,0.000000,0.000000,0.000000,0.000000,0.000000,0.000000,0.000000,0.000000,0.000000,0.000000,0.000000,0.000000,0.000000,0.000000,1000.000567,1000.000832,1000.001050,1000.001256,1000.001447,1000.001631,1000.001794,1000.001929,1000.002018,1000.002061,1000.002060,1000.002023,1000.001966,1000.001901,1000.001833,1000.001761,1000.001688,1000.001617,1000.001550,1000.001489,1000.001432,1000.001374,1000.001315,1000.001261,1000.001215,1000.001177,1000.001144,1000.001115,1000.001091,1000.001074,1000.001067,1000.001071,1000.001081,1000.001090,1000.001098,1000.001110,1000.001127,1000.001150,1000.001177,1000.001211,1000.001257,1000.001312,1000.001375,1000.001442,1000.001513,1000.001590,1000.001672,1000.001761,1000.001855,1000.001944,1000.002022,1000.002083,1000.002123,1000.002135,1000.002107,1000.002037,1000.001927,1000.001784,1000.001607,1000.001409,1000.001177,1000.000911,1000.000596,0.000000,0.000000,0.000000,0.000000,0.000000,0.000000,0.000000,0.000000,0.000000,0.000000,0.000000,0.000000,0.000000,0.000000,0.000000,0.000000,0.000000,0.000000,0.000000,0.000000
0.000000,0.000000,0.000000,0.000000,0.000000,0.000000,0.000000,0.000000,0.000000,0.000000,0.000000,0.000000,0.000000,0.000000,0.000000,0.000000,0.000000,0.000000,0.000000,0.000000,0.000000,1000.000508,1000.000737,1000.000953,1000.001149,1000.001342,1000.001536,1000.001716,1000.001871,1000.001986,1000.002052,1000.002073,1000.002061,1000.002032,1000.001990,1000.001938,1000.001875,1000.001811,1000.001752,1000.001698,1000.001648,1000.001595,1000.001537,1000.001480,1000.001428,1000.001386,1000.001353,1000.001329,1000.001311,1000.001299,1000.001293,1000.001295,1000.001301,1000.001307,1000.001313,1000.001321,1000.001335,1000.001356,1000.001384,1000.001424,1000.001475,1000.001533,1000.001594,1000.001657,1000.001725,1000.001797,1000.001875,1000.001958,1000.002034,1000.002094,1000.002128,1000.002130,1000.002104,1000.002047,1000.001956,1000.001835,1000.001695,1000.001537,1000.001371,1000.001175,1000.000891,1000.000613,0.000000,0.000000,0.000000,0.000000,0.000000,0.000000,0.000000,0.000000,0.000000,0.000000,0.000000,0.000000,0.000000,0.000000,0.000000,0.000000,0.000000,0.000000,0.000000,0.000000,0.000000
0.000000,0.000000,0.000000,0.000000,0.000000,0.000000,0.000000,0.000000,0.000000,0.000000,0.000000,0.000000,0.000000,0.000000,0.000000,0.000000,0.000000,0.000000,0.000000,0.000000,0.000000,0.000000,0.000000,1000.000593,1000.000822,1000.001019,1000.001220,1000.001421,1000.001615,1000.001788,1000.001918,1000.002003,1000.002052,1000.002078,1000.002081,1000.002062,1000.002024,1000.001977,1000.001930,1000.001887,1000.001844,1000.001798,1000.001744,1000.001687,1000.001636,1000.001594,1000.001562,1000.001544,1000.001535,1000.001531,1000.001528,1000.001527,1000.001527,1000.001529,1000.001533,1000.001540,1000.001553,1000.001572,1000.001602,1000.001644,1000.001695,1000.001748,1000.001800,1000.001852,1000.001908,1000.001969,1000.002034,1000.002093,1000.002131,1000.002140,1000.002111,1000.002046,1000.001954,1000.001841,1000.001708,1000.001564,1000.001421,1000.001270,1000.001112,1000.000929,0.000000,0.000000,0.000000,0.000000,0.000000,0.000000,0.000000,0.000000,0.000000,0.000000,0.000000,0.000000,0.000000,0.000000,0.000000,0.000000,0.000000,0.000000,0.000000,0.000000,0.000000,0.000000,0.000000
0.000000,0.000000,0.000000,0.000000,0.000000,0.000000,0.000000,0.000000,0.000000,0.000000,0.000000,0.000000,0.000000,0.000000,0.000000,0.000000,0.000000,0.000000,0.000000,0.000000,0.000000,0.000000,0.000000,0.000000,1000.000467,1000.000672,1000.000885,1000.001084,1000.001296,1000.001498,1000.001673,1000.001814,1000.001920,1000.002002,1000.002059,1000.002086,1000.002088,1000.002074,1000.002051,1000.002028,1000.002002,1000.001968,1000.001925,1000.001876,1000.001830,1000.001793,1000.001768,1000.001754,1000.001752,1000.001755,1000.001758,1000.001757,1000.001755,1000.001753,1000.001755,1000.001760,1000.001771,1000.001791,1000.001821,1000.001860,1000.001902,1000.001942,1000.001977,1000.002006,1000.002037,1000.002071,1000.002102,1000.002115,1000.002100,1000.002047,1000.001958,1000.001842,1000.001707,1000.001562,1000.001415,1000.001269,1000.001134,1000.000997,1000.000824,0.000000,0.000000,0.000000,0.000000,0.000000,0.000000,0.000000,0.000000,0.000000,0.000000,0.000000,0.000000,0.000000,0.000000,0.000000,0.000000,0.000000,0.000000,0.000000,0.000000,0.000000,0.000000,0.000000,0.000000
0.000000,0.000000,0.000000,0.000000,0.000000,0.000000,0.000000,0.000000,0.000000,0.000000,0.000000,0.000000,0.000000,0.000000,0.000000,0.000000,0.000000,0.000000,0.000000,0.000000,0.000000,0.000000,0.000000,0.000000,0.000000,0.000000,1000.000523,1000.000716,1000.000948,1000.001163,1000.001365,1000.001534,1000.001681,1000.001802,1000.001901,1000.001975,1000.002022,1000.002050,1000.002065,1000.002073,1000.002075,1000.002067,1000.002046,1000.002017,1000.001987,1000.001962,1000.001945,1000.001935,1000.001934,1000.001939,1000.001946,1000.001952,1000.001953,1000.001951,1000.001948,1000.001949,1000.001958,1000.001978,1000.002006,1000.002034,1000.002058,1000.002074,1000.002080,1000.002076,1000.002071,1000.002062,1000.002043,1000.002003,1000.001932,1000.001830,1000.001702,1000.001555,1000.001402,1000.001251,1000.001109,1000.000968,1000.000807,0.000000,0.000000,0.000000,0.000000,0.000000,0.000000,0.000000,0.000000,0.000000,0.000000,0.000000,0.000000,0.000000,0.000000,0.000000,0.000000,0.000000,0.000000,0.000000,0.000000,0.000000,0.000000,0.000000,0.000000,0.000000,0.000000
0.000000,0.000000,0.000000,0.000000,0.000000,0.000000,0.000000,0.000000,0.000000,0.000000,0.000000,0.000000,0.000000,0.000000,0.000000,0.000000,0.000000,0.000000,0.000000,0.000000,0.000000,0.000000,0.000000,0.000000,0.000000,0.000000,0.000000,0.000000,1000.000537,1000.000770,1000.001020,1000.001198,1000.001357,1000.001496,1000.001624,1000.001733,1000.001818,1000.001883,1000.001935,1000.001975,1000.002010,1000.002038,1000.002053,1000.002057,1000.002053,1000.002047,1000.002042,1000.002037,1000.002035,1000.002036,1000.002042,1000.002052,1000.002057,1000.002055,1000.002049,1000.002046,1000.002052,1000.002069,1000.002088,1000.002100,1000.002098,1000.002081,1000.002052,1000.002017,1000.001977,1000.001929,1000.001867,1000.001782,1000.001670,1000.001538,1000.001386,1000.001224,1000.001072,1000.000928,1000.000755,0.000000,0.000000,0.000000,0.000000,0.000000,0.000000,0.000000,0.000000,0.000000,0.000000,0.000000,0.000000,0.000000,0.000000,0.000000,0.000000,0.000000,0.000000,0.000000,0.000000,0.000000,0.000000,0.000000,0.000000,0.000000,0.000000,0.000000,0.000000
0.000000,0.000000,0.000000,0.000000,0.000000,0.000000,0.000000,0.000000,0.000000,0.000000,0.000000,0.000000,0.000000,0.000000,0.000000,0.000000,0.000000,0.000000,0.000000,0.000000,0.000000,0.000000,0.000000,0.000000,0.000000,0.000000,0.000000,0.000000,0.000000,0.000000,1000.000603,1000.000795,1000.000978,1000.001124,1000.001263,1000.001394,1000.001507,1000.001599,1000.001672,1000.001737,1000.001799,1000.001858,1000.001910,1000.001949,1000.001973,1000.001988,1000.001996,1000.002000,1000.001998,1000.001995,1000.001994,1000.001999,1000.002003,1000.002002,1000.001996,1000.001991,1000.001992,1000.002000,1000.002009,1000.002005,1000.001981,1000.001939,1000.001888,1000.001835,1000.001776,1000.001706,1000.001616,1000.001501,1000.001366,1000.001207,1000.001037,1000.000848,1000.000681,0.000000,0.000000,0.000000,0.000000,0.000000,0.000000,0.000000,0.000000,0.000000,0.000000,0.000000,0.000000,0.000000,0.000000,0.000000,0.000000,0.000000,0.000000,0.000000,0.000000,0.000000,0.000000,0.000000,0.000000,0.000000,0.000000,0.000000,0.000000,0.000000,0.000000
0.000000,0.000000,0.000000,0.000000,0.000000,0.000000,0.000000,0.000000,0.000000,0.000000,0.000000,0.000000,0.000000,0.000000,0.000000,0.000000,0.000000,0.000000,0.000000,0.000000,0.000000,0.000000,0.000000,0.000000,0.000000,0.000000,0.000000,0.000000,0.000000,0.000000,0.000000,0.000000,1000.000516,1000.000707,1000.000872,1000.001011,1000.001127,1000.001233,1000.001321,1000.001405,1000.001483,1000.001563,1000.001638,1000.001703,1000.001750,1000.001780,1000.001798,1000.001808,1000.001811,1000.001805,1000.001796,1000.001789,1000.001788,1000.001787,1000.001785,1000.001781,1000.001777,1000.001775,1000.001772,1000.001757,1000.001727,1000.001683,1000.001632,1000.001576,1000.001514,1000.001437,1000.001331,1000.001202,1000.001047,1000.000826,1000.000614,0.000000,0.000000,0.000000,0.000000,0.000000,0.000000,0.000000,0.000000,0.000000,0.000000,0.000000,0.000000,0.000000,0.000000,0.000000,0.000000,0.000000,0.000000,0.000000,0.000000,0.000000,0.000000,0.000000,0.000000,0.000000,0.000000,0.000000,0.000000,0.000000,0.000000,0.000000,0.000000
0.000000,0.000000,0.000000,0.000000,0.000000,0.000000,0.000000,0.000000,0.000000,0.000000,0.000000,0.000000,0.000000,0.000000,0.000000,0.000000,0.000000,0.000000,0.000000,0.000000,0.000000,0.000000,0.000000,0.000000,0.000000,0.000000,0.000000,0.000000,0.000000,0.000000,0.000000,0.000000,0.000000,0.000000,1000.000453,1000.000601,1000.000716,1000.000817,1000.000917,1000.001010,1000.001103,1000.001197,1000.001291,1000.001373,1000.001437,1000.001478,1000.001502,1000.001514,1000.001514,1000.001500,1000.001478,1000.001458,1000.001451,1000.001451,1000.001459,1000.001466,1000.001467,1000.001461,1000.001445,1000.001419,1000.001384,1000.001347,1000.001321,1000.001278,1000.001223,1000.001147,1000.001026,1000.000864,1000.000700,0.000000,0.000000,0.000000,0.000000,0.000000,0.000000,0.000000,0.000000,0.000000,0.000000,0.000000,0.000000,0.000000,0.000000,0.000000,0.000000,0.000000,0.000000,0.000000,0.000000,0.000000,0.000000,0.000000,0.000000,0.000000,0.000000,0.000000,0.000000,0.000000,0.000000,0.000000,0.000000,0.000000,0.000000
0.000000,0.000000,0.000000,0.000000,0.000000,0.000000,0.000000,0.000000,0.000000,0.000000,0.000000,0.000000,0.000000,0.000000,0.000000,0.000000,0.000000,0.000000,0.000000,0.000000,0.000000,0.000000,0.000000,0.000000,0.000000,0.000000,0.000000,0.000000,0.000000,0.000000,0.000000,0.000000,0.000000,0.000000,0.000000,0.000000,0.000000,1000.000338,1000.000477,1000.000572,1000.000665,1000.000774,1000.000910,1000.001002,1000.001082,1000.001139,1000.001165,1000.001166,1000.001150,1000.001119,1000.001074,1000.001045,1000.001026,1000.001031,1000.001059,1000.001098,1000.001125,1000.001127,1000.001098,1000.001044,1000.000986,1000.000961,1000.000972,1000.000964,1000.000906,1000.000803,0.000000,0.000000,0.000000,0.000000,0.000000,0.000000,0.000000,0.000000,0.000000,0.000000,0.000000,0.000000,0.000000,0.000000,0.000000,0.000000,0.000000,0.000000,0.000000,0.000000,0.000000,0.000000,0.000000,0.000000,0.000000,0.000000,0.000000,0.000000,0.000000,0.000000,0.000000,0.000000,0.000000,0.000000,0.000000,0.000000,0.000000
0.000000,0.000000,0.000000,0.000000,0.000000,0.000000,0.000000,0.000000,0.000000,0.000000,0.000000,0.000000,0.000000,0.000000,0.000000,0.000000,0.000000,0.000000,0.000000,0.000000,0.000000,0.000000,0.000000,0.000000,0.000000,0.000000,0.000000,0.000000,0.000000,0.000000,0.000000,0.000000,0.000000,0.000000,0.000000,0.000000,0.000000,0.000000,0.000000,0.000000,0.000000,0.000000,1000.000491,1000.000599,1000.000708,1000.000794,1000.000827,1000.000797,1000.000741,1000.000683,1000.000628,1000.000597,1000.000533,1000.000538,1000.000607,1000.000709,1000.000798,1000.000826,1000.000780,1000.000680,1000.000541,0.000000,0.000000,0.000000,0.000000,0.000000,0.000000,0.000000,0.000000,0.000000,0.000000,0.000000,0.000000,0.000000,0.000000,0.000000,0.000000,0.000000,0.000000,0.000000,0.000000,0.000000,0.000000,0.000000,0.000000,0.000000,0.000000,0.000000,0.000000,0.000000,0.000000,0.000000,0.000000,0.000000,0.000000,0.000000,0.000000,0.000000,0.000000,0.000000,0.000000,0.000000,0.000000
0.000000,0.000000,0.000000,0.000000,0.000000,0.000000,0.000000,0.000000,0.000000,0.000000,0.000000,0.000000,0.000000,0.000000,0.000000,0.000000,0.000000,0.000000,0.000000,0.000000,0.000000,0.000000,0.000000,0.000000,0.000000,0.000000,0.000000,0.000000,0.000000,0.000000,0.000000,0.000000,0.000000,0.000000,0.000000,0.000000,0.000000,0.000000,0.000000,0.000000,0.000000,0.000000,0.000000,0.000000,0.000000,0.000000,0.000000,0.000000,0.000000,0.000000,0.000000,1000.000133,0.000000,0.000000,0.000000,0.000000,0.000000,0.000000,0.000000,0.000000,0.000000,0.000000,0.000000,0.000000,0.000000,0.000000,0.000000,0.000000,0.000000,0.000000,0.000000,0.000000,0.000000,0.000000,0.000000,0.000000,0.000000,0.000000,0.000000,0.000000,0.000000,0.000000,0.000000,0.000000,0.000000,0.000000,0.000000,0.000000,0.000000,0.000000,0.000000,0.000000,0.000000,0.000000,0.000000,0.000000,0.000000,0.000000,0.000000,0.000000,0.000000,0.000000,0.000000
0.000000,0.000000,0.000000,0.000000,0.000000,0.000000,0.000000,0.000000,0.000000,0.000000,0.000000,0.000000,0.000000,0.000000,0.000000,0.000000,0.000000,0.000000,0.000000,0.000000,0.000000,0.000000,0.000000,0.000000,0.000000,0.000000,0.000000,0.000000,0.000000,0.000000,0.000000,0.000000,0.000000,0.000000,0.000000,0.000000,0.000000,0.000000,0.000000,0.000000,0.000000,0.000000,0.000000,0.000000,0.000000,0.000000,0.000000,0.000000,0.000000,0.000000,0.000000,0.000000,0.000000,0.000000,0.000000,0.000000,0.000000,0.000000,0.000000,0.000000,0.000000,0.000000,0.000000,0.000000,0.000000,0.000000,0.000000,0.000000,0.000000,0.000000,0.000000,0.000000,0.000000,0.000000,0.000000,0.000000,0.000000,0.000000,0.000000,0.000000,0.000000,0.000000,0.000000,0.000000,0.000000,0.000000,0.000000,0.000000,0.000000,0.000000,0.000000,0.000000,0.000000,0.000000,0.000000,0.000000,0.000000,0.000000,0.000000,0.000000,0.000000,0.000000,0.000000
