0.000000,0.000000,0.000000,0.000000,0.000000,0.000000,0.000000,0.000000,0.000000,0.000000,0.000000,0.000000,0.000000,0.000000,0.000000,0.000000,0.000000,0.000000,0.000000,0.000000,0.000000,0.000000,0.000000,0.000000,0.000000,0.000000,0.000000,0.000000,0.000000,0.000000,0.000000,0.000000,0.000000,0.000000,0.000000,0.000000,0.000000,0.000000,0.000000,0.000000,0.000000,0.000000,0.000000,0.000000,0.000000,0.000000,0.000000,0.000000,0.000000,0.000000,0.000000,0.000000,0.000000,0.000000,0.000000,0.000000,0.000000,0.000000,0.000000,0.000000,0.000000,0.000000,0.000000,0.000000,0.000000,0.000000,0.000000,0.000000,0.000000,0.000000,0.000000,0.000000,0.000000,0.000000,0.000000,0.000000,0.000000,0.000000,0.000000,0.000000,0.000000,0.000000,0.000000,0.000000,0.000000,0.000000,0.000000,0.000000,0.000000,0.000000,0.000000,0.000000,0.000000,0.000000,0.000000,0.000000,0.000000,0.000000,0.000000,0.000000,0.000000,0.000000,0.000000
0.000000,0.000000,0.000000,0.000000,0.000000,0.000000,0.000000,0.000000,0.000000,0.000000,0.000000,0.000000,0.000000,0.000000,0.000000,0.000000,0.000000,0.000000,0.000000,0.000000,0.000000,0.000000,0.000000,0.000000,0.000000,0.000000,0.000000,0.000000,0.000000,0.000000,0.000000,0.000000,0.000000,0.000000,0.000000,0.000000,0.000000,0.000000,0.000000,0.000000,0.000000,0.000000,0.000000,0.000000,0.000000,0.000000,0.000000,0.000000,0.000000,0.000000,0.000000,1000.001357,0.000000,0.000000,0.000000,0.000000,0.000000,0.000000,0.000000,0.000000,0.000000,0.000000,0.000000,0.000000,0.000000,0.000000,0.000000,0.000000,0.000000,0.000000,0.000000,0.000000,0.000000,0.000000,0.000000,0.000000,0.000000,0.000000,0.000000,0.000000,0.000000,0.000000,0.000000,0.000000,0.000000,0.000000,0.000000,0.000000,0.000000,0.000000,0.000000,0.000000,0.000000,0.000000,0.000000,0.000000,0.000000,0.000000,0.000000,0.000000,0.000000,0.000000,0.000000
0.000000,0.000000,0.000000,0.000000,0.000000,0.000000,0.000000,0.000000,0.000000,0.000000,0.000000,0.000000,0.000000,0.000000,0.000000,0.000000,0.000000,0.000000,0.000000,0.000000,0.000000,0.000000,0.000000,0.000000,0.000000,0.000000,0.000000,0.000000,0.000000,0.000000,0.000000,0.000000,0.000000,0.000000,0.000000,0.000000,0.000000,0.000000,0.000000,0.000000,0.000000,0.000000,1000.001362,1000.001579,1000.001800,1000.001981,1000.002113,1000.002196,1000.002245,1000.002253,1000.002222,1000.002195,1000.002072,1000.001982,1000.001926,1000.001886,1000.001824,1000.001725,1000.001600,1000.001459,1000.001262,0.000000,0.000000,0.000000,0.000000,0.000000,0.000000,0.000000,0.000000,0.000000,0.000000,0.000000,0.000000,0.000000,0.000000,0.000000,0.000000,0.000000,0.000000,0.000000,0.000000,0.000000,0.000000,0.000000,0.000000,0.000000,0.000000,0.000000,0.000000,0.000000,0.000000,0.000000,0.000000,0.000000,0.000000,0.000000,0.000000,0.000000,0.000000,0.000000,0.000000,0.000000,0.000000
0.000000,0.000000,0.000000,0.000000,0.000000,0.000000,0.000000,0.000000,0.000000,0.000000,0.000000,0.000000,0.000000,0.000000,0.000000,0.000000,0.000000,0.000000,0.000000,0.000000,0.000000,0.000000,0.000000,0.000000,0.000000,0.000000,0.000000,0.000000,0.000000,0.000000,0.000000,0.000000,0.000000,0.000000,0.000000,0.000000,0.000000,1000.000882,1000.001218,1000.001533,1000.001828,1000.002091,1000.002374,1000.002545,1000.002695,1000.002820,1000.002908,1000.002961,1000.002987,1000.002991,1000.002970,1000.002952,1000.002911,1000.002864,1000.002813,1000.002759,1000.002692,1000.002607,1000.002495,1000.002357,1000.002201,1000.002013,1000.001861,1000.001712,1000.001525,1000.001236,0.000000,0.000000,0.000000,0.000000,0.000000,0.000000,0.000000,0.000000,0.000000,0.000000,0.000000,0.000000,0.000000,0.000000,0.000000,0.000000,0.000000,0.000000,0.000000,0.000000,0.000000,0.000000,0.000000,0.000000,0.000000,0.000000,0.000000,0.000000,0.000000,0.000000,0.000000,0.000000,0.000000,0.000000,0.000000,0.000000,0.000000
0.000000,0.000000,0.000000,0.000000,0.000000,0.000000,0.000000,0.000000,0.000000,0.000000,0.000000,0.000000,0.000000,0.000000,0.000000,0.000000,0.000000,0.000000,0.000000,0.000000,0.000000,0.000000,0.000000,0.000000,0.000000,0.000000,0.000000,0.000000,0.000000,0.000000,0.000000,0.000000,0.000000,0.000000,1000.001042,1000.001372,1000.001675,1000.002020,1000.002292,1000.002551,1000.002795,1000.003021,1000.003220,1000.003373,1000.003495,1000.003582,1000.003639,1000.003673,1000.003684,1000.003683,1000.003677,1000.003664,1000.003654,1000.003636,1000.003607,1000.003564,1000.003505,1000.003424,1000.003321,1000.003197,1000.003063,1000.002917,1000.002775,1000.002604,1000.002419,1000.002217,1000.002010,1000.001769,1000.001444,0.000000,0.000000,0.000000,0.000000,0.000000,0.000000,0.000000,0.000000,0.000000,0.000000,0.000000,0.000000,0.000000,0.000000,0.000000,0.000000,0.000000,0.000000,0.000000,0.000000,0.000000,0.000000,0.000000,0.000000,0.000000,0.000000,0.000000,0.000000,0.000000,0.000000,0.000000,0.000000,0.000000,0.000000
0.000000,0.000000,0.000000,0.000000,0.000000,0.000000,0.000000,0.000000,0.000000,0.000000,0.000000,0.000000,0.000000,0.000000,0.000000,0.000000,0.000000,0.000000,0.000000,0.000000,0.000000,0.000000,0.000000,0.000000,0.000000,0.000000,0.000000,0.000000,0.000000,0.000000,0.000000,0.000000,1000.001257,1000.001651,1000.002031,1000.002346,1000.002650,1000.002946,1000.003201,1000.003429,1000.003622,1000.003793,1000.003935,1000.004056,1000.004141,1000.004201,1000.004243,1000.004266,1000.004274,1000.004270,1000.004261,1000.004255,1000.004256,1000.004255,1000.004244,1000.004216,1000.004169,1000.004101,1000.004017,1000.003920,1000.003813,1000.003695,1000.003559,1000.003404,1000.003230,1000.003039,1000.002815,1000.002576,1000.002281,1000.001901,1000.001476,0.000000,0.000000,0.000000,0.000000,0.000000,0.000000,0.000000,0.000000,0.000000,0.000000,0.000000,0.000000,0.000000,0.000000,0.000000,0.000000,0.000000,0.000000,0.000000,0.000000,0.000000,0.000000,0.000000,0.000000,0.000000,0.000000,0.000000,0.000000,0.000000,0.000000,0.000000,0.000000
0.000000,0.000000,0.000000,0.000000,0.000000,0.000000,0.000000,0.000000,0.000000,0.000000,0.000000,0.000000,0.000000,0.000000,0.000000,0.000000,0.000000,0.000000,0.000000,0.000000,0.000000,0.000000,0.000000,0.000000,0.000000,0.000000,0.000000,0.000000,0.000000,0.000000,1000.001449,1000.001857,1000.002250,1000.002575,1000.002893,1000.003188,1000.003470,1000.003717,1000.003931,1000.004105,1000.004241,1000.004354,1000.004444,1000.004514,1000.004564,1000.004601,1000.004630,1000.004647,1000.004653,1000.004649,1000.004643,1000.004638,1000.004639,1000.004639,1000.004635,1000.004619,1000.004591,1000.004550,1000.004498,1000.004437,1000.004367,1000.004281,1000.004176,1000.004053,1000.003907,1000.003737,1000.003531,1000.003292,1000.003018,1000.002703,1000.002359,1000.001938,1000.001447,0.000000,0.000000,0.000000,0.000000,0.000000,0.000000,0.000000,0.000000,0.000000,0.000000,0.000000,0.000000,0.000000,0.000000,0.000000,0.000000,0.000000,0.000000,0.000000,0.000000,0.000000,0.000000,0.000000,0.000000,0.000000,0.000000,0.000000,0.000000,0.000000,0.000000
0.000000,0.000000,0.000000,0.000000,0.000000,0.000000,0.000000,0.000000,0.000000,0.000000,0.000000,0.000000,0.000000,0.000000,0.000000,0.000000,0.000000,0.000000,0.000000,0.000000,0.000000,0.000000,0.000000,0.000000,0.000000,0.000000,0.000000,0.000000,1000.001560,1000.001973,1000.002374,1000.002718,1000.003056,1000.003365,1000.003647,1000.003895,1000.004109,1000.004287,1000.004429,1000.004532,1000.004603,1000.004649,1000.004680,1000.004699,1000.004712,1000.004723,1000.004733,1000.004740,1000.004744,1000.004743,1000.004742,1000.004742,1000.004740,1000.004736,1000.004730,1000.004724,1000.004718,1000.004708,1000.004693,1000.004673,1000.004645,1000.004606,1000.004551,1000.004478,1000.004384,1000.004260,1000.004104,1000.003912,1000.003683,1000.003413,1000.003104,1000.002753,1000.002382,1000.001996,1000.001533,0.000000,0.000000,0.000000,0.000000,0.000000,0.000000,0.000000,0.000000,0.000000,0.000000,0.000000,0.000000,0.000000,0.000000,0.000000,0.000000,0.000000,0.000000,0.000000,0.000000,0.000000,0.000000,0.000000,0.000000,0.000000,0.000000,0.000000,0.000000
0.000000,0.000000,0.000000,0.000000,0.000000,0.000000,0.000000,0.000000,0.000000,0.000000,0.000000,0.000000,0.000000,0.000000,0.000000,0.000000,0.000000,0.000000,0.000000,0.000000,0.000000,0.000000,0.000000,0.000000,0.000000,0.000000,1000.001475,1000.001958,1000.002395,1000.002758,1000.003113,1000.003439,1000.003743,1000.004006,1000.004223,1000.004397,1000.004526,1000.004613,1000.004665,1000.004686,1000.004685,1000.004667,1000.004643,1000.004619,1000.004598,1000.004582,1000.004572,1000.004564,1000.004562,1000.004563,1000.004567,1000.004572,1000.004571,1000.004566,1000.004562,1000.004564,1000.004576,1000.004592,1000.004608,1000.004623,1000.004635,1000.004645,1000.004646,1000.004636,1000.004612,1000.004564,1000.004486,1000.004373,1000.004217,1000.004020,1000.003779,1000.003495,1000.003168,1000.002811,1000.002470,1000.002151,1000.001684,0.000000,0.000000,0.000000,0.000000,0.000000,0.000000,0.000000,0.000000,0.000000,0.000000,0.000000,0.000000,0.000000,0.000000,0.000000,0.000000,0.000000,0.000000,0.000000,0.000000,0.000000,0.000000,0.000000,0.000000,0.000000,0.000000
0.000000,0.000000,0.000000,0.000000,0.000000,0.000000,0.000000,0.000000,0.000000,0.000000,0.000000,0.000000,0.000000,0.000000,0.000000,0.000000,0.000000,0.000000,0.000000,0.000000,0.000000,0.000000,0.000000,0.000000,1000.001270,1000.001813,1000.002305,1000.002715,1000.003094,1000.003432,1000.003745,1000.004022,1000.004253,1000.004437,1000.004568,1000.004649,1000.004682,1000.004677,1000.004642,1000.004590,1000.004527,1000.004461,1000.004400,1000.004346,1000.004299,1000.004260,1000.004229,1000.004207,1000.004195,1000.004194,1000.004200,1000.004207,1000.004210,1000.004210,1000.004211,1000.004223,1000.004248,1000.004283,1000.004322,1000.004363,1000.004409,1000.004457,1000.004506,1000.004553,1000.004597,1000.004632,1000.004648,1000.004634,1000.004579,1000.004475,1000.004322,1000.004124,1000.003874,1000.003573,1000.003249,1000.002901,1000.002531,1000.002050,1000.001442,0.000000,0.000000,0.000000,0.000000,0.000000,0.000000,0.000000,0.000000,0.000000,0.000000,0.000000,0.000000,0.000000,0.000000,0.000000,0.000000,0.000000,0.000000,0.000000,0.000000,0.000000,0.000000,0.000000,0.000000
0.000000,0.000000,0.000000,0.000000,0.000000,0.000000,0.000000,0.000000,0.000000,0.000000,0.000000,0.000000,0.000000,0.000000,0.000000,0.000000,0.000000,0.000000,0.000000,0.000000,0.000000,0.000000,0.000000,1000.001582,1000.002133,1000.002590,1000.003018,1000.003395,1000.003725,1000.004003,1000.004234,1000.004420,1000.004552,1000.004631,1000.004659,1000.004643,1000.004592,1000.004514,1000.004416,1000.004310,1000.004206,1000.004112,1000.004029,1000.003956,1000.003892,1000.003833,1000.003782,1000.003745,1000.003725,1000.003719,1000.003722,1000.003730,1000.003738,1000.003746,1000.003757,1000.003779,1000.003816,1000.003867,1000.003924,1000.003987,1000.004056,1000.004132,1000.004213,1000.004300,1000.004395,1000.004495,1000.004591,1000.004671,1000.004722,1000.004725,1000.004677,1000.004576,1000.004417,1000.004199,1000.003932,1000.003607,1000.003244,1000.002806,1000.002303,1000.001647,0.000000,0.000000,0.000000,0.000000,0.000000,0.000000,0.000000,0.000000,0.000000,0.000000,0.000000,0.000000,0.000000,0.000000,0.000000,0.000000,0.000000,0.000000,0.000000,0.000000,0.000000,0.000000,0.000000
0.000000,0.000000,0.000000,0.000000,0.000000,0.000000,0.000000,0.000000,0.000000,0.000000,0.000000,0.000000,0.000000,0.000000,0.000000,0.000000,0.000000,0.000000,0.000000,0.000000,0.000000,1000.001251,1000.001849,1000.002394,1000.002856,1000.003278,1000.003666,1000.003987,1000.004233,1000.004414,1000.004539,1000.004609,1000.004627,1000.004596,1000.004529,1000.004435,1000.004322,1000.004195,1000.004057,1000.003920,1000.003794,1000.003685,1000.003590,1000.003506,1000.003426,1000.003351,1000.003285,1000.003236,1000.003207,1000.003194,1000.003193,1000.003201,1000.003215,1000.003231,1000.003253,1000.003286,1000.003334,1000.003399,1000.003473,1000.003552,1000.003637,1000.003731,1000.003833,1000.003945,1000.004071,1000.004211,1000.004361,1000.004509,1000.004640,1000.004739,1000.004795,1000.004800,1000.004747,1000.004631,1000.004453,1000.004211,1000.003899,1000.003504,1000.003054,1000.002554,1000.002014,1000.001363,0.000000,0.000000,0.000000,0.000000,0.000000,0.000000,0.000000,0.000000,0.000000,0.000000,0.000000,0.000000,0.000000,0.000000,0.000000,0.000000,0.000000,0.000000,0.000000,0.000000,0.000000
0.000000,0.000000,0.000000,0.000000,0.000000,0.000000,0.000000,0.000000,0.000000,0.000000,0.000000,0.000000,0.000000,0.000000,0.000000,0.000000,0.000000,0.000000,0.000000,0.000000,1000.001402,1000.002035,1000.002562,1000.003049,1000.003483,1000.003874,1000.004189,1000.004416,1000.004554,1000.004617,1000.004623,1000.004579,1000.004495,1000.004379,1000.004243,1000.004096,1000.003942,1000.003784,1000.003626,1000.003475,1000.003340,1000.003222,1000.003119,1000.003024,1000.002932,1000.002846,1000.002772,1000.002717,1000.002680,1000.002660,1000.002654,1000.002660,1000.002678,1000.002703,1000.002735,1000.002778,1000.002835,1000.002909,1000.002994,1000.003086,1000.003185,1000.003290,1000.003405,1000.003534,1000.003679,1000.003841,1000.004018,1000.004204,1000.004386,1000.004550,1000.004684,1000.004780,1000.004831,1000.004830,1000.004770,1000.004639,1000.004427,1000.004126,1000.003734,1000.003288,1000.002795,1000.002262,1000.001599,0.000000,0.000000,0.000000,0.000000,0.000000,0.000000,0.000000,0.000000,0.000000,0.000000,0.000000,0.000000,0.000000,0.000000,0.000000,0.000000,0.000000,0.000000,0.000000,0.000000
0.000000,0.000000,0.000000,0.000000,0.000000,0.000000,0.000000,0.000000,0.000000,0.000000,0.000000,0.000000,0.000000,0.000000,0.000000,0.000000,0.000000,0.000000,0.000000,1000.001559,1000.002169,1000.002698,1000.003182,1000.003631,1000.004013,1000.004318,1000.004528,1000.004634,1000.004647,1000.004592,1000.004494,1000.004365,1000.004210,1000.004040,1000.003862,1000.003680,1000.003500,1000.003323,1000.003156,1000.003002,1000.002865,1000.002743,1000.002632,1000.002526,1000.002426,1000.002336,1000.002261,1000.002205,1000.002165,1000.002139,1000.002128,1000.002132,1000.002151,1000.002182,1000.002222,1000.002274,1000.002340,1000.002420,1000.002512,1000.002613,1000.002720,1000.002834,1000.002958,1000.003097,1000.003253,1000.003425,1000.003613,1000.003815,1000.004022,1000.004222,1000.004404,1000.004563,1000.004695,1000.004796,1000.004855,1000.004854,1000.004766,1000.004580,1000.004294,1000.003925,1000.003483,1000.003009,1000.002477,1000.001850,0.000000,0.000000,0.000000,0.000000,0.000000,0.000000,0.000000,0.000000,0.000000,0.000000,0.000000,0.000000,0.000000,0.000000,0.000000,0.000000,0.000000,0.000000,0.000000
0.000000,0.000000,0.000000,0.000000,0.000000,0.000000,0.000000,0.000000,0.000000,0.000000,0.000000,0.000000,0.000000,0.000000,0.000000,0.000000,0.000000,0.000000,1000.001698,1000.002290,1000.002808,1000.003286,1000.003738,1000.004112,1000.004396,1000.004584,1000.004663,1000.004638,1000.004536,1000.004388,1000.004217,1000.004032,1000.003837,1000.003636,1000.003432,1000.003228,1000.003029,1000.002843,1000.002671,1000.002515,1000.002375,1000.002249,1000.002132,1000.002022,1000.001921,1000.001833,1000.001762,1000.001707,1000.001668,1000.001641,1000.001629,1000.001631,1000.001648,1000.001679,1000.001725,1000.001785,1000.001858,1000.001944,1000.002041,1000.002147,1000.002258,1000.002376,1000.002505,1000.002648,1000.002807,1000.002982,1000.003172,1000.003378,1000.003596,1000.003814,1000.004024,1000.004221,1000.004408,1000.004584,1000.004737,1000.004848,1000.004890,1000.004834,1000.004674,1000.004417,1000.004070,1000.003645,1000.003181,1000.002661,1000.002040,0.000000,0.000000,0.000000,0.000000,0.000000,0.000000,0.000000,0.000000,0.000000,0.000000,0.000000,0.000000,0.000000,0.000000,0.000000,0.000000,0.000000,0.000000
0.000000,0.000000,0.000000,0.000000,0.000000,0.000000,0.000000,0.000000,0.000000,0.000000,0.000000,0.000000,0.000000,0.000000,0.000000,0.000000,0.000000,1000.001770,1000.002379,1000.002903,1000.003375,1000.003817,1000.004189,1000.004459,1000.004619,1000.004669,1000.004614,1000.004476,1000.004286,1000.004074,1000.003859,1000.003643,1000.003426,1000.003208,1000.002987,1000.002769,1000.002560,1000.002366,1000.002188,1000.002027,1000.001884,1000.001755,1000.001638,1000.001530,1000.001434,1000.001351,1000.001284,1000.001231,1000.001192,1000.001168,1000.001158,1000.001160,1000.001173,1000.001202,1000.001249,1000.001313,1000.001391,1000.001481,1000.001581,1000.001689,1000.001804,1000.001923,1000.002052,1000.002193,1000.002350,1000.002520,1000.002707,1000.002912,1000.003133,1000.003361,1000.003587,1000.003809,1000.004031,1000.004255,1000.004473,1000.004667,1000.004812,1000.004883,1000.004859,1000.004731,1000.004502,1000.004172,1000.003760,1000.003303,1000.002772,1000.002112,0.000000,0.000000,0.000000,0.000000,0.000000,0.000000,0.000000,0.000000,0.000000,0.000000,0.000000,0.000000,0.000000,0.000000,0.000000,0.000000,0.000000
0.000000,0.000000,0.000000,0.000000,0.000000,0.000000,0.000000,0.000000,0.000000,0.000000,0.000000,0.000000,0.000000,0.000000,0.000000,0.000000,1000.001784,1000.002426,1000.002967,1000.003448,1000.003883,1000.004242,1000.004502,1000.004646,1000.004670,1000.004588,1000.004424,1000.004203,1000.003956,1000.003705,1000.003465,1000.003232,1000.003002,1000.002773,1000.002544,1000.002319,1000.002104,1000.001904,1000.001720,1000.001554,1000.001409,1000.001282,1000.001167,1000.001064,1000.000973,1000.000895,1000.000830,1000.000778,1000.000741,1000.000719,1000.000710,1000.000710,1000.000722,1000.000750,1000.000795,1000.000858,1000.000937,1000.001028,1000.001129,1000.001238,1000.001355,1000.001476,1000.001603,1000.001740,1000.001889,1000.002053,1000.002232,1000.002433,1000.002654,1000.002885,1000.003120,1000.003359,1000.003605,1000.003858,1000.004117,1000.004367,1000.004586,1000.004755,1000.004855,1000.004863,1000.004764,1000.004554,1000.004239,1000.003838,1000.003377,1000.002830,1000.002145,0.000000,0.000000,0.000000,0.000000,0.000000,0.000000,0.000000,0.000000,0.000000,0.000000,0.000000,0.000000,0.000000,0.000000,0.000000,0.000000
0.000000,0.000000,0.000000,0.000000,0.000000,0.000000,0.000000,0.000000,0.000000,0.000000,0.000000,0.000000,0.000000,0.000000,0.000000,1000.001796,1000.002434,1000.002989,1000.003486,1000.003929,1000.004279,1000.004521,1000.004649,1000.004659,1000.004561,1000.004379,1000.004137,1000.003863,1000.003581,1000.003311,1000.003057,1000.002813,1000.002575,1000.002340,1000.002106,1000.001877,1000.001660,1000.001458,1000.001271,1000.001105,1000.000961,1000.000836,1000.000724,1000.000624,1000.000536,1000.000460,1000.000396,1000.000344,1000.000309,1000.000288,1000.000277,1000.000277,1000.000288,1000.000316,1000.000362,1000.000422,1000.000496,1000.000584,1000.000683,1000.000792,1000.000909,1000.001032,1000.001160,1000.001295,1000.001437,1000.001592,1000.001764,1000.001960,1000.002178,1000.002411,1000.002652,1000.002901,1000.003162,1000.003435,1000.003717,1000.003998,1000.004265,1000.004502,1000.004694,1000.004821,1000.004855,1000.004779,1000.004588,1000.004287,1000.003891,1000.003425,1000.002873,1000.002213,0.000000,0.000000,0.000000,0.000000,0.000000,0.000000,0.000000,0.000000,0.000000,0.000000,0.000000,0.000000,0.000000,0.000000,0.000000
0.000000,0.000000,0.000000,0.000000,0.000000,0.000000,0.000000,0.000000,0.000000,0.000000,0.000000,0.000000,0.000000,0.000000,1000.001775,1000.002403,1000.002967,1000.003480,1000.003938,1000.004294,1000.004527,1000.004637,1000.004631,1000.004523,1000.004331,1000.004079,1000.003787,1000.003481,1000.003182,1000.002901,1000.002640,1000.002391,1000.002149,1000.001910,1000.001674,1000.001444,1000.001228,1000.001027,1000.000843,1000.000681,1000.000540,1000.000415,1000.000303,1000.000203,1000.000116,1000.000040,999.999976,999.999926,999.999892,999.999869,999.999857,999.999856,999.999869,999.999897,999.999941,999.999998,1000.000068,1000.000151,1000.000247,1000.000354,1000.000470,1000.000594,1000.000723,1000.000858,1000.000999,1000.001149,1000.001317,1000.001508,1000.001722,1000.001956,1000.002204,1000.002461,1000.002729,1000.003010,1000.003303,1000.003598,1000.003888,1000.004163,1000.004417,1000.004632,1000.004784,1000.004844,1000.004791,1000.004616,1000.004325,1000.003928,1000.003455,1000.002898,1000.002243,0.000000,0.000000,0.000000,0.000000,0.000000,0.000000,0.000000,0.000000,0.000000,0.000000,0.000000,0.000000,0.000000,0.000000
0.000000,0.000000,0.000000,0.000000,0.000000,0.000000,0.000000,0.000000,0.000000,0.000000,0.000000,0.000000,0.000000,1000.001639,1000.002310,1000.002897,1000.003428,1000.003905,1000.004279,1000.004520,1000.004622,1000.004599,1000.004478,1000.004280,1000.004022,1000.003722,1000.003400,1000.003077,1000.002770,1000.002484,1000.002219,1000.001967,1000.001723,1000.001484,1000.001249,1000.001022,1000.000809,1000.000613,1000.000436,1000.000280,1000.000142,1000.000017,999.999902,999.999800,999.999711,999.999633,999.999570,999.999521,999.999485,999.999462,999.999448,999.999446,999.999459,999.999488,999.999530,999.999585,999.999652,999.999733,999.999826,999.999931,1000.000046,1000.000169,1000.000299,1000.000435,1000.000579,1000.000731,1000.000899,1000.001087,1000.001297,1000.001529,1000.001778,1000.002041,1000.002314,1000.002596,1000.002889,1000.003188,1000.003486,1000.003780,1000.004069,1000.004344,1000.004585,1000.004763,1000.004846,1000.004808,1000.004641,1000.004347,1000.003937,1000.003443,1000.002864,1000.002171,0.000000,0.000000,0.000000,0.000000,0.000000,0.000000,0.000000,0.000000,0.000000,0.000000,0.000000,0.000000,0.000000
0.000000,0.000000,0.000000,0.000000,0.000000,0.000000,0.000000,0.000000,0.000000,0.000000,0.000000,0.000000,1000.001371,1000.002143,1000.002779,1000.003337,1000.003837,1000.004236,1000.004497,1000.004608,1000.004577,1000.004442,1000.004231,1000.003967,1000.003663,1000.003334,1000.002995,1000.002666,1000.002357,1000.002071,1000.001803,1000.001547,1000.001303,1000.001065,1000.000833,1000.000612,1000.000406,1000.000219,1000.000050,999.999900,999.999765,999.999640,999.999523,999.999417,999.999324,999.999243,999.999177,999.999126,999.999088,999.999061,999.999044,999.999042,999.999056,999.999084,999.999126,999.999181,999.999249,999.999330,999.999423,999.999527,999.999640,999.999762,999.999893,1000.000031,1000.000178,1000.000336,1000.000507,1000.000694,1000.000901,1000.001128,1000.001373,1000.001635,1000.001909,1000.002192,1000.002484,1000.002783,1000.003086,1000.003391,1000.003699,1000.004008,1000.004306,1000.004570,1000.004765,1000.004858,1000.004824,1000.004651,1000.004336,1000.003894,1000.003363,1000.002744,1000.001994,0.000000,0.000000,0.000000,0.000000,0.000000,0.000000,0.000000,0.000000,0.000000,0.000000,0.000000,0.000000
0.000000,0.000000,0.000000,0.000000,0.000000,0.000000,0.000000,0.000000,0.000000,0.000000,0.000000,1000.001074,1000.001928,1000.002622,1000.003222,1000.003751,1000.004178,1000.004465,1000.004592,1000.004567,1000.004422,1000.004197,1000.003922,1000.003614,1000.003282,1000.002937,1000.002593,1000.002265,1000.001959,1000.001673,1000.001401,1000.001141,1000.000894,1000.000655,1000.000426,1000.000213,1000.000018,999.999842,999.999682,999.999537,999.999403,999.999277,999.999160,999.999050,999.998952,999.998866,999.998795,999.998739,999.998695,999.998663,999.998645,999.998643,999.998657,999.998686,999.998728,999.998783,999.998854,999.998937,999.999032,999.999136,999.999250,999.999372,999.999504,999.999645,999.999796,999.999957,1000.000131,1000.000320,1000.000523,1000.000745,1000.000985,1000.001243,1000.001516,1000.001801,1000.002096,1000.002398,1000.002707,1000.003018,1000.003335,1000.003659,1000.003985,1000.004299,1000.004574,1000.004776,1000.004872,1000.004829,1000.004630,1000.004276,1000.003787,1000.003213,1000.002560,1000.001794,0.000000,0.000000,0.000000,0.000000,0.000000,0.000000,0.000000,0.000000,0.000000,0.000000,0.000000
0.000000,0.000000,0.000000,0.000000,0.000000,0.000000,0.000000,0.000000,0.000000,0.000000,0.000000,1000.001669,1000.002436,1000.003092,1000.003659,1000.004114,1000.004430,1000.004582,1000.004569,1000.004423,1000.004188,1000.003899,1000.003582,1000.003248,1000.002901,1000.002550,1000.002207,1000.001882,1000.001579,1000.001293,1000.001017,1000.000752,1000.000499,1000.000258,1000.000033,999.999827,999.999643,999.999477,999.999323,999.999181,999.999047,999.998922,999.998802,999.998690,999.998586,999.998493,999.998415,999.998352,999.998303,999.998269,999.998252,999.998253,999.998271,999.998301,999.998342,999.998396,999.998465,999.998549,999.998644,999.998750,999.998865,999.998991,999.999127,999.999272,999.999424,999.999587,999.999762,999.999951,1000.000155,1000.000374,1000.000611,1000.000867,1000.001140,1000.001428,1000.001726,1000.002033,1000.002347,1000.002664,1000.002984,1000.003313,1000.003648,1000.003985,1000.004308,1000.004591,1000.004797,1000.004884,1000.004815,1000.004574,1000.004167,1000.003627,1000.003010,1000.002334,0.000000,0.000000,0.000000,0.000000,0.000000,0.000000,0.000000,0.000000,0.000000,0.000000,0.000000
0.000000,0.000000,0.000000,0.000000,0.000000,0.000000,0.000000,0.000000,0.000000,0.000000,1000.001387,1000.002250,1000.002946,1000.003555,1000.004045,1000.004390,1000.004573,1000.004584,1000.004446,1000.004205,1000.003906,1000.003577,1000.003233,1000.002884,1000.002531,1000.002178,1000.001836,1000.001514,1000.001213,1000.000926,1000.000645,1000.000375,1000.000118,999.999878,999.999657,999.999459,999.999281,999.999119,999.998968,999.998826,999.998692,999.998565,999.998443,999.998327,999.998219,999.998120,999.998037,999.997969,999.997917,999.997884,999.997872,999.997878,999.997899,999.997931,999.997971,999.998021,999.998086,999.998165,999.998259,999.998365,999.998484,999.998614,999.998755,999.998903,999.999058,999.999223,999.999398,999.999587,999.999791,1000.000011,1000.000248,1000.000503,1000.000778,1000.001070,1000.001371,1000.001679,1000.001997,1000.002319,1000.002644,1000.002973,1000.003313,1000.003660,1000.004007,1000.004340,1000.004628,1000.004827,1000.004888,1000.004774,1000.004476,1000.004021,1000.003438,1000.002747,1000.001861,0.000000,0.000000,0.000000,0.000000,0.000000,0.000000,0.000000,0.000000,0.000000,0.000000
0.000000,0.000000,0.000000,0.000000,0.000000,0.000000,0.000000,0.000000,0.000000,1000.001184,1000.002048,1000.002780,1000.003423,1000.003963,1000.004345,1000.004558,1000.004598,1000.004480,1000.004244,1000.003939,1000.003601,1000.003246,1000.002887,1000.002530,1000.002173,1000.001817,1000.001474,1000.001152,1000.000851,1000.000560,1000.000276,1000.000004,999.999750,999.999515,999.999300,999.999105,999.998928,999.998764,999.998611,999.998466,999.998330,999.998201,999.998077,999.997960,999.997850,999.997752,999.997668,999.997600,999.997549,999.997518,999.997507,999.997515,999.997536,999.997567,999.997606,999.997654,999.997714,999.997790,999.997881,999.997986,999.998106,999.998239,999.998383,999.998535,999.998696,999.998864,999.999042,999.999233,999.999437,999.999658,999.999895,1000.000151,1000.000427,1000.000721,1000.001025,1000.001336,1000.001654,1000.001979,1000.002308,1000.002641,1000.002983,1000.003338,1000.003699,1000.004058,1000.004398,1000.004681,1000.004856,1000.004870,1000.004694,1000.004339,1000.003825,1000.003180,1000.002435,1000.001506,0.000000,0.000000,0.000000,0.000000,0.000000,0.000000,0.000000,0.000000,0.000000
0.000000,0.000000,0.000000,0.000000,0.000000,0.000000,0.000000,0.000000,0.000000,1000.001803,1000.002587,1000.003261,1000.003846,1000.004280,1000.004533,1000.004603,1000.004509,1000.004290,1000.003988,1000.003647,1000.003287,1000.002918,1000.002550,1000.002186,1000.001823,1000.001462,1000.001115,1000.000792,1000.000487,1000.000192,999.999908,999.999639,999.999391,999.999163,999.998953,999.998759,999.998579,999.998410,999.998252,999.998103,999.997964,999.997831,999.997707,999.997592,999.997487,999.997394,999.997314,999.997249,999.997201,999.997170,999.997158,999.997162,999.997178,999.997205,999.997242,999.997289,999.997348,999.997423,999.997513,999.997619,999.997739,999.997872,999.998017,999.998173,999.998339,999.998514,999.998698,999.998892,999.999098,999.999318,999.999554,999.999810,1000.000086,1000.000382,1000.000688,1000.000998,1000.001316,1000.001642,1000.001974,1000.002312,1000.002660,1000.003019,1000.003389,1000.003765,1000.004134,1000.004471,1000.004733,1000.004861,1000.004813,1000.004577,1000.004161,1000.003572,1000.002872,1000.002087,0.000000,0.000000,0.000000,0.000000,0.000000,0.000000,0.000000,0.000000,0.000000
0.000000,0.000000,0.000000,0.000000,0.000000,0.000000,0.000000,0.000000,1000.001630,1000.002392,1000.003064,1000.003678,1000.004171,1000.004485,1000.004598,1000.004532,1000.004333,1000.004045,1000.003707,1000.003347,1000.002975,1000.002597,1000.002220,1000.001848,1000.001477,1000.001111,1000.000762,1000.000437,1000.000131,999.999836,999.999553,999.999289,999.999047,999.998823,999.998615,999.998418,999.998233,999.998060,999.997896,999.997743,999.997599,999.997465,999.997342,999.997232,999.997134,999.997047,999.996973,999.996913,999.996868,999.996837,999.996822,999.996819,999.996828,999.996850,999.996884,999.996931,999.996993,999.997069,999.997160,999.997267,999.997386,999.997519,999.997663,999.997822,999.997993,999.998175,999.998364,999.998563,999.998771,999.998992,999.999229,999.999483,999.999758,1000.000052,1000.000356,1000.000665,1000.000982,1000.001309,1000.001645,1000.001990,1000.002344,1000.002708,1000.003082,1000.003467,1000.003853,1000.004222,1000.004542,1000.004761,1000.004831,1000.004719,1000.004414,1000.003922,1000.003267,1000.002504,1000.001560,0.000000,0.000000,0.000000,0.000000,0.000000,0.000000,0.000000,0.000000
0.000000,0.000000,0.000000,0.000000,0.000000,0.000000,0.000000,0.000000,1000.002125,1000.002833,1000.003462,1000.004010,1000.004396,1000.004577,1000.004555,1000.004379,1000.004107,1000.003777,1000.003420,1000.003049,1000.002668,1000.002281,1000.001894,1000.001513,1000.001137,1000.000770,1000.000423,1000.000101,999.999797,999.999503,999.999223,999.998964,999.998724,999.998500,999.998289,999.998089,999.997901,999.997724,999.997556,999.997397,999.997249,999.997115,999.996994,999.996887,999.996794,999.996714,999.996646,999.996592,999.996549,999.996518,999.996498,999.996490,999.996494,999.996512,999.996545,999.996592,999.996654,999.996731,999.996825,999.996933,999.997054,999.997186,999.997330,999.997488,999.997660,999.997845,999.998040,999.998243,999.998457,999.998682,999.998919,999.999171,999.999443,999.999733,1000.000032,1000.000338,1000.000655,1000.000984,1000.001326,1000.001677,1000.002039,1000.002409,1000.002785,1000.003171,1000.003566,1000.003956,1000.004314,1000.004601,1000.004770,1000.004779,1000.004588,1000.004191,1000.003604,1000.002874,1000.002083,0.000000,0.000000,0.000000,0.000000,0.000000,0.000000,0.000000,0.000000
0.000000,0.000000,0.000000,0.000000,0.000000,0.000000,0.000000,1000.001826,1000.002571,1000.003209,1000.003789,1000.004248,1000.004518,1000.004573,1000.004438,1000.004181,1000.003859,1000.003506,1000.003136,1000.002755,1000.002364,1000.001968,1000.001574,1000.001188,1000.000811,1000.000446,1000.000104,999.999787,999.999487,999.999197,999.998922,999.998665,999.998426,999.998200,999.997986,999.997784,999.997594,999.997414,999.997241,999.997077,999.996927,999.996791,999.996671,999.996566,999.996475,999.996399,999.996336,999.996286,999.996244,999.996212,999.996189,999.996176,999.996176,999.996193,999.996225,999.996272,999.996333,999.996411,999.996506,999.996618,999.996742,999.996877,999.997020,999.997175,999.997345,999.997530,999.997727,999.997935,999.998156,999.998385,999.998622,999.998873,999.999142,999.999426,999.999719,1000.000023,1000.000340,1000.000672,1000.001018,1000.001378,1000.001747,1000.002122,1000.002502,1000.002889,1000.003287,1000.003691,1000.004077,1000.004413,1000.004662,1000.004775,1000.004699,1000.004405,1000.003908,1000.003229,1000.002437,1000.001461,0.000000,0.000000,0.000000,0.000000,0.000000,0.000000,0.000000
0.000000,0.000000,0.000000,0.000000,0.000000,0.000000,0.000000,1000.002225,1000.002896,1000.003510,1000.004038,1000.004401,1000.004557,1000.004501,1000.004279,1000.003966,1000.003614,1000.003243,1000.002860,1000.002467,1000.002067,1000.001663,1000.001266,1000.000878,1000.000501,1000.000141,999.999806,999.999495,999.999200,999.998916,999.998645,999.998390,999.998151,999.997924,999.997708,999.997504,999.997312,999.997129,999.996953,999.996787,999.996636,999.996500,999.996379,999.996273,999.996181,999.996106,999.996045,999.995995,999.995953,999.995918,999.995892,999.995877,999.995876,999.995891,999.995923,999.995969,999.996031,999.996109,999.996206,999.996321,999.996450,999.996588,999.996731,999.996884,999.997051,999.997234,999.997431,999.997642,999.997866,999.998098,999.998336,999.998586,999.998852,999.999132,999.999421,999.999722,1000.000040,1000.000375,1000.000724,1000.001089,1000.001468,1000.001850,1000.002234,1000.002623,1000.003024,1000.003435,1000.003841,1000.004214,1000.004522,1000.004723,1000.004755,1000.004569,1000.004160,1000.003551,1000.002787,1000.001948,0.000000,0.000000,0.000000,0.000000,0.000000,0.000000,0.000000
0.000000,0.000000,0.000000,0.000000,0.000000,0.000000,1000.001760,1000.002531,1000.003183,1000.003770,1000.004223,1000.004487,1000.004537,1000.004387,1000.004103,1000.003755,1000.003381,1000.002993,1000.002596,1000.002192,1000.001782,1000.001373,1000.000974,1000.000586,1000.000212,999.999857,999.999528,999.999224,999.998935,999.998655,999.998388,999.998135,999.997894,999.997665,999.997447,999.997241,999.997046,999.996860,999.996684,999.996519,999.996369,999.996233,999.996111,999.996002,999.995908,999.995832,999.995769,999.995716,999.995671,999.995635,999.995607,999.995592,999.995592,999.995608,999.995640,999.995687,999.995749,999.995828,999.995925,999.996041,999.996172,999.996313,999.996460,999.996612,999.996776,999.996956,999.997151,999.997363,999.997588,999.997822,999.998061,999.998310,999.998574,999.998850,999.999135,999.999435,999.999754,1000.000091,1000.000443,1000.000811,1000.001195,1000.001587,1000.001977,1000.002372,1000.002777,1000.003192,1000.003610,1000.004009,1000.004363,1000.004633,1000.004762,1000.004685,1000.004374,1000.003851,1000.003146,1000.002328,1000.001324,0.000000,0.000000,0.000000,0.000000,0.000000,0.000000
0.000000,0.000000,0.000000,0.000000,0.000000,0.000000,1000.002119,1000.002791,1000.003438,1000.003984,1000.004359,1000.004526,1000.004476,1000.004254,1000.003927,1000.003553,1000.003159,1000.002755,1000.002345,1000.001930,1000.001512,1000.001101,1000.000701,1000.000315,999.999945,999.999596,999.999272,999.998972,999.998687,999.998411,999.998145,999.997892,999.997649,999.997418,999.997197,999.996988,999.996791,999.996605,999.996430,999.996267,999.996118,999.995982,999.995857,999.995746,999.995651,999.995571,999.995504,999.995446,999.995398,999.995360,999.995333,999.995320,999.995322,999.995341,999.995375,999.995423,999.995485,999.995564,999.995659,999.995772,999.995902,999.996046,999.996197,999.996352,999.996515,999.996691,999.996883,999.997093,999.997319,999.997555,999.997796,999.998045,999.998308,999.998582,999.998863,999.999161,999.999482,999.999821,1000.000175,1000.000544,1000.000931,1000.001328,1000.001726,1000.002127,1000.002538,1000.002959,1000.003385,1000.003802,1000.004189,1000.004514,1000.004724,1000.004751,1000.004545,1000.004111,1000.003482,1000.002706,1000.001826,0.000000,0.000000,0.000000,0.000000,0.000000,0.000000
0.000000,0.000000,0.000000,0.000000,0.000000,1000.001573,1000.002364,1000.003054,1000.003681,1000.004161,1000.004450,1000.004517,1000.004383,1000.004106,1000.003749,1000.003354,1000.002941,1000.002522,1000.002101,1000.001677,1000.001256,1000.000845,1000.000447,1000.000063,999.999697,999.999353,999.999034,999.998738,999.998455,999.998181,999.997916,999.997661,999.997415,999.997180,999.996956,999.996746,999.996549,999.996364,999.996190,999.996028,999.995878,999.995740,999.995615,999.995503,999.995405,999.995321,999.995249,999.995187,999.995137,999.995098,999.995072,999.995061,999.995066,999.995087,999.995121,999.995170,999.995234,999.995311,999.995403,999.995511,999.995639,999.995783,999.995936,999.996096,999.996260,999.996434,999.996623,999.996830,999.997055,999.997292,999.997536,999.997789,999.998052,999.998325,999.998606,999.998902,999.999223,999.999565,999.999919,1000.000287,1000.000674,1000.001074,1000.001477,1000.001884,1000.002301,1000.002729,1000.003163,1000.003595,1000.004005,1000.004370,1000.004645,1000.004765,1000.004666,1000.004328,1000.003784,1000.003078,1000.002285,1000.001358,0.000000,0.000000,0.000000,0.000000,0.000000
0.000000,0.000000,0.000000,0.000000,0.000000,1000.001848,1000.002595,1000.003301,1000.003890,1000.004298,1000.004489,1000.004462,1000.004262,1000.003945,1000.003564,1000.003152,1000.002724,1000.002292,1000.001863,1000.001436,1000.001014,1000.000603,1000.000206,999.999823,999.999459,999.999122,999.998810,999.998518,999.998238,999.997967,999.997701,999.997442,999.997192,999.996953,999.996727,999.996515,999.996319,999.996133,999.995959,999.995797,999.995646,999.995508,999.995383,999.995271,999.995172,999.995084,999.995008,999.994943,999.994891,999.994852,999.994827,999.994817,999.994823,999.994844,999.994879,999.994928,999.994992,999.995068,999.995158,999.995263,999.995386,999.995527,999.995680,999.995841,999.996008,999.996182,999.996370,999.996576,999.996799,999.997036,999.997281,999.997538,999.997806,999.998080,999.998363,999.998660,999.998979,999.999320,999.999675,1000.000041,1000.000427,1000.000827,1000.001231,1000.001642,1000.002065,1000.002499,1000.002943,1000.003386,1000.003814,1000.004206,1000.004529,1000.004725,1000.004727,1000.004495,1000.004041,1000.003407,1000.002662,1000.001821,0.000000,0.000000,0.000000,0.000000,0.000000
0.000000,0.000000,0.000000,0.000000,1000.001051,1000.002039,1000.002843,1000.003538,1000.004068,1000.004390,1000.004480,1000.004370,1000.004118,1000.003775,1000.003378,1000.002951,1000.002513,1000.002075,1000.001640,1000.001210,1000.000787,1000.000376,999.999977,999.999592,999.999231,999.998900,999.998596,999.998310,999.998033,999.997763,999.997495,999.997233,999.996980,999.996738,999.996509,999.996296,999.996097,999.995910,999.995736,999.995572,999.995421,999.995284,999.995160,999.995049,999.994949,999.994860,999.994781,999.994714,999.994662,999.994623,999.994599,999.994589,999.994595,999.994614,999.994648,999.994697,999.994760,999.994836,999.994925,999.995029,999.995149,999.995284,999.995435,999.995596,999.995763,999.995938,999.996126,999.996332,999.996555,999.996791,999.997037,999.997295,999.997566,999.997845,999.998131,999.998429,999.998746,999.999085,999.999439,999.999805,1000.000189,1000.000588,1000.000994,1000.001406,1000.001831,1000.002270,1000.002722,1000.003177,1000.003620,1000.004032,1000.004388,1000.004642,1000.004732,1000.004602,1000.004241,1000.003689,1000.003002,1000.002243,1000.001381,0.000000,0.000000,0.000000,0.000000
0.000000,0.000000,0.000000,0.000000,1000.001384,1000.002286,1000.003079,1000.003737,1000.004207,1000.004440,1000.004438,1000.004258,1000.003966,1000.003604,1000.003196,1000.002761,1000.002318,1000.001876,1000.001437,1000.001003,1000.000577,1000.000164,999.999761,999.999374,999.999016,999.998692,999.998395,999.998114,999.997839,999.997567,999.997296,999.997031,999.996775,999.996531,999.996301,999.996086,999.995884,999.995697,999.995521,999.995359,999.995210,999.995072,999.994948,999.994837,999.994736,999.994645,999.994566,999.994500,999.994448,999.994411,999.994388,999.994380,999.994384,999.994401,999.994433,999.994480,999.994542,999.994617,999.994704,999.994807,999.994926,999.995059,999.995207,999.995366,999.995534,999.995710,999.995898,999.996103,999.996326,999.996561,999.996807,999.997067,999.997338,999.997620,999.997911,999.998211,999.998525,999.998860,999.999212,999.999578,999.999960,1000.000359,1000.000767,1000.001181,1000.001606,1000.002046,1000.002502,1000.002969,1000.003427,1000.003855,1000.004234,1000.004530,1000.004691,1000.004657,1000.004392,1000.003919,1000.003288,1000.002562,1000.001733,0.000000,0.000000,0.000000,0.000000
0.000000,0.000000,0.000000,0.000000,1000.001605,1000.002505,1000.003295,1000.003906,1000.004304,1000.004455,1000.004376,1000.004140,1000.003816,1000.003437,1000.003023,1000.002587,1000.002141,1000.001695,1000.001253,1000.000813,1000.000383,999.999964,999.999558,999.999173,999.998820,999.998501,999.998208,999.997928,999.997652,999.997377,999.997102,999.996835,999.996577,999.996332,999.996100,999.995884,999.995682,999.995494,999.995319,999.995158,999.995009,999.994872,999.994748,999.994634,999.994531,999.994440,999.994361,999.994298,999.994249,999.994215,999.994194,999.994186,999.994190,999.994206,999.994235,999.994280,999.994340,999.994413,999.994499,999.994600,999.994717,999.994850,999.994997,999.995155,999.995324,999.995500,999.995688,999.995893,999.996114,999.996349,999.996595,999.996856,999.997128,999.997412,999.997705,999.998007,999.998319,999.998649,999.998998,999.999362,999.999743,1000.000141,1000.000553,1000.000972,1000.001397,1000.001835,1000.002293,1000.002765,1000.003235,1000.003680,1000.004080,1000.004408,1000.004624,1000.004672,1000.004500,1000.004105,1000.003530,1000.002824,1000.002034,0.000000,0.000000,0.000000,0.000000
0.000000,0.000000,0.000000,1000.000811,1000.001825,1000.002727,1000.003482,1000.004040,1000.004369,1000.004444,1000.004303,1000.004023,1000.003672,1000.003281,1000.002863,1000.002428,1000.001982,1000.001533,1000.001082,1000.000635,1000.000199,999.999777,999.999371,999.998992,999.998644,999.998326,999.998031,999.997748,999.997470,999.997192,999.996915,999.996645,999.996385,999.996138,999.995906,999.995691,999.995490,999.995301,999.995126,999.994964,999.994816,999.994680,999.994555,999.994440,999.994337,999.994247,999.994172,999.994112,999.994066,999.994034,999.994014,999.994006,999.994010,999.994025,999.994053,999.994095,999.994153,999.994224,999.994309,999.994409,999.994525,999.994656,999.994802,999.994961,999.995131,999.995310,999.995499,999.995702,999.995921,999.996154,999.996401,999.996663,999.996937,999.997222,999.997516,999.997819,999.998132,999.998458,999.998801,999.999161,999.999539,999.999936,1000.000351,1000.000775,1000.001203,1000.001641,1000.002099,1000.002574,1000.003051,1000.003509,1000.003927,1000.004283,1000.004544,1000.004660,1000.004571,1000.004250,1000.003729,1000.003055,1000.002293,1000.001436,0.000000,0.000000,0.000000
0.000000,0.000000,0.000000,1000.001126,1000.002057,1000.002928,1000.003644,1000.004152,1000.004410,1000.004413,1000.004220,1000.003910,1000.003538,1000.003136,1000.002717,1000.002283,1000.001836,1000.001380,1000.000921,1000.000467,1000.000026,999.999602,999.999201,999.998828,999.998483,999.998162,999.997861,999.997573,999.997294,999.997015,999.996736,999.996463,999.996201,999.995954,999.995724,999.995511,999.995310,999.995121,999.994943,999.994781,999.994632,999.994497,999.994372,999.994259,999.994158,999.994072,999.994001,999.993943,999.993899,999.993866,999.993846,999.993837,999.993840,999.993855,999.993882,999.993922,999.993977,999.994048,999.994133,999.994232,999.994347,999.994477,999.994622,999.994782,999.994954,999.995135,999.995326,999.995529,999.995745,999.995976,999.996224,999.996489,999.996765,999.997049,999.997344,999.997648,999.997961,999.998284,999.998622,999.998976,999.999350,999.999746,1000.000160,1000.000586,1000.001018,1000.001461,1000.001922,1000.002399,1000.002879,1000.003345,1000.003780,1000.004159,1000.004458,1000.004630,1000.004611,1000.004358,1000.003885,1000.003245,1000.002507,1000.001746,0.000000,0.000000,0.000000
0.000000,0.000000,0.000000,1000.001351,1000.002278,1000.003115,1000.003792,1000.004245,1000.004431,1000.004369,1000.004134,1000.003799,1000.003414,1000.003003,1000.002580,1000.002145,1000.001695,1000.001234,1000.000769,1000.000310,999.999865,999.999443,999.999047,999.998677,999.998332,999.998006,999.997697,999.997406,999.997126,999.996847,999.996567,999.996293,999.996031,999.995786,999.995559,999.995346,999.995145,999.994953,999.994775,999.994612,999.994465,999.994331,999.994208,999.994096,999.993997,999.993914,999.993845,999.993788,999.993743,999.993709,999.993687,999.993677,999.993680,999.993694,999.993719,999.993757,999.993810,999.993879,999.993965,999.994066,999.994182,999.994312,999.994457,999.994617,999.994790,999.994973,999.995165,999.995369,999.995584,999.995814,999.996062,999.996328,999.996606,999.996892,999.997187,999.997493,999.997806,999.998127,999.998459,999.998808,999.999177,999.999570,999.999983,1000.000407,1000.000842,1000.001291,1000.001757,1000.002238,1000.002721,1000.003194,1000.003641,1000.004042,1000.004371,1000.004589,1000.004628,1000.004434,1000.004009,1000.003403,1000.002690,1000.001956,0.000000,0.000000,0.000000
0.000000,0.000000,0.000000,1000.001541,1000.002477,1000.003282,1000.003917,1000.004314,1000.004435,1000.004317,1000.004045,1000.003692,1000.003298,1000.002880,1000.002450,1000.002010,1000.001558,1000.001094,1000.000627,1000.000167,999.999722,999.999300,999.998905,999.998537,999.998191,999.997859,999.997545,999.997251,999.996970,999.996692,999.996413,999.996139,999.995879,999.995636,999.995409,999.995196,999.994993,999.994801,999.994623,999.994462,999.994316,999.994184,999.994062,999.993952,999.993853,999.993769,999.993699,999.993642,999.993595,999.993560,999.993537,999.993527,999.993528,999.993541,999.993566,999.993601,999.993652,999.993719,999.993804,999.993908,999.994026,999.994158,999.994306,999.994466,999.994638,999.994822,999.995015,999.995219,999.995434,999.995662,999.995910,999.996177,999.996456,999.996745,999.997043,999.997351,999.997666,999.997984,999.998312,999.998658,999.999024,999.999413,999.999820,1000.000241,1000.000678,1000.001131,1000.001601,1000.002085,1000.002574,1000.003054,1000.003512,1000.003932,1000.004288,1000.004540,1000.004627,1000.004488,1000.004110,1000.003538,1000.002843,1000.002057,0.000000,0.000000,0.000000
0.000000,0.000000,0.000000,1000.001713,1000.002630,1000.003420,1000.004018,1000.004360,1000.004422,1000.004258,1000.003960,1000.003593,1000.003189,1000.002764,1000.002326,1000.001882,1000.001428,1000.000964,1000.000498,1000.000041,999.999597,999.999173,999.998778,999.998410,999.998061,999.997725,999.997407,999.997110,999.996829,999.996550,999.996272,999.996001,999.995744,999.995502,999.995276,999.995061,999.994856,999.994664,999.994488,999.994328,999.994184,999.994053,999.993933,999.993822,999.993722,999.993636,999.993564,999.993505,999.993457,999.993421,999.993397,999.993387,999.993388,999.993400,999.993424,999.993459,999.993507,999.993572,999.993656,999.993759,999.993880,999.994015,999.994165,999.994327,999.994500,999.994683,999.994875,999.995080,999.995294,999.995522,999.995769,999.996034,999.996314,999.996606,999.996909,999.997221,999.997536,999.997854,999.998181,999.998525,999.998889,999.999273,999.999674,1000.000090,1000.000527,1000.000984,1000.001456,1000.001940,1000.002432,1000.002921,1000.003390,1000.003825,1000.004203,1000.004483,1000.004610,1000.004524,1000.004198,1000.003651,1000.002925,1000.002089,0.000000,0.000000,0.000000
0.000000,0.000000,1000.000880,1000.001876,1000.002771,1000.003533,1000.004092,1000.004383,1000.004397,1000.004201,1000.003884,1000.003502,1000.003088,1000.002655,1000.002210,1000.001761,1000.001306,1000.000845,1000.000382,999.999927,999.999483,999.999060,999.998664,999.998295,999.997943,999.997604,999.997282,999.996983,999.996700,999.996421,999.996144,999.995877,999.995624,999.995385,999.995157,999.994940,999.994734,999.994542,999.994367,999.994209,999.994065,999.993935,999.993816,999.993704,999.993603,999.993515,999.993441,999.993380,999.993330,999.993293,999.993270,999.993259,999.993260,999.993273,999.993297,999.993332,999.993379,999.993442,999.993524,999.993625,999.993746,999.993883,999.994035,999.994200,999.994375,999.994557,999.994749,999.994953,999.995169,999.995396,999.995641,999.995904,999.996183,999.996477,999.996783,999.997099,999.997417,999.997736,999.998065,999.998409,999.998772,999.999151,999.999545,999.999957,1000.000392,1000.000851,1000.001324,1000.001808,1000.002299,1000.002791,1000.003270,1000.003718,1000.004113,1000.004418,1000.004579,1000.004542,1000.004267,1000.003754,1000.003025,1000.002107,1000.000991,0.000000,0.000000
0.000000,0.000000,1000.001083,1000.002014,1000.002881,1000.003617,1000.004141,1000.004393,1000.004372,1000.004153,1000.003819,1000.003424,1000.002997,1000.002553,1000.002100,1000.001648,1000.001194,1000.000735,1000.000276,999.999823,999.999381,999.998958,999.998564,999.998193,999.997838,999.997494,999.997170,999.996868,999.996582,999.996302,999.996029,999.995768,999.995520,999.995281,999.995052,999.994833,999.994626,999.994434,999.994259,999.994102,999.993959,999.993830,999.993709,999.993597,999.993495,999.993406,999.993331,999.993269,999.993218,999.993181,999.993157,999.993147,999.993149,999.993161,999.993185,999.993220,999.993267,999.993330,999.993410,999.993509,999.993628,999.993765,999.993917,999.994083,999.994259,999.994443,999.994636,999.994841,999.995057,999.995285,999.995528,999.995789,999.996068,999.996362,999.996668,999.996984,999.997305,999.997628,999.997961,999.998308,999.998669,999.999045,999.999435,999.999843,1000.000277,1000.000735,1000.001208,1000.001689,1000.002178,1000.002669,1000.003153,1000.003612,1000.004022,1000.004348,1000.004543,1000.004549,1000.004313,1000.003824,1000.003115,1000.002219,1000.001247,0.000000,0.000000
0.000000,0.000000,1000.001197,1000.002118,1000.002964,1000.003672,1000.004172,1000.004399,1000.004355,1000.004117,1000.003769,1000.003358,1000.002915,1000.002459,1000.002000,1000.001545,1000.001093,1000.000637,1000.000180,999.999730,999.999290,999.998869,999.998474,999.998102,999.997743,999.997396,999.997069,999.996765,999.996476,999.996197,999.995928,999.995671,999.995426,999.995188,999.994957,999.994737,999.994529,999.994338,999.994164,999.994007,999.993865,999.993735,999.993614,999.993501,999.993399,999.993310,999.993235,999.993172,999.993122,999.993085,999.993062,999.993052,999.993054,999.993067,999.993090,999.993125,999.993172,999.993234,999.993313,999.993410,999.993528,999.993663,999.993814,999.993979,999.994155,999.994339,999.994534,999.994741,999.994959,999.995187,999.995429,999.995690,999.995968,999.996261,999.996566,999.996881,999.997203,999.997533,999.997871,999.998221,999.998582,999.998955,999.999343,999.999750,1000.000183,1000.000638,1000.001107,1000.001584,1000.002068,1000.002560,1000.003047,1000.003514,1000.003938,1000.004285,1000.004508,1000.004547,1000.004341,1000.003872,1000.003177,1000.002300,1000.001328,0.000000,0.000000
0.000000,0.000000,1000.001275,1000.002188,1000.003015,1000.003703,1000.004190,1000.004405,1000.004346,1000.004094,1000.003730,1000.003303,1000.002844,1000.002376,1000.001913,1000.001458,1000.001007,1000.000553,1000.000101,999.999653,999.999212,999.998789,999.998393,999.998019,999.997659,999.997311,999.996982,999.996675,999.996385,999.996108,999.995841,999.995586,999.995341,999.995103,999.994874,999.994654,999.994445,999.994253,999.994080,999.993924,999.993782,999.993650,999.993528,999.993415,999.993314,999.993226,999.993152,999.993089,999.993040,999.993004,999.992982,999.992972,999.992974,999.992988,999.993012,999.993047,999.993094,999.993154,999.993232,999.993328,999.993444,999.993578,999.993727,999.993888,999.994062,999.994245,999.994442,999.994651,999.994872,999.995102,999.995344,999.995605,999.995884,999.996176,999.996478,999.996791,999.997115,999.997451,999.997796,999.998149,999.998510,999.998880,999.999267,999.999677,1000.000108,1000.000558,1000.001020,1000.001490,1000.001970,1000.002462,1000.002956,1000.003431,1000.003869,1000.004237,1000.004485,1000.004547,1000.004356,1000.003895,1000.003202,1000.002325,1000.001323,0.000000,0.000000
0.000000,0.000000,1000.001324,1000.002231,1000.003047,1000.003724,1000.004200,1000.004408,1000.004343,1000.004080,1000.003700,1000.003258,1000.002786,1000.002310,1000.001844,1000.001389,1000.000938,1000.000487,1000.000038,999.999590,999.999146,999.998719,999.998319,999.997944,999.997584,999.997238,999.996910,999.996602,999.996312,999.996034,999.995766,999.995511,999.995266,999.995029,999.994801,999.994583,999.994376,999.994183,999.994009,999.993852,999.993708,999.993575,999.993452,999.993341,999.993242,999.993156,999.993081,999.993020,999.992972,999.992937,999.992915,999.992905,999.992908,999.992922,999.992947,999.992983,999.993031,999.993092,999.993168,999.993263,999.993377,999.993509,999.993655,999.993813,999.993982,999.994165,999.994361,999.994572,999.994793,999.995026,999.995271,999.995532,999.995812,999.996105,999.996406,999.996717,999.997042,999.997383,999.997734,999.998091,999.998453,999.998823,999.999209,999.999618,1000.000048,1000.000493,1000.000946,1000.001407,1000.001883,1000.002376,1000.002876,1000.003364,1000.003816,1000.004203,1000.004474,1000.004551,1000.004364,1000.003899,1000.003196,1000.002305,1000.001274,0.000000,0.000000
0.000000,0.000000,1000.001346,1000.002264,1000.003075,1000.003741,1000.004206,1000.004407,1000.004337,1000.004067,1000.003678,1000.003226,1000.002744,1000.002261,1000.001794,1000.001338,1000.000886,1000.000438,999.999990,999.999540,999.999091,999.998658,999.998253,999.997877,999.997520,999.997178,999.996853,999.996546,999.996255,999.995975,999.995705,999.995449,999.995205,999.994969,999.994743,999.994527,999.994320,999.994127,999.993951,999.993791,999.993645,999.993510,999.993388,999.993278,999.993181,999.993096,999.993023,999.992962,999.992916,999.992882,999.992861,999.992851,999.992854,999.992869,999.992895,999.992932,999.992981,999.993043,999.993119,999.993213,999.993326,999.993455,999.993598,999.993753,999.993919,999.994100,999.994297,999.994506,999.994726,999.994960,999.995207,999.995471,999.995752,999.996047,999.996349,999.996660,999.996986,999.997328,999.997684,999.998046,999.998410,999.998781,999.999166,999.999572,999.999998,1000.000437,1000.000883,1000.001338,1000.001809,1000.002301,1000.002807,1000.003307,1000.003777,1000.004182,1000.004470,1000.004557,1000.004366,1000.003888,1000.003171,1000.002269,1000.001220,0.000000,0.000000
0.000000,0.000000,1000.001366,1000.002292,1000.003101,1000.003757,1000.004211,1000.004402,1000.004326,1000.004054,1000.003664,1000.003207,1000.002718,1000.002230,1000.001758,1000.001300,1000.000848,1000.000400,999.999952,999.999500,999.999047,999.998609,999.998200,999.997822,999.997466,999.997129,999.996809,999.996505,999.996211,999.995927,999.995656,999.995401,999.995158,999.994923,999.994699,999.994484,999.994279,999.994085,999.993906,999.993742,999.993594,999.993459,999.993337,999.993228,999.993132,999.993048,999.992976,999.992917,999.992871,999.992838,999.992818,999.992809,999.992813,999.992828,999.992854,999.992892,999.992942,999.993006,999.993083,999.993177,999.993288,999.993415,999.993555,999.993707,999.993873,999.994053,999.994249,999.994456,999.994674,999.994906,999.995154,999.995420,999.995704,999.996003,999.996308,999.996619,999.996946,999.997290,999.997648,999.998013,999.998382,999.998753,999.999136,999.999537,999.999956,1000.000390,1000.000832,1000.001284,1000.001751,1000.002241,1000.002750,1000.003260,1000.003743,1000.004163,1000.004460,1000.004551,1000.004355,1000.003863,1000.003134,1000.002239,1000.001202,0.000000,0.000000
0.000000,0.000000,1000.001385,1000.002318,1000.003122,1000.003773,1000.004218,1000.004399,1000.004318,1000.004044,1000.003655,1000.003198,1000.002707,1000.002213,1000.001734,1000.001272,1000.000820,1000.000371,999.999922,999.999468,999.999014,999.998575,999.998164,999.997781,999.997425,999.997091,999.996775,999.996472,999.996177,999.995891,999.995619,999.995365,999.995123,999.994890,999.994667,999.994455,999.994251,999.994057,999.993876,999.993710,999.993559,999.993424,999.993301,999.993191,999.993095,999.993012,999.992942,999.992885,999.992840,999.992807,999.992787,999.992779,999.992783,999.992798,999.992825,999.992863,999.992914,999.992980,999.993059,999.993153,999.993263,999.993388,999.993527,999.993677,999.993841,999.994022,999.994217,999.994422,999.994638,999.994868,999.995115,999.995381,999.995668,999.995971,999.996281,999.996596,999.996924,999.997269,999.997629,999.997996,999.998365,999.998737,999.999117,999.999512,999.999925,1000.000355,1000.000795,1000.001246,1000.001711,1000.002199,1000.002710,1000.003225,1000.003714,1000.004138,1000.004439,1000.004529,1000.004326,1000.003826,1000.003098,1000.002220,1000.001217,0.000000,0.000000
0.000000,0.000000,1000.001405,1000.002337,1000.003141,1000.003790,1000.004230,1000.004402,1000.004315,1000.004040,1000.003650,1000.003195,1000.002704,1000.002206,1000.001723,1000.001256,1000.000799,1000.000349,999.999899,999.999446,999.998994,999.998556,999.998143,999.997758,999.997399,999.997065,999.996750,999.996447,999.996151,999.995863,999.995591,999.995338,999.995098,999.994868,999.994647,999.994437,999.994236,999.994044,999.993863,999.993695,999.993543,999.993406,999.993281,999.993169,999.993072,999.992990,999.992922,999.992865,999.992821,999.992788,999.992768,999.992760,999.992764,999.992780,999.992807,999.992846,999.992898,999.992965,999.993046,999.993141,999.993251,999.993375,999.993512,999.993661,999.993824,999.994003,999.994198,999.994404,999.994619,999.994847,999.995091,999.995357,999.995644,999.995950,999.996264,999.996585,999.996917,999.997265,999.997625,999.997992,999.998359,999.998729,999.999109,999.999501,999.999910,1000.000334,1000.000773,1000.001223,1000.001689,1000.002177,1000.002688,1000.003204,1000.003692,1000.004112,1000.004408,1000.004492,1000.004284,1000.003783,1000.003061,1000.002195,1000.001258,0.000000,0.000000
0.000000,1000.000451,1000.001467,1000.002356,1000.003152,1000.003802,1000.004243,1000.004414,1000.004321,1000.004042,1000.003652,1000.003196,1000.002706,1000.002208,1000.001723,1000.001251,1000.000790,1000.000338,999.999887,999.999435,999.998986,999.998551,999.998138,999.997751,999.997389,999.997052,999.996735,999.996430,999.996132,999.995845,999.995575,999.995323,999.995084,999.994856,999.994638,999.994431,999.994233,999.994045,999.993865,999.993698,999.993544,999.993403,999.993276,999.993162,999.993065,999.992983,999.992914,999.992858,999.992814,999.992781,999.992761,999.992753,999.992758,999.992774,999.992801,999.992841,999.992895,999.992963,999.993045,999.993141,999.993251,999.993375,999.993510,999.993657,999.993818,999.993997,999.994192,999.994399,999.994615,999.994842,999.995084,999.995348,999.995635,999.995940,999.996257,999.996583,999.996921,999.997273,999.997633,999.997996,999.998360,999.998730,999.999110,999.999503,999.999909,1000.000330,1000.000766,1000.001215,1000.001682,1000.002173,1000.002684,1000.003196,1000.003679,1000.004091,1000.004375,1000.004450,1000.004238,1000.003734,1000.003021,1000.002192,1000.001330,1000.000407,0.000000
0.000000,0.000000,1000.001429,1000.002354,1000.003165,1000.003817,1000.004257,1000.004426,1000.004332,1000.004052,1000.003659,1000.003202,1000.002712,1000.002218,1000.001733,1000.001259,1000.000796,1000.000341,999.999889,999.999437,999.998990,999.998558,999.998146,999.997759,999.997395,999.997054,999.996731,999.996423,999.996126,999.995841,999.995572,999.995319,999.995082,999.994856,999.994641,999.994436,999.994242,999.994057,999.993882,999.993715,999.993560,999.993416,999.993286,999.993171,999.993072,999.992989,999.992920,999.992864,999.992820,999.992788,999.992768,999.992760,999.992764,999.992780,999.992808,999.992849,999.992904,999.992973,999.993056,999.993152,999.993262,999.993386,999.993521,999.993666,999.993825,999.994003,999.994198,999.994406,999.994624,999.994852,999.995095,999.995357,999.995640,999.995942,999.996260,999.996590,999.996934,999.997288,999.997648,999.998008,999.998370,999.998740,999.999123,999.999518,999.999923,1000.000342,1000.000774,1000.001222,1000.001692,1000.002184,1000.002693,1000.003200,1000.003674,1000.004076,1000.004349,1000.004414,1000.004194,1000.003690,1000.002985,1000.002164,1000.001283,0.000000,0.000000
0.000000,0.000000,1000.001435,1000.002368,1000.003171,1000.003825,1000.004269,1000.004439,1000.004347,1000.004068,1000.003674,1000.003214,1000.002725,1000.002234,1000.001754,1000.001281,1000.000816,1000.000360,999.999906,999.999453,999.999008,999.998579,999.998171,999.997783,999.997416,999.997069,999.996741,999.996430,999.996133,999.995850,999.995582,999.995330,999.995093,999.994869,999.994656,999.994453,999.994261,999.994079,999.993907,999.993742,999.993587,999.993442,999.993311,999.993194,999.993093,999.993008,999.992939,999.992883,999.992840,999.992808,999.992789,999.992781,999.992784,999.992799,999.992827,999.992869,999.992926,999.992996,999.993079,999.993175,999.993285,999.993408,999.993542,999.993687,999.993845,999.994022,999.994217,999.994426,999.994644,999.994874,999.995119,999.995382,999.995662,999.995960,999.996276,999.996609,999.996955,999.997310,999.997668,999.998027,999.998387,999.998759,999.999146,999.999545,999.999952,1000.000369,1000.000798,1000.001245,1000.001715,1000.002207,1000.002712,1000.003213,1000.003678,1000.004068,1000.004329,1000.004383,1000.004156,1000.003649,1000.002941,1000.002116,1000.001222,0.000000,0.000000
0.000000,0.000000,1000.001446,1000.002368,1000.003174,1000.003828,1000.004274,1000.004449,1000.004363,1000.004089,1000.003695,1000.003234,1000.002745,1000.002259,1000.001784,1000.001315,1000.000852,1000.000395,999.999938,999.999483,999.999041,999.998616,999.998210,999.997822,999.997451,999.997098,999.996765,999.996451,999.996156,999.995874,999.995607,999.995354,999.995118,999.994896,999.994684,999.994482,999.994291,999.994110,999.993940,999.993778,999.993624,999.993479,999.993348,999.993231,999.993129,999.993043,999.992973,999.992917,999.992874,999.992843,999.992824,999.992815,999.992817,999.992832,999.992860,999.992902,999.992960,999.993030,999.993113,999.993209,999.993319,999.993442,999.993576,999.993720,999.993878,999.994054,999.994249,999.994457,999.994677,999.994909,999.995156,999.995420,999.995698,999.995992,999.996306,999.996640,999.996987,999.997340,999.997695,999.998052,999.998414,999.998788,999.999179,999.999582,999.999993,1000.000411,1000.000838,1000.001281,1000.001750,1000.002241,1000.002741,1000.003233,1000.003689,1000.004068,1000.004316,1000.004357,1000.004122,1000.003611,1000.002896,1000.002057,1000.001141,0.000000,0.000000
0.000000,0.000000,1000.001458,1000.002371,1000.003171,1000.003824,1000.004271,1000.004454,1000.004378,1000.004111,1000.003722,1000.003263,1000.002776,1000.002294,1000.001823,1000.001359,1000.000898,1000.000442,999.999983,999.999527,999.999087,999.998667,999.998263,999.997873,999.997498,999.997141,999.996804,999.996489,999.996193,999.995913,999.995647,999.995395,999.995158,999.994936,999.994725,999.994524,999.994332,999.994152,999.993981,999.993821,999.993670,999.993528,999.993397,999.993280,999.993178,999.993091,999.993021,999.992965,999.992923,999.992892,999.992872,999.992862,999.992864,999.992877,999.992905,999.992949,999.993006,999.993076,999.993159,999.993255,999.993365,999.993488,999.993622,999.993766,999.993925,999.994101,999.994295,999.994503,999.994722,999.994954,999.995204,999.995470,999.995748,999.996041,999.996353,999.996684,999.997027,999.997377,999.997730,999.998086,999.998449,999.998825,999.999220,999.999628,1000.000043,1000.000462,1000.000888,1000.001329,1000.001797,1000.002285,1000.002780,1000.003261,1000.003706,1000.004073,1000.004308,1000.004338,1000.004095,1000.003575,1000.002848,1000.001989,1000.001044,0.000000,0.000000
0.000000,0.000000,1000.001487,1000.002368,1000.003154,1000.003810,1000.004265,1000.004456,1000.004391,1000.004136,1000.003758,1000.003305,1000.002821,1000.002340,1000.001872,1000.001411,1000.000955,1000.000499,1000.000039,999.999582,999.999144,999.998727,999.998325,999.997935,999.997559,999.997200,999.996861,999.996543,999.996245,999.995967,999.995703,999.995451,999.995213,999.994990,999.994778,999.994576,999.994385,999.994204,999.994034,999.993875,999.993725,999.993586,999.993457,999.993341,999.993238,999.993152,999.993080,999.993024,999.992982,999.992951,999.992931,999.992921,999.992922,999.992936,999.992965,999.993008,999.993066,999.993136,999.993219,999.993315,999.993424,999.993547,999.993681,999.993827,999.993986,999.994162,999.994355,999.994562,999.994781,999.995013,999.995264,999.995532,999.995812,999.996104,999.996413,999.996739,999.997077,999.997422,999.997773,999.998130,999.998494,999.998873,999.999269,999.999680,1000.000099,1000.000521,1000.000949,1000.001392,1000.001859,1000.002344,1000.002831,1000.003301,1000.003731,1000.004083,1000.004306,1000.004326,1000.004073,1000.003540,1000.002795,1000.001910,1000.000932,0.000000,0.000000
0.000000,0.000000,1000.001514,1000.002345,1000.003123,1000.003786,1000.004256,1000.004461,1000.004409,1000.004168,1000.003803,1000.003361,1000.002883,1000.002401,1000.001931,1000.001474,1000.001021,1000.000565,1000.000104,999.999646,999.999209,999.998793,999.998393,999.998006,999.997632,999.997273,999.996933,999.996614,999.996316,999.996037,999.995773,999.995522,999.995283,999.995057,999.994843,999.994640,999.994448,999.994267,999.994097,999.993939,999.993791,999.993654,999.993528,999.993412,999.993310,999.993222,999.993150,999.993093,999.993050,999.993020,999.993000,999.992990,999.992992,999.993008,999.993038,999.993082,999.993140,999.993211,999.993294,999.993389,999.993498,999.993619,999.993754,999.993902,999.994063,999.994238,999.994429,999.994636,999.994854,999.995087,999.995339,999.995608,999.995888,999.996180,999.996486,999.996805,999.997135,999.997476,999.997827,999.998185,999.998551,999.998931,999.999328,999.999740,1000.000162,1000.000590,1000.001024,1000.001472,1000.001939,1000.002420,1000.002897,1000.003352,1000.003764,1000.004100,1000.004310,1000.004320,1000.004053,1000.003500,1000.002727,1000.001816,1000.000814,0.000000,0.000000
0.000000,0.000000,1000.001507,1000.002295,1000.003070,1000.003747,1000.004239,1000.004470,1000.004438,1000.004212,1000.003863,1000.003434,1000.002961,1000.002479,1000.002008,1000.001549,1000.001096,1000.000639,1000.000177,999.999720,999.999281,999.998865,999.998468,999.998085,999.997716,999.997361,999.997022,999.996703,999.996405,999.996125,999.995860,999.995607,999.995366,999.995137,999.994920,999.994713,999.994520,999.994339,999.994171,999.994014,999.993868,999.993734,999.993609,999.993495,999.993393,999.993305,999.993231,999.993173,999.993130,999.993099,999.993079,999.993071,999.993074,999.993092,999.993124,999.993170,999.993229,999.993300,999.993383,999.993477,999.993583,999.993704,999.993840,999.993991,999.994154,999.994329,999.994519,999.994725,999.994943,999.995177,999.995428,999.995696,999.995975,999.996265,999.996568,999.996881,999.997204,999.997541,999.997893,999.998253,999.998620,999.999000,999.999396,999.999809,1000.000236,1000.000671,1000.001113,1000.001567,1000.002034,1000.002508,1000.002974,1000.003413,1000.003807,1000.004126,1000.004322,1000.004314,1000.004025,1000.003446,1000.002645,1000.001702,1000.000692,0.000000,0.000000
0.000000,0.000000,1000.001438,1000.002215,1000.002992,1000.003684,1000.004208,1000.004478,1000.004478,1000.004273,1000.003938,1000.003522,1000.003058,1000.002578,1000.002104,1000.001643,1000.001185,1000.000724,1000.000261,999.999805,999.999366,999.998950,999.998555,999.998176,999.997813,999.997463,999.997127,999.996809,999.996511,999.996230,999.995963,999.995707,999.995462,999.995230,999.995009,999.994799,999.994603,999.994422,999.994255,999.994099,999.993956,999.993824,999.993702,999.993590,999.993490,999.993401,999.993326,999.993266,999.993221,999.993190,999.993171,999.993164,999.993170,999.993190,999.993224,999.993272,999.993331,999.993402,999.993484,999.993575,999.993680,999.993801,999.993939,999.994093,999.994258,999.994433,999.994622,999.994827,999.995047,999.995280,999.995530,999.995795,999.996071,999.996359,999.996659,999.996967,999.997286,999.997621,999.997973,999.998334,999.998702,999.999080,999.999475,999.999890,1000.000322,1000.000765,1000.001217,1000.001674,1000.002136,1000.002600,1000.003056,1000.003485,1000.003864,1000.004167,1000.004341,1000.004305,1000.003983,1000.003375,1000.002546,1000.001565,1000.000542,0.000000,0.000000
0.000000,0.000000,1000.001246,1000.002112,1000.002895,1000.003602,1000.004158,1000.004478,1000.004524,1000.004348,1000.004030,1000.003625,1000.003170,1000.002695,1000.002221,1000.001753,1000.001289,1000.000824,1000.000360,999.999905,999.999467,999.999051,999.998657,999.998282,999.997924,999.997578,999.997245,999.996928,999.996630,999.996349,999.996080,999.995820,999.995572,999.995335,999.995110,999.994897,999.994700,999.994518,999.994350,999.994195,999.994053,999.993924,999.993806,999.993697,999.993598,999.993510,999.993435,999.993373,999.993326,999.993294,999.993275,999.993270,999.993279,999.993302,999.993338,999.993386,999.993446,999.993517,999.993596,999.993686,999.993790,999.993912,999.994052,999.994208,999.994374,999.994550,999.994738,999.994942,999.995161,999.995394,999.995642,999.995904,999.996177,999.996462,999.996759,999.997063,999.997381,999.997717,999.998069,999.998429,999.998794,999.999171,999.999566,999.999984,1000.000421,1000.000872,1000.001330,1000.001788,1000.002244,1000.002697,1000.003144,1000.003566,1000.003936,1000.004222,1000.004366,1000.004288,1000.003925,1000.003293,1000.002439,1000.001416,1000.000274,0.000000,0.000000
0.000000,0.000000,0.000000,1000.002019,1000.002779,1000.003494,1000.004088,1000.004468,1000.004570,1000.004430,1000.004131,1000.003740,1000.003295,1000.002825,1000.002349,1000.001876,1000.001406,1000.000938,1000.000475,1000.000023,999.999586,999.999171,999.998779,999.998406,999.998049,999.997706,999.997376,999.997060,999.996760,999.996478,999.996207,999.995947,999.995696,999.995455,999.995225,999.995010,999.994811,999.994627,999.994457,999.994301,999.994160,999.994033,999.993917,999.993811,999.993716,999.993630,999.993555,999.993492,999.993445,999.993412,999.993393,999.993389,999.993400,999.993425,999.993464,999.993514,999.993573,999.993642,999.993721,999.993810,999.993915,999.994038,999.994180,999.994336,999.994503,999.994679,999.994866,999.995069,999.995286,999.995518,999.995765,999.996023,999.996294,999.996577,999.996869,999.997172,999.997489,999.997826,999.998178,999.998536,999.998900,999.999277,999.999674,1000.000093,1000.000535,1000.000990,1000.001450,1000.001906,1000.002355,1000.002801,1000.003242,1000.003660,1000.004020,1000.004285,1000.004394,1000.004263,1000.003854,1000.003194,1000.002334,1000.001328,0.000000,0.000000,0.000000
0.000000,0.000000,0.000000,1000.001864,1000.002646,1000.003369,1000.003999,1000.004439,1000.004604,1000.004509,1000.004236,1000.003861,1000.003427,1000.002964,1000.002486,1000.002008,1000.001533,1000.001065,1000.000605,1000.000156,999.999721,999.999309,999.998920,999.998550,999.998194,999.997852,999.997521,999.997204,999.996902,999.996616,999.996344,999.996083,999.995831,999.995588,999.995355,999.995137,999.994935,999.994750,999.994578,999.994421,999.994279,999.994152,999.994037,999.993934,999.993841,999.993758,999.993686,999.993625,999.993578,999.993545,999.993526,999.993523,999.993535,999.993562,999.993602,999.993653,999.993712,999.993781,999.993859,999.993949,999.994055,999.994179,999.994320,999.994476,999.994643,999.994819,999.995007,999.995209,999.995425,999.995655,999.995899,999.996155,999.996423,999.996703,999.996993,999.997296,999.997614,999.997950,999.998300,999.998657,999.999022,999.999402,999.999800,1000.000220,1000.000662,1000.001116,1000.001574,1000.002027,1000.002472,1000.002915,1000.003355,1000.003767,1000.004115,1000.004355,1000.004419,1000.004230,1000.003768,1000.003085,1000.002257,1000.001297,0.000000,0.000000,0.000000
0.000000,0.000000,0.000000,1000.001643,1000.002447,1000.003210,1000.003886,1000.004386,1000.004620,1000.004580,1000.004342,1000.003986,1000.003565,1000.003108,1000.002631,1000.002148,1000.001671,1000.001205,1000.000747,1000.000301,999.999870,999.999461,999.999077,999.998711,999.998357,999.998015,999.997683,999.997363,999.997056,999.996765,999.996490,999.996229,999.995977,999.995734,999.995500,999.995281,999.995077,999.994890,999.994716,999.994557,999.994414,999.994285,999.994169,999.994067,999.993977,999.993898,999.993828,999.993770,999.993725,999.993693,999.993676,999.993673,999.993685,999.993713,999.993753,999.993804,999.993863,999.993932,999.994010,999.994101,999.994207,999.994330,999.994471,999.994626,999.994793,999.994971,999.995161,999.995363,999.995577,999.995805,999.996047,999.996301,999.996565,999.996842,999.997134,999.997438,999.997755,999.998088,999.998436,999.998794,999.999163,999.999545,999.999945,1000.000365,1000.000802,1000.001252,1000.001704,1000.002152,1000.002597,1000.003042,1000.003481,1000.003886,1000.004219,1000.004427,1000.004439,1000.004188,1000.003671,1000.002956,1000.002118,1000.001240,0.000000,0.000000,0.000000
0.000000,0.000000,0.000000,1000.001371,1000.002217,1000.003020,1000.003741,1000.004302,1000.004610,1000.004639,1000.004447,1000.004116,1000.003709,1000.003259,1000.002783,1000.002300,1000.001822,1000.001356,1000.000902,1000.000459,1000.000030,999.999624,999.999246,999.998885,999.998535,999.998194,999.997861,999.997538,999.997226,999.996930,999.996651,999.996387,999.996136,999.995894,999.995662,999.995443,999.995239,999.995049,999.994873,999.994713,999.994568,999.994436,999.994319,999.994217,999.994128,999.994051,999.993984,999.993930,999.993887,999.993856,999.993839,999.993837,999.993850,999.993877,999.993917,999.993967,999.994026,999.994094,999.994173,999.994264,999.994370,999.994493,999.994632,999.994787,999.994955,999.995135,999.995327,999.995528,999.995740,999.995966,999.996205,999.996456,999.996719,999.996997,999.997290,999.997597,999.997914,999.998243,999.998587,999.998946,999.999319,999.999706,1000.000107,1000.000524,1000.000957,1000.001400,1000.001844,1000.002288,1000.002734,1000.003182,1000.003618,1000.004015,1000.004327,1000.004496,1000.004448,1000.004129,1000.003556,1000.002807,1000.001935,1000.001083,0.000000,0.000000,0.000000
0.000000,0.000000,0.000000,1000.001042,1000.001967,1000.002806,1000.003567,1000.004182,1000.004568,1000.004677,1000.004547,1000.004252,1000.003862,1000.003419,1000.002945,1000.002461,1000.001984,1000.001520,1000.001069,1000.000628,1000.000200,999.999798,999.999424,999.999070,999.998725,999.998387,999.998055,999.997729,999.997414,999.997114,999.996831,999.996565,999.996312,999.996071,999.995841,999.995624,999.995419,999.995228,999.995050,999.994888,999.994741,999.994608,999.994488,999.994384,999.994295,999.994219,999.994155,999.994102,999.994061,999.994031,999.994014,999.994013,999.994026,999.994053,999.994092,999.994140,999.994199,999.994267,999.994346,999.994438,999.994545,999.994668,999.994807,999.994961,999.995130,999.995311,999.995501,999.995701,999.995912,999.996136,999.996373,999.996623,999.996886,999.997166,999.997462,999.997771,999.998086,999.998411,999.998752,999.999112,999.999489,999.999881,1000.000283,1000.000697,1000.001125,1000.001560,1000.001999,1000.002441,1000.002886,1000.003333,1000.003765,1000.004148,1000.004432,1000.004551,1000.004434,1000.004043,1000.003425,1000.002639,1000.001732,1000.000732,0.000000,0.000000,0.000000
0.000000,0.000000,0.000000,0.000000,1000.001707,1000.002565,1000.003357,1000.004022,1000.004486,1000.004689,1000.004635,1000.004388,1000.004022,1000.003590,1000.003119,1000.002633,1000.002157,1000.001696,1000.001247,1000.000808,1000.000382,999.999981,999.999609,999.999260,999.998923,999.998591,999.998262,999.997936,999.997619,999.997317,999.997032,999.996764,999.996510,999.996268,999.996038,999.995821,999.995616,999.995424,999.995245,999.995081,999.994932,999.994797,999.994676,999.994570,999.994480,999.994403,999.994338,999.994286,999.994245,999.994215,999.994199,999.994198,999.994212,999.994239,999.994277,999.994324,999.994383,999.994451,999.994531,999.994625,999.994733,999.994857,999.994997,999.995150,999.995318,999.995497,999.995685,999.995883,999.996092,999.996315,999.996551,999.996801,999.997068,999.997350,999.997648,999.997957,999.998271,999.998593,999.998931,999.999292,999.999672,1000.000067,1000.000471,1000.000883,1000.001304,1000.001735,1000.002172,1000.002610,1000.003054,1000.003497,1000.003919,1000.004280,1000.004525,1000.004584,1000.004389,1000.003928,1000.003264,1000.002465,1000.001643,0.000000,0.000000,0.000000,0.000000
0.000000,0.000000,0.000000,0.000000,1000.001465,1000.002319,1000.003109,1000.003818,1000.004362,1000.004664,1000.004701,1000.004516,1000.004185,1000.003768,1000.003304,1000.002822,1000.002347,1000.001887,1000.001440,1000.001002,1000.000577,1000.000175,999.999803,999.999455,999.999124,999.998801,999.998479,999.998156,999.997839,999.997536,999.997251,999.996983,999.996728,999.996484,999.996252,999.996033,999.995828,999.995635,999.995455,999.995290,999.995139,999.995002,999.994879,999.994772,999.994680,999.994601,999.994535,999.994482,999.994441,999.994411,999.994396,999.994395,999.994409,999.994436,999.994472,999.994519,999.994577,999.994646,999.994729,999.994824,999.994935,999.995060,999.995199,999.995353,999.995517,999.995692,999.995878,999.996075,999.996284,999.996505,999.996742,999.996996,999.997265,999.997550,999.997848,999.998155,999.998467,999.998788,999.999126,999.999486,999.999868,1000.000265,1000.000671,1000.001080,1000.001499,1000.001927,1000.002361,1000.002797,1000.003238,1000.003674,1000.004077,1000.004405,1000.004598,1000.004585,1000.004313,1000.003790,1000.003090,1000.002310,1000.001525,0.000000,0.000000,0.000000,0.000000
0.000000,0.000000,0.000000,0.000000,1000.001151,1000.002042,1000.002839,1000.003585,1000.004196,1000.004597,1000.004736,1000.004625,1000.004339,1000.003948,1000.003499,1000.003027,1000.002556,1000.002096,1000.001650,1000.001214,1000.000791,1000.000387,1000.000009,999.999658,999.999330,999.999015,999.998702,999.998386,999.998071,999.997767,999.997482,999.997216,999.996962,999.996716,999.996481,999.996260,999.996054,999.995861,999.995681,999.995513,999.995360,999.995221,999.995098,999.994989,999.994895,999.994814,999.994746,999.994691,999.994650,999.994623,999.994609,999.994608,999.994621,999.994645,999.994680,999.994726,999.994784,999.994856,999.994940,999.995038,999.995149,999.995275,999.995414,999.995564,999.995725,999.995898,999.996083,999.996280,999.996489,999.996712,999.996951,999.997207,999.997480,999.997765,999.998061,999.998365,999.998676,999.998999,999.999339,999.999698,1000.000078,1000.000476,1000.000882,1000.001293,1000.001710,1000.002136,1000.002567,1000.003002,1000.003439,1000.003861,1000.004236,1000.004517,1000.004645,1000.004556,1000.004211,1000.003637,1000.002892,1000.002094,1000.001205,0.000000,0.000000,0.000000,0.000000
0.000000,0.000000,0.000000,0.000000,0.000000,1000.001754,1000.002552,1000.003321,1000.003994,1000.004485,1000.004727,1000.004706,1000.004478,1000.004123,1000.003699,1000.003242,1000.002780,1000.002324,1000.001879,1000.001446,1000.001025,1000.000619,1000.000235,999.999876,999.999545,999.999233,999.998929,999.998622,999.998311,999.998008,999.997722,999.997456,999.997204,999.996958,999.996723,999.996500,999.996293,999.996100,999.995919,999.995751,999.995595,999.995455,999.995330,999.995220,999.995125,999.995042,999.994972,999.994916,999.994876,999.994850,999.994839,999.994839,999.994850,999.994871,999.994904,999.994949,999.995007,999.995080,999.995166,999.995265,999.995376,999.995500,999.995637,999.995785,999.995944,999.996115,999.996300,999.996498,999.996709,999.996936,999.997179,999.997438,999.997711,999.997995,999.998288,999.998589,999.998900,999.999226,999.999567,999.999925,1000.000302,1000.000698,1000.001105,1000.001517,1000.001936,1000.002360,1000.002790,1000.003222,1000.003650,1000.004053,1000.004390,1000.004611,1000.004663,1000.004490,1000.004072,1000.003438,1000.002675,1000.001909,0.000000,0.000000,0.000000,0.000000,0.000000
0.000000,0.000000,0.000000,0.000000,0.000000,1000.001365,1000.002258,1000.003041,1000.003763,1000.004329,1000.004672,1000.004753,1000.004600,1000.004291,1000.003897,1000.003462,1000.003012,1000.002563,1000.002124,1000.001696,1000.001278,1000.000872,1000.000483,1000.000115,999.999774,999.999460,999.999160,999.998863,999.998560,999.998259,999.997973,999.997705,999.997452,999.997206,999.996971,999.996750,999.996544,999.996352,999.996171,999.996001,999.995844,999.995703,999.995577,999.995466,999.995369,999.995285,999.995215,999.995158,999.995116,999.995092,999.995082,999.995085,999.995096,999.995116,999.995146,999.995189,999.995246,999.995319,999.995405,999.995502,999.995611,999.995733,999.995868,999.996016,999.996175,999.996346,999.996531,999.996730,999.996946,999.997178,999.997425,999.997686,999.997958,999.998239,999.998528,999.998826,999.999138,999.999467,999.999809,1000.000164,1000.000538,1000.000932,1000.001338,1000.001753,1000.002175,1000.002601,1000.003027,1000.003453,1000.003869,1000.004244,1000.004532,1000.004681,1000.004641,1000.004376,1000.003888,1000.003211,1000.002441,1000.001506,0.000000,0.000000,0.000000,0.000000,0.000000
0.000000,0.000000,0.000000,0.000000,0.000000,0.000000,1000.001910,1000.002734,1000.003493,1000.004134,1000.004572,1000.004762,1000.004703,1000.004454,1000.004094,1000.003683,1000.003249,1000.002810,1000.002378,1000.001957,1000.001544,1000.001141,1000.000749,1000.000375,1000.000025,999.999702,999.999401,999.999109,999.998816,999.998521,999.998235,999.997966,999.997710,999.997462,999.997226,999.997007,999.996803,999.996613,999.996435,999.996265,999.996108,999.995966,999.995840,999.995727,999.995629,999.995545,999.995474,999.995416,999.995373,999.995347,999.995337,999.995341,999.995355,999.995375,999.995404,999.995445,999.995501,999.995571,999.995653,999.995746,999.995852,999.995973,999.996108,999.996257,999.996419,999.996592,999.996777,999.996977,999.997196,999.997433,999.997684,999.997944,999.998215,999.998494,999.998778,999.999075,999.999389,999.999720,1000.000062,1000.000416,1000.000789,1000.001179,1000.001584,1000.002003,1000.002431,1000.002858,1000.003279,1000.003693,1000.004087,1000.004424,1000.004651,1000.004712,1000.004567,1000.004204,1000.003640,1000.002936,1000.002189,0.000000,0.000000,0.000000,0.000000,0.000000,0.000000
0.000000,0.000000,0.000000,0.000000,0.000000,0.000000,1000.001446,1000.002402,1000.003192,1000.003892,1000.004420,1000.004720,1000.004769,1000.004601,1000.004288,1000.003904,1000.003490,1000.003064,1000.002640,1000.002225,1000.001818,1000.001419,1000.001029,1000.000653,1000.000295,999.999962,999.999654,999.999362,999.999075,999.998790,999.998509,999.998240,999.997980,999.997729,999.997491,999.997271,999.997069,999.996883,999.996708,999.996542,999.996386,999.996245,999.996118,999.996005,999.995904,999.995818,999.995748,999.995689,999.995644,999.995615,999.995604,999.995607,999.995621,999.995642,999.995671,999.995712,999.995767,999.995836,999.995913,999.996002,999.996105,999.996226,999.996362,999.996515,999.996679,999.996853,999.997038,999.997240,999.997462,999.997701,999.997952,999.998213,999.998482,999.998758,999.999041,999.999337,999.999653,999.999985,1000.000327,1000.000682,1000.001055,1000.001444,1000.001849,1000.002270,1000.002701,1000.003126,1000.003538,1000.003932,1000.004293,1000.004579,1000.004729,1000.004684,1000.004426,1000.003973,1000.003356,1000.002649,1000.001793,0.000000,0.000000,0.000000,0.000000,0.000000,0.000000
0.000000,0.000000,0.000000,0.000000,0.000000,0.000000,0.000000,1000.001990,1000.002834,1000.003589,1000.004204,1000.004611,1000.004778,1000.004710,1000.004467,1000.004124,1000.003733,1000.003322,1000.002909,1000.002501,1000.002099,1000.001705,1000.001318,1000.000942,1000.000581,1000.000240,999.999923,999.999626,999.999342,999.999064,999.998792,999.998526,999.998265,999.998012,999.997771,999.997549,999.997346,999.997161,999.996990,999.996828,999.996675,999.996535,999.996408,999.996294,999.996190,999.996102,999.996030,999.995972,999.995927,999.995896,999.995882,999.995882,999.995892,999.995912,999.995942,999.995986,999.996043,999.996111,999.996186,999.996273,999.996376,999.996497,999.996636,999.996791,999.996958,999.997133,999.997318,999.997519,999.997742,999.997982,999.998233,999.998493,999.998760,999.999033,999.999316,999.999614,999.999931,1000.000262,1000.000605,1000.000963,1000.001338,1000.001728,1000.002132,1000.002552,1000.002980,1000.003398,1000.003793,1000.004160,1000.004476,1000.004694,1000.004746,1000.004585,1000.004219,1000.003679,1000.003025,1000.002315,0.000000,0.000000,0.000000,0.000000,0.000000,0.000000,0.000000
0.000000,0.000000,0.000000,0.000000,0.000000,0.000000,0.000000,1000.001461,1000.002445,1000.003241,1000.003925,1000.004428,1000.004715,1000.004766,1000.004616,1000.004332,1000.003975,1000.003586,1000.003186,1000.002786,1000.002389,1000.001998,1000.001616,1000.001241,1000.000879,1000.000535,1000.000210,999.999905,999.999621,999.999350,999.999085,999.998824,999.998565,999.998311,999.998068,999.997843,999.997638,999.997452,999.997282,999.997122,999.996971,999.996831,999.996704,999.996588,999.996483,999.996392,999.996318,999.996261,999.996218,999.996190,999.996173,999.996168,999.996173,999.996190,999.996222,999.996268,999.996327,999.996396,999.996472,999.996559,999.996665,999.996788,999.996928,999.997084,999.997251,999.997427,999.997611,999.997812,999.998033,999.998272,999.998524,999.998783,999.999048,999.999321,999.999606,999.999907,1000.000224,1000.000556,1000.000901,1000.001262,1000.001641,1000.002031,1000.002431,1000.002845,1000.003264,1000.003666,1000.004041,1000.004373,1000.004628,1000.004754,1000.004690,1000.004412,1000.003948,1000.003351,1000.002677,1000.001866,0.000000,0.000000,0.000000,0.000000,0.000000,0.000000,0.000000
0.000000,0.000000,0.000000,0.000000,0.000000,0.000000,0.000000,0.000000,1000.001996,1000.002845,1000.003586,1000.004179,1000.004576,1000.004754,1000.004720,1000.004521,1000.004216,1000.003856,1000.003475,1000.003085,1000.002695,1000.002307,1000.001925,1000.001551,1000.001190,1000.000845,1000.000516,1000.000206,999.999918,999.999651,999.999392,999.999135,999.998878,999.998624,999.998380,999.998153,999.997945,999.997757,999.997587,999.997428,999.997276,999.997135,999.997006,999.996889,999.996783,999.996691,999.996617,999.996561,999.996522,999.996495,999.996478,999.996468,999.996468,999.996482,999.996513,999.996561,999.996621,999.996689,999.996767,999.996858,999.996966,999.997091,999.997232,999.997388,999.997555,999.997730,999.997913,999.998112,999.998331,999.998570,999.998822,999.999081,999.999345,999.999620,999.999910,1000.000215,1000.000534,1000.000867,1000.001216,1000.001582,1000.001961,1000.002348,1000.002742,1000.003146,1000.003549,1000.003931,1000.004279,1000.004560,1000.004732,1000.004744,1000.004556,1000.004166,1000.003617,1000.002980,1000.002269,0.000000,0.000000,0.000000,0.000000,0.000000,0.000000,0.000000,0.000000
0.000000,0.000000,0.000000,0.000000,0.000000,0.000000,0.000000,0.000000,1000.001442,1000.002422,1000.003202,1000.003860,1000.004355,1000.004655,1000.004754,1000.004668,1000.004441,1000.004127,1000.003772,1000.003398,1000.003016,1000.002633,1000.002253,1000.001879,1000.001517,1000.001172,1000.000842,1000.000527,1000.000235,999.999964,999.999708,999.999454,999.999198,999.998945,999.998702,999.998476,999.998266,999.998076,999.997904,999.997744,999.997592,999.997450,999.997320,999.997203,999.997098,999.997007,999.996934,999.996880,999.996842,999.996814,999.996794,999.996781,999.996777,999.996788,999.996817,999.996863,999.996922,999.996991,999.997072,999.997166,999.997276,999.997402,999.997545,999.997703,999.997869,999.998042,999.998225,999.998422,999.998640,999.998878,999.999130,999.999389,999.999654,999.999934,1000.000229,1000.000538,1000.000860,1000.001197,1000.001549,1000.001916,1000.002293,1000.002674,1000.003060,1000.003450,1000.003832,1000.004187,1000.004490,1000.004699,1000.004766,1000.004649,1000.004337,1000.003851,1000.003252,1000.002593,1000.001805,0.000000,0.000000,0.000000,0.000000,0.000000,0.000000,0.000000,0.000000
0.000000,0.000000,0.000000,0.000000,0.000000,0.000000,0.000000,0.000000,0.000000,1000.001918,1000.002756,1000.003467,1000.004049,1000.004460,1000.004690,1000.004740,1000.004621,1000.004378,1000.004062,1000.003712,1000.003346,1000.002973,1000.002598,1000.002226,1000.001863,1000.001516,1000.001184,1000.000866,1000.000568,1000.000291,1000.000029,999.999775,999.999520,999.999269,999.999029,999.998806,999.998598,999.998406,999.998230,999.998067,999.997914,999.997773,999.997645,999.997530,999.997429,999.997343,999.997271,999.997217,999.997176,999.997144,999.997119,999.997103,999.997098,999.997107,999.997133,999.997177,999.997234,999.997304,999.997387,999.997483,999.997594,999.997723,999.997868,999.998027,999.998194,999.998366,999.998548,999.998745,999.998964,999.999201,999.999451,999.999710,999.999979,1000.000262,1000.000562,1000.000876,1000.001203,1000.001544,1000.001898,1000.002263,1000.002636,1000.003011,1000.003384,1000.003754,1000.004108,1000.004420,1000.004656,1000.004769,1000.004710,1000.004464,1000.004044,1000.003481,1000.002844,1000.002137,0.000000,0.000000,0.000000,0.000000,0.000000,0.000000,0.000000,0.000000,0.000000
0.000000,0.000000,0.000000,0.000000,0.000000,0.000000,0.000000,0.000000,0.000000,1000.001337,1000.002277,1000.003037,1000.003657,1000.004164,1000.004518,1000.004708,1000.004721,1000.004578,1000.004326,1000.004012,1000.003671,1000.003316,1000.002954,1000.002588,1000.002225,1000.001873,1000.001537,1000.001216,1000.000911,1000.000628,1000.000360,1000.000102,999.999849,999.999599,999.999363,999.999144,999.998938,999.998745,999.998564,999.998396,999.998241,999.998100,999.997976,999.997868,999.997772,999.997690,999.997621,999.997565,999.997520,999.997482,999.997453,999.997435,999.997431,999.997441,999.997466,999.997508,999.997565,999.997635,999.997718,999.997814,999.997926,999.998055,999.998202,999.998363,999.998530,999.998703,999.998886,999.999085,999.999303,999.999537,999.999785,1000.000046,1000.000318,1000.000607,1000.000912,1000.001231,1000.001562,1000.001906,1000.002261,1000.002624,1000.002991,1000.003355,1000.003710,1000.004051,1000.004361,1000.004609,1000.004755,1000.004749,1000.004558,1000.004192,1000.003677,1000.003074,1000.002394,1000.001628,0.000000,0.000000,0.000000,0.000000,0.000000,0.000000,0.000000,0.000000,0.000000
0.000000,0.000000,0.000000,0.000000,0.000000,0.000000,0.000000,0.000000,0.000000,0.000000,1000.001689,1000.002543,1000.003208,1000.003777,1000.004236,1000.004554,1000.004712,1000.004698,1000.004541,1000.004287,1000.003981,1000.003651,1000.003306,1000.002952,1000.002593,1000.002239,1000.001897,1000.001573,1000.001267,1000.000978,1000.000706,1000.000445,1000.000189,999.999941,999.999706,999.999489,999.999285,999.999091,999.998906,999.998735,999.998579,999.998440,999.998319,999.998215,999.998125,999.998046,999.997978,999.997919,999.997871,999.997832,999.997801,999.997784,999.997782,999.997794,999.997823,999.997866,999.997924,999.997993,999.998073,999.998168,999.998280,999.998410,999.998557,999.998718,999.998885,999.999058,999.999240,999.999439,999.999654,999.999885,1000.000133,1000.000396,1000.000674,1000.000968,1000.001275,1000.001596,1000.001932,1000.002278,1000.002634,1000.002995,1000.003354,1000.003702,1000.004030,1000.004327,1000.004571,1000.004729,1000.004760,1000.004621,1000.004304,1000.003830,1000.003247,1000.002595,1000.001815,0.000000,0.000000,0.000000,0.000000,0.000000,0.000000,0.000000,0.000000,0.000000,0.000000
0.000000,0.000000,0.000000,0.000000,0.000000,0.000000,0.000000,0.000000,0.000000,0.000000,0.000000,1000.001931,1000.002683,1000.003307,1000.003846,1000.004273,1000.004568,1000.004703,1000.004672,1000.004510,1000.004264,1000.003968,1000.003647,1000.003310,1000.002962,1000.002610,1000.002266,1000.001940,1000.001636,1000.001346,1000.001071,1000.000805,1000.000546,1000.000294,1000.000056,999.999837,999.999635,999.999444,999.999262,999.999092,999.998938,999.998802,999.998683,999.998581,999.998492,999.998413,999.998342,999.998283,999.998236,999.998198,999.998172,999.998158,999.998157,999.998172,999.998204,999.998249,999.998307,999.998375,999.998455,999.998549,999.998661,999.998791,999.998938,999.999097,999.999261,999.999431,999.999610,999.999804,1000.000016,1000.000245,1000.000493,1000.000760,1000.001042,1000.001337,1000.001645,1000.001969,1000.002306,1000.002655,1000.003011,1000.003367,1000.003713,1000.004036,1000.004322,1000.004553,1000.004707,1000.004749,1000.004646,1000.004376,1000.003942,1000.003378,1000.002735,1000.001982,0.000000,0.000000,0.000000,0.000000,0.000000,0.000000,0.000000,0.000000,0.000000,0.000000,0.000000
0.000000,0.000000,0.000000,0.000000,0.000000,0.000000,0.000000,0.000000,0.000000,0.000000,0.000000,1000.001309,1000.002112,1000.002784,1000.003362,1000.003872,1000.004283,1000.004565,1000.004686,1000.004649,1000.004492,1000.004254,1000.003969,1000.003658,1000.003328,1000.002986,1000.002646,1000.002321,1000.002017,1000.001730,1000.001453,1000.001184,1000.000921,1000.000663,1000.000419,1000.000196,999.999994,999.999808,999.999632,999.999468,999.999319,999.999187,999.999071,999.998969,999.998878,999.998796,999.998723,999.998663,999.998618,999.998587,999.998565,999.998554,999.998555,999.998571,999.998602,999.998647,999.998703,999.998771,999.998852,999.998948,999.999061,999.999191,999.999336,999.999492,999.999652,999.999816,999.999990,1000.000180,1000.000389,1000.000618,1000.000869,1000.001138,1000.001421,1000.001715,1000.002023,1000.002346,1000.002684,1000.003034,1000.003386,1000.003729,1000.004049,1000.004331,1000.004555,1000.004697,1000.004732,1000.004638,1000.004399,1000.004007,1000.003477,1000.002866,1000.002170,1000.001338,0.000000,0.000000,0.000000,0.000000,0.000000,0.000000,0.000000,0.000000,0.000000,0.000000,0.000000
0.000000,0.000000,0.000000,0.000000,0.000000,0.000000,0.000000,0.000000,0.000000,0.000000,0.000000,0.000000,1000.001452,1000.002218,1000.002838,1000.003381,1000.003876,1000.004282,1000.004555,1000.004669,1000.004633,1000.004483,1000.004256,1000.003984,1000.003685,1000.003364,1000.003034,1000.002715,1000.002414,1000.002129,1000.001855,1000.001585,1000.001319,1000.001058,1000.000809,1000.000581,1000.000377,1000.000193,1000.000021,999.999861,999.999716,999.999588,999.999476,999.999374,999.999281,999.999195,999.999120,999.999061,999.999019,999.998993,999.998976,999.998969,999.998972,999.998987,999.999014,999.999054,999.999107,999.999174,999.999256,999.999354,999.999468,999.999597,999.999740,999.999892,1000.000048,1000.000207,1000.000378,1000.000567,1000.000777,1000.001010,1000.001263,1000.001534,1000.001817,1000.002109,1000.002414,1000.002734,1000.003071,1000.003414,1000.003752,1000.004068,1000.004346,1000.004565,1000.004699,1000.004723,1000.004620,1000.004386,1000.004020,1000.003532,1000.002960,1000.002302,1000.001502,0.000000,0.000000,0.000000,0.000000,0.000000,0.000000,0.000000,0.000000,0.000000,0.000000,0.000000,0.000000
0.000000,0.000000,0.000000,0.000000,0.000000,0.000000,0.000000,0.000000,0.000000,0.000000,0.000000,0.000000,0.000000,1000.001588,1000.002277,1000.002852,1000.003378,1000.003871,1000.004273,1000.004541,1000.004651,1000.004619,1000.004481,1000.004272,1000.004016,1000.003730,1000.003426,1000.003122,1000.002829,1000.002549,1000.002276,1000.002009,1000.001743,1000.001481,1000.001230,1000.000998,1000.000790,1000.000605,1000.000434,1000.000274,1000.000130,1000.000002,999.999890,999.999789,999.999695,999.999608,999.999533,999.999474,999.999435,999.999411,999.999400,999.999397,999.999403,999.999416,999.999440,999.999474,999.999522,999.999586,999.999668,999.999765,999.999879,1000.000008,1000.000149,1000.000297,1000.000448,1000.000606,1000.000778,1000.000972,1000.001190,1000.001428,1000.001684,1000.001955,1000.002235,1000.002522,1000.002820,1000.003135,1000.003462,1000.003789,1000.004099,1000.004372,1000.004586,1000.004714,1000.004727,1000.004608,1000.004363,1000.004001,1000.003536,1000.003005,1000.002397,1000.001662,0.000000,0.000000,0.000000,0.000000,0.000000,0.000000,0.000000,0.000000,0.000000,0.000000,0.000000,0.000000,0.000000
0.000000,0.000000,0.000000,0.000000,0.000000,0.000000,0.000000,0.000000,0.000000,0.000000,0.000000,0.000000,0.000000,0.000000,1000.001657,1000.002276,1000.002828,1000.003356,1000.003853,1000.004252,1000.004513,1000.004625,1000.004607,1000.004491,1000.004304,1000.004070,1000.003806,1000.003531,1000.003257,1000.002985,1000.002717,1000.002452,1000.002188,1000.001928,1000.001676,1000.001442,1000.001230,1000.001041,1000.000869,1000.000709,1000.000563,1000.000433,1000.000318,1000.000216,1000.000122,1000.000037,999.999963,999.999905,999.999866,999.999844,999.999835,999.999836,999.999844,999.999858,999.999878,999.999908,999.999952,1000.000012,1000.000090,1000.000187,1000.000301,1000.000428,1000.000566,1000.000710,1000.000860,1000.001021,1000.001202,1000.001406,1000.001632,1000.001876,1000.002133,1000.002399,1000.002670,1000.002946,1000.003235,1000.003537,1000.003846,1000.004145,1000.004410,1000.004617,1000.004737,1000.004742,1000.004609,1000.004345,1000.003970,1000.003507,1000.002995,1000.002426,1000.001768,0.000000,0.000000,0.000000,0.000000,0.000000,0.000000,0.000000,0.000000,0.000000,0.000000,0.000000,0.000000,0.000000,0.000000
0.000000,0.000000,0.000000,0.000000,0.000000,0.000000,0.000000,0.000000,0.000000,0.000000,0.000000,0.000000,0.000000,0.000000,0.000000,1000.001606,1000.002223,1000.002785,1000.003324,1000.003822,1000.004212,1000.004470,1000.004596,1000.004603,1000.004515,1000.004358,1000.004154,1000.003921,1000.003675,1000.003422,1000.003164,1000.002904,1000.002645,1000.002388,1000.002138,1000.001902,1000.001687,1000.001494,1000.001320,1000.001161,1000.001015,1000.000882,1000.000764,1000.000660,1000.000567,1000.000485,1000.000413,1000.000354,1000.000313,1000.000291,1000.000283,1000.000284,1000.000294,1000.000309,1000.000329,1000.000358,1000.000400,1000.000456,1000.000531,1000.000625,1000.000736,1000.000859,1000.000993,1000.001136,1000.001288,1000.001457,1000.001649,1000.001865,1000.002099,1000.002344,1000.002598,1000.002855,1000.003112,1000.003374,1000.003647,1000.003930,1000.004209,1000.004460,1000.004653,1000.004763,1000.004760,1000.004620,1000.004339,1000.003943,1000.003467,1000.002953,1000.002390,1000.001749,0.000000,0.000000,0.000000,0.000000,0.000000,0.000000,0.000000,0.000000,0.000000,0.000000,0.000000,0.000000,0.000000,0.000000,0.000000
0.000000,0.000000,0.000000,0.000000,0.000000,0.000000,0.000000,0.000000,0.000000,0.000000,0.000000,0.000000,0.000000,0.000000,0.000000,0.000000,1000.001509,1000.002161,1000.002746,1000.003289,1000.003775,1000.004156,1000.004420,1000.004567,1000.004606,1000.004554,1000.004432,1000.004259,1000.004055,1000.003832,1000.003594,1000.003347,1000.003099,1000.002851,1000.002608,1000.002376,1000.002159,1000.001963,1000.001788,1000.001629,1000.001482,1000.001347,1000.001226,1000.001120,1000.001029,1000.000948,1000.000876,1000.000817,1000.000775,1000.000750,1000.000739,1000.000741,1000.000751,1000.000769,1000.000794,1000.000826,1000.000867,1000.000922,1000.000993,1000.001082,1000.001186,1000.001306,1000.001437,1000.001579,1000.001736,1000.001913,1000.002112,1000.002334,1000.002571,1000.002817,1000.003065,1000.003310,1000.003552,1000.003796,1000.004045,1000.004295,1000.004521,1000.004695,1000.004787,1000.004771,1000.004625,1000.004342,1000.003932,1000.003436,1000.002908,1000.002334,1000.001664,0.000000,0.000000,0.000000,0.000000,0.000000,0.000000,0.000000,0.000000,0.000000,0.000000,0.000000,0.000000,0.000000,0.000000,0.000000,0.000000
0.000000,0.000000,0.000000,0.000000,0.000000,0.000000,0.000000,0.000000,0.000000,0.000000,0.000000,0.000000,0.000000,0.000000,0.000000,0.000000,0.000000,1000.001447,1000.002132,1000.002722,1000.003250,1000.003719,1000.004095,1000.004367,1000.004541,1000.004616,1000.004599,1000.004510,1000.004368,1000.004190,1000.003987,1000.003767,1000.003538,1000.003308,1000.003080,1000.002857,1000.002645,1000.002452,1000.002276,1000.002115,1000.001966,1000.001828,1000.001704,1000.001596,1000.001505,1000.001424,1000.001352,1000.001292,1000.001247,1000.001218,1000.001206,1000.001207,1000.001218,1000.001240,1000.001270,1000.001306,1000.001350,1000.001405,1000.001473,1000.001557,1000.001656,1000.001771,1000.001902,1000.002047,1000.002208,1000.002388,1000.002589,1000.002809,1000.003043,1000.003284,1000.003523,1000.003755,1000.003979,1000.004197,1000.004408,1000.004598,1000.004740,1000.004806,1000.004769,1000.004615,1000.004336,1000.003932,1000.003426,1000.002879,1000.002288,1000.001610,0.000000,0.000000,0.000000,0.000000,0.000000,0.000000,0.000000,0.000000,0.000000,0.000000,0.000000,0.000000,0.000000,0.000000,0.000000,0.000000,0.000000
0.000000,0.000000,0.000000,0.000000,0.000000,0.000000,0.000000,0.000000,0.000000,0.000000,0.000000,0.000000,0.000000,0.000000,0.000000,0.000000,0.000000,0.000000,1000.001445,1000.002124,1000.002696,1000.003199,1000.003651,1000.004020,1000.004308,1000.004510,1000.004621,1000.004641,1000.004587,1000.004478,1000.004326,1000.004146,1000.003949,1000.003745,1000.003540,1000.003335,1000.003136,1000.002951,1000.002779,1000.002620,1000.002470,1000.002329,1000.002202,1000.002092,1000.001997,1000.001916,1000.001843,1000.001782,1000.001733,1000.001702,1000.001689,1000.001691,1000.001703,1000.001726,1000.001756,1000.001793,1000.001840,1000.001895,1000.001962,1000.002042,1000.002138,1000.002252,1000.002385,1000.002534,1000.002700,1000.002881,1000.003079,1000.003292,1000.003516,1000.003744,1000.003968,1000.004178,1000.004372,1000.004549,1000.004696,1000.004795,1000.004824,1000.004759,1000.004588,1000.004306,1000.003921,1000.003428,1000.002875,1000.002266,1000.001567,0.000000,0.000000,0.000000,0.000000,0.000000,0.000000,0.000000,0.000000,0.000000,0.000000,0.000000,0.000000,0.000000,0.000000,0.000000,0.000000,0.000000,0.000000
0.000000,0.000000,0.000000,0.000000,0.000000,0.000000,0.000000,0.000000,0.000000,0.000000,0.000000,0.000000,0.000000,0.000000,0.000000,0.000000,0.000000,0.000000,0.000000,1000.001437,1000.002091,1000.002631,1000.003108,1000.003545,1000.003919,1000.004228,1000.004464,1000.004613,1000.004674,1000.004661,1000.004586,1000.004463,1000.004312,1000.004144,1000.003969,1000.003790,1000.003612,1000.003441,1000.003281,1000.003130,1000.002985,1000.002847,1000.002718,1000.002604,1000.002505,1000.002420,1000.002346,1000.002284,1000.002235,1000.002203,1000.002190,1000.002194,1000.002209,1000.002229,1000.002254,1000.002287,1000.002331,1000.002386,1000.002451,1000.002529,1000.002627,1000.002744,1000.002880,1000.003031,1000.003197,1000.003377,1000.003568,1000.003769,1000.003977,1000.004183,1000.004375,1000.004546,1000.004689,1000.004796,1000.004848,1000.004832,1000.004733,1000.004544,1000.004256,1000.003876,1000.003417,1000.002881,1000.002276,1000.001542,0.000000,0.000000,0.000000,0.000000,0.000000,0.000000,0.000000,0.000000,0.000000,0.000000,0.000000,0.000000,0.000000,0.000000,0.000000,0.000000,0.000000,0.000000,0.000000
0.000000,0.000000,0.000000,0.000000,0.000000,0.000000,0.000000,0.000000,0.000000,0.000000,0.000000,0.000000,0.000000,0.000000,0.000000,0.000000,0.000000,0.000000,0.000000,0.000000,1000.001375,1000.001986,1000.002492,1000.002962,1000.003386,1000.003779,1000.004115,1000.004388,1000.004580,1000.004687,1000.004716,1000.004677,1000.004591,1000.004478,1000.004346,1000.004202,1000.004052,1000.003902,1000.003758,1000.003622,1000.003491,1000.003362,1000.003235,1000.003117,1000.003013,1000.002924,1000.002850,1000.002790,1000.002745,1000.002716,1000.002705,1000.002711,1000.002725,1000.002742,1000.002761,1000.002787,1000.002824,1000.002875,1000.002938,1000.003018,1000.003119,1000.003239,1000.003375,1000.003523,1000.003682,1000.003851,1000.004029,1000.004212,1000.004394,1000.004560,1000.004697,1000.004798,1000.004855,1000.004859,1000.004796,1000.004661,1000.004452,1000.004168,1000.003803,1000.003378,1000.002866,1000.002279,1000.001587,0.000000,0.000000,0.000000,0.000000,0.000000,0.000000,0.000000,0.000000,0.000000,0.000000,0.000000,0.000000,0.000000,0.000000,0.000000,0.000000,0.000000,0.000000,0.000000,0.000000
0.000000,0.000000,0.000000,0.000000,0.000000,0.000000,0.000000,0.000000,0.000000,0.000000,0.000000,0.000000,0.000000,0.000000,0.000000,0.000000,0.000000,0.000000,0.000000,0.000000,0.000000,1000.001231,1000.001777,1000.002300,1000.002753,1000.003180,1000.003591,1000.003962,1000.004272,1000.004508,1000.004658,1000.004729,1000.004737,1000.004701,1000.004633,1000.004539,1000.004426,1000.004305,1000.004187,1000.004072,1000.003960,1000.003845,1000.003725,1000.003608,1000.003501,1000.003412,1000.003340,1000.003287,1000.003252,1000.003231,1000.003224,1000.003228,1000.003239,1000.003251,1000.003265,1000.003284,1000.003315,1000.003360,1000.003422,1000.003504,1000.003606,1000.003722,1000.003849,1000.003983,1000.004125,1000.004274,1000.004428,1000.004580,1000.004713,1000.004812,1000.004864,1000.004860,1000.004803,1000.004690,1000.004516,1000.004283,1000.004000,1000.003667,1000.003301,1000.002855,1000.002205,1000.001594,0.000000,0.000000,0.000000,0.000000,0.000000,0.000000,0.000000,0.000000,0.000000,0.000000,0.000000,0.000000,0.000000,0.000000,0.000000,0.000000,0.000000,0.000000,0.000000,0.000000,0.000000
0.000000,0.000000,0.000000,0.000000,0.000000,0.000000,0.000000,0.000000,0.000000,0.000000,0.000000,0.000000,0.000000,0.000000,0.000000,0.000000,0.000000,0.000000,0.000000,0.000000,0.000000,0.000000,0.000000,1000.001492,1000.002029,1000.002486,1000.002935,1000.003363,1000.003760,1000.004107,1000.004374,1000.004562,1000.004682,1000.004749,1000.004768,1000.004745,1000.004688,1000.004612,1000.004530,1000.004445,1000.004359,1000.004264,1000.004159,1000.004051,1000.003951,1000.003867,1000.003802,1000.003761,1000.003739,1000.003730,1000.003729,1000.003731,1000.003736,1000.003742,1000.003750,1000.003766,1000.003792,1000.003832,1000.003890,1000.003969,1000.004063,1000.004165,1000.004269,1000.004376,1000.004487,1000.004600,1000.004712,1000.004806,1000.004863,1000.004867,1000.004808,1000.004689,1000.004517,1000.004301,1000.004044,1000.003749,1000.003439,1000.003091,1000.002716,1000.002266,0.000000,0.000000,0.000000,0.000000,0.000000,0.000000,0.000000,0.000000,0.000000,0.000000,0.000000,0.000000,0.000000,0.000000,0.000000,0.000000,0.000000,0.000000,0.000000,0.000000,0.000000,0.000000,0.000000
0.000000,0.000000,0.000000,0.000000,0.000000,0.000000,0.000000,0.000000,0.000000,0.000000,0.000000,0.000000,0.000000,0.000000,0.000000,0.000000,0.000000,0.000000,0.000000,0.000000,0.000000,0.000000,0.000000,0.000000,1000.001196,1000.001694,1000.002202,1000.002654,1000.003103,1000.003518,1000.003878,1000.004173,1000.004398,1000.004567,1000.004684,1000.004749,1000.004769,1000.004758,1000.004728,1000.004690,1000.004642,1000.004579,1000.004502,1000.004415,1000.004333,1000.004263,1000.004211,1000.004181,1000.004170,1000.004172,1000.004178,1000.004182,1000.004184,1000.004185,1000.004189,1000.004199,1000.004220,1000.004257,1000.004310,1000.004378,1000.004454,1000.004528,1000.004596,1000.004657,1000.004717,1000.004773,1000.004815,1000.004823,1000.004781,1000.004677,1000.004510,1000.004292,1000.004034,1000.003744,1000.003442,1000.003124,1000.002814,1000.002462,1000.002048,0.000000,0.000000,0.000000,0.000000,0.000000,0.000000,0.000000,0.000000,0.000000,0.000000,0.000000,0.000000,0.000000,0.000000,0.000000,0.000000,0.000000,0.000000,0.000000,0.000000,0.000000,0.000000,0.000000,0.000000
0.000000,0.000000,0.000000,0.000000,0.000000,0.000000,0.000000,0.000000,0.000000,0.000000,0.000000,0.000000,0.000000,0.000000,0.000000,0.000000,0.000000,0.000000,0.000000,0.000000,0.000000,0.000000,0.000000,0.000000,0.000000,0.000000,1000.001350,1000.001824,1000.002354,1000.002809,1000.003229,1000.003586,1000.003895,1000.004148,1000.004350,1000.004501,1000.004604,1000.004670,1000.004710,1000.004731,1000.004738,1000.004727,1000.004694,1000.004646,1000.004596,1000.004550,1000.004517,1000.004497,1000.004492,1000.004497,1000.004508,1000.004518,1000.004522,1000.004521,1000.004519,1000.004523,1000.004540,1000.004574,1000.004619,1000.004667,1000.004711,1000.004744,1000.004761,1000.004763,1000.004756,1000.004735,1000.004687,1000.004600,1000.004457,1000.004259,1000.004006,1000.003714,1000.003400,1000.003076,1000.002764,1000.002443,1000.002063,0.000000,0.000000,0.000000,0.000000,0.000000,0.000000,0.000000,0.000000,0.000000,0.000000,0.000000,0.000000,0.000000,0.000000,0.000000,0.000000,0.000000,0.000000,0.000000,0.000000,0.000000,0.000000,0.000000,0.000000,0.000000,0.000000
0.000000,0.000000,0.000000,0.000000,0.000000,0.000000,0.000000,0.000000,0.000000,0.000000,0.000000,0.000000,0.000000,0.000000,0.000000,0.000000,0.000000,0.000000,0.000000,0.000000,0.000000,0.000000,0.000000,0.000000,0.000000,0.000000,0.000000,0.000000,1000.001447,1000.001947,1000.002475,1000.002863,1000.003211,1000.003511,1000.003780,1000.004002,1000.004179,1000.004315,1000.004424,1000.004509,1000.004578,1000.004630,1000.004659,1000.004667,1000.004663,1000.004653,1000.004642,1000.004633,1000.004629,1000.004630,1000.004638,1000.004650,1000.004656,1000.004655,1000.004649,1000.004649,1000.004663,1000.004690,1000.004721,1000.004743,1000.004747,1000.004729,1000.004689,1000.004634,1000.004562,1000.004465,1000.004338,1000.004165,1000.003938,1000.003666,1000.003351,1000.003009,1000.002674,1000.002338,1000.001942,0.000000,0.000000,0.000000,0.000000,0.000000,0.000000,0.000000,0.000000,0.000000,0.000000,0.000000,0.000000,0.000000,0.000000,0.000000,0.000000,0.000000,0.000000,0.000000,0.000000,0.000000,0.000000,0.000000,0.000000,0.000000,0.000000,0.000000,0.000000
0.000000,0.000000,0.000000,0.000000,0.000000,0.000000,0.000000,0.000000,0.000000,0.000000,0.000000,0.000000,0.000000,0.000000,0.000000,0.000000,0.000000,0.000000,0.000000,0.000000,0.000000,0.000000,0.000000,0.000000,0.000000,0.000000,0.000000,0.000000,0.000000,0.000000,1000.001550,1000.001982,1000.002399,1000.002722,1000.003023,1000.003293,1000.003529,1000.003723,1000.003882,1000.004022,1000.004145,1000.004257,1000.004350,1000.004420,1000.004465,1000.004492,1000.004507,1000.004511,1000.004509,1000.004503,1000.004500,1000.004503,1000.004506,1000.004505,1000.004500,1000.004499,1000.004508,1000.004525,1000.004540,1000.004537,1000.004506,1000.004448,1000.004368,1000.004272,1000.004155,1000.004008,1000.003817,1000.003578,1000.003294,1000.002961,1000.002601,1000.002188,1000.001788,0.000000,0.000000,0.000000,0.000000,0.000000,0.000000,0.000000,0.000000,0.000000,0.000000,0.000000,0.000000,0.000000,0.000000,0.000000,0.000000,0.000000,0.000000,0.000000,0.000000,0.000000,0.000000,0.000000,0.000000,0.000000,0.000000,0.000000,0.000000,0.000000,0.000000
0.000000,0.000000,0.000000,0.000000,0.000000,0.000000,0.000000,0.000000,0.000000,0.000000,0.000000,0.000000,0.000000,0.000000,0.000000,0.000000,0.000000,0.000000,0.000000,0.000000,0.000000,0.000000,0.000000,0.000000,0.000000,0.000000,0.000000,0.000000,0.000000,0.000000,0.000000,0.000000,1000.001398,1000.001807,1000.002163,1000.002461,1000.002707,1000.002939,1000.003137,1000.003323,1000.003491,1000.003649,1000.003792,1000.003914,1000.004004,1000.004061,1000.004095,1000.004111,1000.004111,1000.004097,1000.004081,1000.004066,1000.004062,1000.004061,1000.004064,1000.004068,1000.004074,1000.004080,1000.004078,1000.004056,1000.004011,1000.003937,1000.003849,1000.003734,1000.003593,1000.003418,1000.003186,1000.002912,1000.002585,1000.002131,1000.001687,0.000000,0.000000,0.000000,0.000000,0.000000,0.000000,0.000000,0.000000,0.000000,0.000000,0.000000,0.000000,0.000000,0.000000,0.000000,0.000000,0.000000,0.000000,0.000000,0.000000,0.000000,0.000000,0.000000,0.000000,0.000000,0.000000,0.000000,0.000000,0.000000,0.000000,0.000000,0.000000
0.000000,0.000000,0.000000,0.000000,0.000000,0.000000,0.000000,0.000000,0.000000,0.000000,0.000000,0.000000,0.000000,0.000000,0.000000,0.000000,0.000000,0.000000,0.000000,0.000000,0.000000,0.000000,0.000000,0.000000,0.000000,0.000000,0.000000,0.000000,0.000000,0.000000,0.000000,0.000000,0.000000,0.000000,1000.001182,1000.001530,1000.001786,1000.002018,1000.002248,1000.002463,1000.002670,1000.002865,1000.003055,1000.003215,1000.003344,1000.003428,1000.003475,1000.003493,1000.003484,1000.003456,1000.003417,1000.003381,1000.003370,1000.003372,1000.003390,1000.003414,1000.003431,1000.003434,1000.003417,1000.003374,1000.003312,1000.003245,1000.003193,1000.003082,1000.002939,1000.002753,1000.002485,1000.002143,1000.001781,0.000000,0.000000,0.000000,0.000000,0.000000,0.000000,0.000000,0.000000,0.000000,0.000000,0.000000,0.000000,0.000000,0.000000,0.000000,0.000000,0.000000,0.000000,0.000000,0.000000,0.000000,0.000000,0.000000,0.000000,0.000000,0.000000,0.000000,0.000000,0.000000,0.000000,0.000000,0.000000,0.000000,0.000000
0.000000,0.000000,0.000000,0.000000,0.000000,0.000000,0.000000,0.000000,0.000000,0.000000,0.000000,0.000000,0.000000,0.000000,0.000000,0.000000,0.000000,0.000000,0.000000,0.000000,0.000000,0.000000,0.000000,0.000000,0.000000,0.000000,0.000000,0.000000,0.000000,0.000000,0.000000,0.000000,0.000000,0.000000,0.000000,0.000000,0.000000,1000.000940,1000.001264,1000.001496,1000.001709,1000.001937,1000.002208,1000.002399,1000.002558,1000.002672,1000.002727,1000.002730,1000.002695,1000.002635,1000.002551,1000.002504,1000.002472,1000.002489,1000.002540,1000.002610,1000.002668,1000.002687,1000.002652,1000.002568,1000.002463,1000.002438,1000.002436,1000.002377,1000.002215,1000.001965,0.000000,0.000000,0.000000,0.000000,0.000000,0.000000,0.000000,0.000000,0.000000,0.000000,0.000000,0.000000,0.000000,0.000000,0.000000,0.000000,0.000000,0.000000,0.000000,0.000000,0.000000,0.000000,0.000000,0.000000,0.000000,0.000000,0.000000,0.000000,0.000000,0.000000,0.000000,0.000000,0.000000,0.000000,0.000000,0.000000,0.000000
0.000000,0.000000,0.000000,0.000000,0.000000,0.000000,0.000000,0.000000,0.000000,0.000000,0.000000,0.000000,0.000000,0.000000,0.000000,0.000000,0.000000,0.000000,0.000000,0.000000,0.000000,0.000000,0.000000,0.000000,0.000000,0.000000,0.000000,0.000000,0.000000,0.000000,0.000000,0.000000,0.000000,0.000000,0.000000,0.000000,0.000000,0.000000,0.000000,0.000000,0.000000,0.000000,1000.001252,1000.001492,1000.001704,1000.001862,1000.001928,1000.001891,1000.001795,1000.001669,1000.001549,1000.001510,1000.001401,1000.001429,1000.001554,1000.001719,1000.001862,1000.001923,1000.001883,1000.001752,1000.001489,0.000000,0.000000,0.000000,0.000000,0.000000,0.000000,0.000000,0.000000,0.000000,0.000000,0.000000,0.000000,0.000000,0.000000,0.000000,0.000000,0.000000,0.000000,0.000000,0.000000,0.000000,0.000000,0.000000,0.000000,0.000000,0.000000,0.000000,0.000000,0.000000,0.000000,0.000000,0.000000,0.000000,0.000000,0.000000,0.000000,0.000000,0.000000,0.000000,0.000000,0.000000,0.000000
0.000000,0.000000,0.000000,0.000000,0.000000,0.000000,0.000000,0.000000,0.000000,0.000000,0.000000,0.000000,0.000000,0.000000,0.000000,0.000000,0.000000,0.000000,0.000000,0.000000,0.000000,0.000000,0.000000,0.000000,0.000000,0.000000,0.000000,0.000000,0.000000,0.000000,0.000000,0.000000,0.000000,0.000000,0.000000,0.000000,0.000000,0.000000,0.000000,0.000000,0.000000,0.000000,0.000000,0.000000,0.000000,0.000000,0.000000,0.000000,0.000000,0.000000,0.000000,1000.000424,0.000000,0.000000,0.000000,0.000000,0.000000,0.000000,0.000000,0.000000,0.000000,0.000000,0.000000,0.000000,0.000000,0.000000,0.000000,0.000000,0.000000,0.000000,0.000000,0.000000,0.000000,0.000000,0.000000,0.000000,0.000000,0.000000,0.000000,0.000000,0.000000,0.000000,0.000000,0.000000,0.000000,0.000000,0.000000,0.000000,0.000000,0.000000,0.000000,0.000000,0.000000,0.000000,0.000000,0.000000,0.000000,0.000000,0.000000,0.000000,0.000000,0.000000,0.000000
0.000000,0.000000,0.000000,0.000000,0.000000,0.000000,0.000000,0.000000,0.000000,0.000000,0.000000,0.000000,0.000000,0.000000,0.000000,0.000000,0.000000,0.000000,0.000000,0.000000,0.000000,0.000000,0.000000,0.000000,0.000000,0.000000,0.000000,0.000000,0.000000,0.000000,0.000000,0.000000,0.000000,0.000000,0.000000,0.000000,0.000000,0.000000,0.000000,0.000000,0.000000,0.000000,0.000000,0.000000,0.000000,0.000000,0.000000,0.000000,0.000000,0.000000,0.000000,0.000000,0.000000,0.000000,0.000000,0.000000,0.000000,0.000000,0.000000,0.000000,0.000000,0.000000,0.000000,0.000000,0.000000,0.000000,0.000000,0.000000,0.000000,0.000000,0.000000,0.000000,0.000000,0.000000,0.000000,0.000000,0.000000,0.000000,0.000000,0.000000,0.000000,0.000000,0.000000,0.000000,0.000000,0.000000,0.000000,0.000000,0.000000,0.000000,0.000000,0.000000,0.000000,0.000000,0.000000,0.000000,0.000000,0.000000,0.000000,0.000000,0.000000,0.000000,0.000000
