0.000000,0.000000,0.000000,0.000000,0.000000,0.000000,0.000000,0.000000,0.000000,0.000000,0.000000,0.000000,0.000000,0.000000,0.000000,0.000000,0.000000,0.000000,0.000000,0.000000,0.000000,0.000000,0.000000,0.000000,0.000000,0.000000,0.000000,0.000000,0.000000,0.000000,0.000000,0.000000,0.000000,0.000000,0.000000,0.000000,0.000000,0.000000,0.000000,0.000000,0.000000,0.000000,0.000000,0.000000,0.000000,0.000000,0.000000,0.000000,0.000000,0.000000,0.000000,0.000000,0.000000,0.000000,0.000000,0.000000,0.000000,0.000000,0.000000,0.000000,0.000000,0.000000,0.000000,0.000000,0.000000,0.000000,0.000000,0.000000,0.000000,0.000000,0.000000,0.000000,0.000000,0.000000,0.000000,0.000000,0.000000,0.000000,0.000000,0.000000,0.000000,0.000000,0.000000,0.000000,0.000000,0.000000,0.000000,0.000000,0.000000,0.000000,0.000000,0.000000,0.000000,0.000000,0.000000,0.000000,0.000000,0.000000,0.000000,0.000000,0.000000,0.000000,0.000000
0.000000,0.000000,0.000000,0.000000,0.000000,0.000000,0.000000,0.000000,0.000000,0.000000,0.000000,0.000000,0.000000,0.000000,0.000000,0.000000,0.000000,0.000000,0.000000,0.000000,0.000000,0.000000,0.000000,0.000000,0.000000,0.000000,0.000000,0.000000,0.000000,0.000000,0.000000,0.000000,0.000000,0.000000,0.000000,0.000000,0.000000,0.000000,0.000000,0.000000,0.000000,0.000000,0.000000,0.000000,0.000000,0.000000,0.000000,0.000000,0.000000,0.000000,0.000000,999.980893,0.000000,0.000000,0.000000,0.000000,0.000000,0.000000,0.000000,0.000000,0.000000,0.000000,0.000000,0.000000,0.000000,0.000000,0.000000,0.000000,0.000000,0.000000,0.000000,0.000000,0.000000,0.000000,0.000000,0.000000,0.000000,0.000000,0.000000,0.000000,0.000000,0.000000,0.000000,0.000000,0.000000,0.000000,0.000000,0.000000,0.000000,0.000000,0.000000,0.000000,0.000000,0.000000,0.000000,0.000000,0.000000,0.000000,0.000000,0.000000,0.000000,0.000000,0.000000
0.000000,0.000000,0.000000,0.000000,0.000000,0.000000,0.000000,0.000000,0.000000,0.000000,0.000000,0.000000,0.000000,0.000000,0.000000,0.000000,0.000000,0.000000,0.000000,0.000000,0.000000,0.000000,0.000000,0.000000,0.000000,0.000000,0.000000,0.000000,0.000000,0.000000,0.000000,0.000000,0.000000,0.000000,0.000000,0.000000,0.000000,0.000000,0.000000,0.000000,0.000000,0.000000,999.979935,999.980094,999.980313,999.980723,999.981419,999.982259,999.982922,999.983200,999.983245,999.983380,999.983316,999.983421,999.983451,999.983326,999.983179,999.982940,999.982565,999.982101,999.981517,0.000000,0.000000,0.000000,0.000000,0.000000,0.000000,0.000000,0.000000,0.000000,0.000000,0.000000,0.000000,0.000000,0.000000,0.000000,0.000000,0.000000,0.000000,0.000000,0.000000,0.000000,0.000000,0.000000,0.000000,0.000000,0.000000,0.000000,0.000000,0.000000,0.000000,0.000000,0.000000,0.000000,0.000000,0.000000,0.000000,0.000000,0.000000,0.000000,0.000000,0.000000,0.000000
0.000000,0.000000,0.000000,0.000000,0.000000,0.000000,0.000000,0.000000,0.000000,0.000000,0.000000,0.000000,0.000000,0.000000,0.000000,0.000000,0.000000,0.000000,0.000000,0.000000,0.000000,0.000000,0.000000,0.000000,0.000000,0.000000,0.000000,0.000000,0.000000,0.000000,0.000000,0.000000,0.000000,0.000000,0.000000,0.000000,0.000000,999.978883,999.979735,999.980574,999.981223,999.981671,999.982194,999.982431,999.982753,999.983168,999.983620,999.984089,999.984490,999.984804,999.985066,999.985182,999.985195,999.985312,999.985373,999.985392,999.985283,999.985034,999.984662,999.984159,999.983555,999.982846,999.982424,999.982185,999.981871,999.981199,0.000000,0.000000,0.000000,0.000000,0.000000,0.000000,0.000000,0.000000,0.000000,0.000000,0.000000,0.000000,0.000000,0.000000,0.000000,0.000000,0.000000,0.000000,0.000000,0.000000,0.000000,0.000000,0.000000,0.000000,0.000000,0.000000,0.000000,0.000000,0.000000,0.000000,0.000000,0.000000,0.000000,0.000000,0.000000,0.000000,0.000000
0.000000,0.000000,0.000000,0.000000,0.000000,0.000000,0.000000,0.000000,0.000000,0.000000,0.000000,0.000000,0.000000,0.000000,0.000000,0.000000,0.000000,0.000000,0.000000,0.000000,0.000000,0.000000,0.000000,0.000000,0.000000,0.000000,0.000000,0.000000,0.000000,0.000000,0.000000,0.000000,0.000000,0.000000,999.979587,999.980000,999.980481,999.981345,999.981960,999.982546,999.983114,999.983668,999.984137,999.984511,999.984885,999.985250,999.985620,999.985937,999.986193,999.986454,999.986709,999.986873,999.987013,999.987121,999.987195,999.987245,999.987182,999.986973,999.986617,999.986134,999.985569,999.984954,999.984401,999.983930,999.983539,999.983113,999.982637,999.981990,999.981147,0.000000,0.000000,0.000000,0.000000,0.000000,0.000000,0.000000,0.000000,0.000000,0.000000,0.000000,0.000000,0.000000,0.000000,0.000000,0.000000,0.000000,0.000000,0.000000,0.000000,0.000000,0.000000,0.000000,0.000000,0.000000,0.000000,0.000000,0.000000,0.000000,0.000000,0.000000,0.000000,0.000000,0.000000
0.000000,0.000000,0.000000,0.000000,0.000000,0.000000,0.000000,0.000000,0.000000,0.000000,0.000000,0.000000,0.000000,0.000000,0.000000,0.000000,0.000000,0.000000,0.000000,0.000000,0.000000,0.000000,0.000000,0.000000,0.000000,0.000000,0.000000,0.000000,0.000000,0.000000,0.000000,0.000000,999.980598,999.981180,999.981813,999.982377,999.982981,999.983592,999.984128,999.984617,999.985089,999.985595,999.986047,999.986462,999.986834,999.987208,999.987542,999.987775,999.987974,999.988182,999.988397,999.988601,999.988770,999.988886,999.988957,999.988951,999.988880,999.988720,999.988422,999.988014,999.987517,999.986937,999.986342,999.985802,999.985301,999.984826,999.984265,999.983614,999.982852,999.981952,999.980929,0.000000,0.000000,0.000000,0.000000,0.000000,0.000000,0.000000,0.000000,0.000000,0.000000,0.000000,0.000000,0.000000,0.000000,0.000000,0.000000,0.000000,0.000000,0.000000,0.000000,0.000000,0.000000,0.000000,0.000000,0.000000,0.000000,0.000000,0.000000,0.000000,0.000000,0.000000,0.000000
0.000000,0.000000,0.000000,0.000000,0.000000,0.000000,0.000000,0.000000,0.000000,0.000000,0.000000,0.000000,0.000000,0.000000,0.000000,0.000000,0.000000,0.000000,0.000000,0.000000,0.000000,0.000000,0.000000,0.000000,0.000000,0.000000,0.000000,0.000000,0.000000,0.000000,999.980861,999.981653,999.982610,999.983223,999.983856,999.984506,999.985186,999.985765,999.986262,999.986687,999.987107,999.987548,999.987984,999.988400,999.988809,999.989193,999.989475,999.989657,999.989790,999.989926,999.990093,999.990287,999.990451,999.990569,999.990618,999.990579,999.990488,999.990339,999.990119,999.989801,999.989382,999.988873,999.988286,999.987703,999.987151,999.986620,999.986044,999.985366,999.984591,999.983794,999.982941,999.981876,999.980575,0.000000,0.000000,0.000000,0.000000,0.000000,0.000000,0.000000,0.000000,0.000000,0.000000,0.000000,0.000000,0.000000,0.000000,0.000000,0.000000,0.000000,0.000000,0.000000,0.000000,0.000000,0.000000,0.000000,0.000000,0.000000,0.000000,0.000000,0.000000,0.000000,0.000000
0.000000,0.000000,0.000000,0.000000,0.000000,0.000000,0.000000,0.000000,0.000000,0.000000,0.000000,0.000000,0.000000,0.000000,0.000000,0.000000,0.000000,0.000000,0.000000,0.000000,0.000000,0.000000,0.000000,0.000000,0.000000,0.000000,0.000000,0.000000,999.980240,999.981241,999.982688,999.983580,999.984339,999.985041,999.985769,999.986468,999.987127,999.987712,999.988223,999.988677,999.989112,999.989531,999.989963,999.990427,999.990877,999.991232,999.991461,999.991566,999.991598,999.991654,999.991754,999.991876,999.992012,999.992118,999.992157,999.992130,999.992042,999.991906,999.991735,999.991506,999.991178,999.990745,999.990198,999.989606,999.989049,999.988493,999.987917,999.987278,999.986523,999.985697,999.984850,999.983896,999.982844,999.981700,999.980363,0.000000,0.000000,0.000000,0.000000,0.000000,0.000000,0.000000,0.000000,0.000000,0.000000,0.000000,0.000000,0.000000,0.000000,0.000000,0.000000,0.000000,0.000000,0.000000,0.000000,0.000000,0.000000,0.000000,0.000000,0.000000,0.000000,0.000000,0.000000
0.000000,0.000000,0.000000,0.000000,0.000000,0.000000,0.000000,0.000000,0.000000,0.000000,0.000000,0.000000,0.000000,0.000000,0.000000,0.000000,0.000000,0.000000,0.000000,0.000000,0.000000,0.000000,0.000000,0.000000,0.000000,0.000000,999.979561,999.980579,999.982139,999.983273,999.984286,999.985175,999.985999,999.986797,999.987525,999.988188,999.988813,999.989415,999.989989,999.990518,999.990999,999.991448,999.991913,999.992418,999.992890,999.993241,999.993420,999.993459,999.993457,999.993456,999.993466,999.993497,999.993559,999.993618,999.993640,999.993620,999.993551,999.993447,999.993303,999.993126,999.992880,999.992508,999.992028,999.991475,999.990916,999.990384,999.989829,999.989201,999.988473,999.987647,999.986768,999.985821,999.984762,999.983621,999.982593,999.981865,999.980767,0.000000,0.000000,0.000000,0.000000,0.000000,0.000000,0.000000,0.000000,0.000000,0.000000,0.000000,0.000000,0.000000,0.000000,0.000000,0.000000,0.000000,0.000000,0.000000,0.000000,0.000000,0.000000,0.000000,0.000000,0.000000,0.000000
0.000000,0.000000,0.000000,0.000000,0.000000,0.000000,0.000000,0.000000,0.000000,0.000000,0.000000,0.000000,0.000000,0.000000,0.000000,0.000000,0.000000,0.000000,0.000000,0.000000,0.000000,0.000000,0.000000,0.000000,999.977720,999.979326,999.981187,999.982502,999.983698,999.984808,999.985841,999.986803,999.987644,999.988413,999.989107,999.989754,999.990389,999.991025,999.991652,999.992239,999.992755,999.993240,999.993747,999.994259,999.994726,999.995057,999.995224,999.995305,999.995350,999.995349,999.995316,999.995273,999.995228,999.995203,999.995189,999.995154,999.995081,999.994984,999.994871,999.994718,999.994504,999.994189,999.993768,999.993267,999.992729,999.992210,999.991675,999.991054,999.990337,999.989534,999.988655,999.987727,999.986746,999.985685,999.984626,999.983704,999.983036,999.982732,999.981803,0.000000,0.000000,0.000000,0.000000,0.000000,0.000000,0.000000,0.000000,0.000000,0.000000,0.000000,0.000000,0.000000,0.000000,0.000000,0.000000,0.000000,0.000000,0.000000,0.000000,0.000000,0.000000,0.000000,0.000000
0.000000,0.000000,0.000000,0.000000,0.000000,0.000000,0.000000,0.000000,0.000000,0.000000,0.000000,0.000000,0.000000,0.000000,0.000000,0.000000,0.000000,0.000000,0.000000,0.000000,0.000000,0.000000,0.000000,999.978421,999.980015,999.981458,999.982796,999.984052,999.985208,999.986347,999.987385,999.988322,999.989156,999.989903,999.990599,999.991288,999.991981,999.992666,999.993316,999.993914,999.994455,999.994984,999.995514,999.996010,999.996423,999.996702,999.996882,999.997029,999.997148,999.997223,999.997215,999.997134,999.997025,999.996923,999.996850,999.996774,999.996683,999.996576,999.996465,999.996341,999.996150,999.995865,999.995470,999.995002,999.994500,999.993974,999.993426,999.992823,999.992125,999.991361,999.990549,999.989662,999.988715,999.987721,999.986693,999.985694,999.984870,999.984156,999.983453,999.982351,0.000000,0.000000,0.000000,0.000000,0.000000,0.000000,0.000000,0.000000,0.000000,0.000000,0.000000,0.000000,0.000000,0.000000,0.000000,0.000000,0.000000,0.000000,0.000000,0.000000,0.000000,0.000000,0.000000
0.000000,0.000000,0.000000,0.000000,0.000000,0.000000,0.000000,0.000000,0.000000,0.000000,0.000000,0.000000,0.000000,0.000000,0.000000,0.000000,0.000000,0.000000,0.000000,0.000000,0.000000,999.978208,999.979277,999.980588,999.981894,999.983191,999.984434,999.985654,999.986778,999.987851,999.988852,999.989765,999.990583,999.991343,999.992101,999.992865,999.993618,999.994339,999.994992,999.995584,999.996177,999.996766,999.997306,999.997768,999.998105,999.998334,999.998505,999.998661,999.998830,999.998970,999.999021,999.998973,999.998869,999.998740,999.998608,999.998482,999.998356,999.998232,999.998111,999.997995,999.997835,999.997565,999.997170,999.996705,999.996218,999.995707,999.995170,999.994583,999.993926,999.993205,999.992431,999.991594,999.990679,999.989688,999.988649,999.987617,999.986688,999.985791,999.984982,999.984057,999.983006,999.981463,0.000000,0.000000,0.000000,0.000000,0.000000,0.000000,0.000000,0.000000,0.000000,0.000000,0.000000,0.000000,0.000000,0.000000,0.000000,0.000000,0.000000,0.000000,0.000000,0.000000,0.000000
0.000000,0.000000,0.000000,0.000000,0.000000,0.000000,0.000000,0.000000,0.000000,0.000000,0.000000,0.000000,0.000000,0.000000,0.000000,0.000000,0.000000,0.000000,0.000000,0.000000,999.978330,999.979863,999.981074,999.982332,999.983580,999.984845,999.986072,999.987262,999.988384,999.989411,999.990361,999.991238,999.992047,999.992839,999.993642,999.994446,999.995221,999.995936,999.996591,999.997232,999.997885,999.998514,999.999067,999.999487,999.999773,999.999971,1000.000125,1000.000279,1000.000441,1000.000595,1000.000715,1000.000754,1000.000697,1000.000574,1000.000421,1000.000269,1000.000108,999.999952,999.999818,999.999681,999.999503,999.999225,999.998830,999.998362,999.997877,999.997413,999.996931,999.996374,999.995750,999.995065,999.994291,999.993437,999.992532,999.991553,999.990504,999.989462,999.988479,999.987558,999.986666,999.985708,999.984570,999.983275,999.981821,0.000000,0.000000,0.000000,0.000000,0.000000,0.000000,0.000000,0.000000,0.000000,0.000000,0.000000,0.000000,0.000000,0.000000,0.000000,0.000000,0.000000,0.000000,0.000000,0.000000
0.000000,0.000000,0.000000,0.000000,0.000000,0.000000,0.000000,0.000000,0.000000,0.000000,0.000000,0.000000,0.000000,0.000000,0.000000,0.000000,0.000000,0.000000,0.000000,999.978532,999.980261,999.981585,999.982809,999.984048,999.985271,999.986491,999.987730,999.988943,999.990057,999.991044,999.991942,999.992785,999.993583,999.994364,999.995149,999.995928,999.996682,999.997390,999.998087,999.998803,999.999502,1000.000152,1000.000680,1000.001050,1000.001309,1000.001494,1000.001657,1000.001820,1000.001978,1000.002147,1000.002320,1000.002451,1000.002472,1000.002386,1000.002245,1000.002085,1000.001930,1000.001762,1000.001581,1000.001392,1000.001162,1000.000852,1000.000453,999.999990,999.999517,999.999071,999.998623,999.998118,999.997522,999.996844,999.996074,999.995192,999.994242,999.993263,999.992229,999.991176,999.990182,999.989256,999.988341,999.987353,999.986157,999.984822,999.983303,999.981544,0.000000,0.000000,0.000000,0.000000,0.000000,0.000000,0.000000,0.000000,0.000000,0.000000,0.000000,0.000000,0.000000,0.000000,0.000000,0.000000,0.000000,0.000000,0.000000
0.000000,0.000000,0.000000,0.000000,0.000000,0.000000,0.000000,0.000000,0.000000,0.000000,0.000000,0.000000,0.000000,0.000000,0.000000,0.000000,0.000000,0.000000,999.979037,999.980653,999.982049,999.983329,999.984598,999.985806,999.986989,999.988197,999.989445,999.990651,999.991736,999.992683,999.993543,999.994363,999.995133,999.995871,999.996609,999.997337,999.998065,999.998816,999.999576,1000.000324,1000.001047,1000.001677,1000.002142,1000.002472,1000.002707,1000.002893,1000.003079,1000.003268,1000.003464,1000.003678,1000.003898,1000.004088,1000.004183,1000.004155,1000.004039,1000.003887,1000.003734,1000.003565,1000.003339,1000.003079,1000.002801,1000.002480,1000.002086,1000.001626,1000.001146,1000.000667,1000.000191,999.999692,999.999122,999.998464,999.997705,999.996832,999.995869,999.994863,999.993834,999.992788,999.991774,999.990828,999.989903,999.988905,999.987730,999.986365,999.984844,999.983151,999.981209,0.000000,0.000000,0.000000,0.000000,0.000000,0.000000,0.000000,0.000000,0.000000,0.000000,0.000000,0.000000,0.000000,0.000000,0.000000,0.000000,0.000000,0.000000
0.000000,0.000000,0.000000,0.000000,0.000000,0.000000,0.000000,0.000000,0.000000,0.000000,0.000000,0.000000,0.000000,0.000000,0.000000,0.000000,0.000000,999.979616,999.981039,999.982419,999.983743,999.985060,999.986314,999.987503,999.988674,999.989874,999.991099,999.992284,999.993344,999.994256,999.995104,999.995928,999.996707,999.997438,999.998145,999.998860,999.999602,1000.000374,1000.001135,1000.001867,1000.002546,1000.003095,1000.003517,1000.003836,1000.004073,1000.004282,1000.004497,1000.004737,1000.004992,1000.005255,1000.005510,1000.005709,1000.005827,1000.005837,1000.005754,1000.005628,1000.005470,1000.005272,1000.005021,1000.004720,1000.004406,1000.004085,1000.003712,1000.003256,1000.002731,1000.002191,1000.001651,1000.001102,1000.000528,999.999902,999.999179,999.998340,999.997417,999.996424,999.995390,999.994353,999.993324,999.992344,999.991402,999.990414,999.989291,999.987976,999.986469,999.984817,999.983076,999.981157,0.000000,0.000000,0.000000,0.000000,0.000000,0.000000,0.000000,0.000000,0.000000,0.000000,0.000000,0.000000,0.000000,0.000000,0.000000,0.000000,0.000000
0.000000,0.000000,0.000000,0.000000,0.000000,0.000000,0.000000,0.000000,0.000000,0.000000,0.000000,0.000000,0.000000,0.000000,0.000000,0.000000,999.979909,999.981341,999.982703,999.984041,999.985368,999.986638,999.987872,999.989063,999.990214,999.991394,999.992613,999.993791,999.994840,999.995757,999.996625,999.997496,999.998332,999.999105,999.999850,1000.000601,1000.001359,1000.002093,1000.002783,1000.003424,1000.003992,1000.004466,1000.004862,1000.005199,1000.005485,1000.005740,1000.005996,1000.006279,1000.006581,1000.006867,1000.007105,1000.007275,1000.007377,1000.007409,1000.007371,1000.007281,1000.007138,1000.006931,1000.006663,1000.006347,1000.006017,1000.005678,1000.005292,1000.004826,1000.004272,1000.003676,1000.003080,1000.002484,1000.001886,1000.001261,1000.000572,999.999791,999.998915,999.997964,999.996952,999.995901,999.994852,999.993846,999.992874,999.991881,999.990812,999.989583,999.988149,999.986538,999.984889,999.983212,999.981389,0.000000,0.000000,0.000000,0.000000,0.000000,0.000000,0.000000,0.000000,0.000000,0.000000,0.000000,0.000000,0.000000,0.000000,0.000000,0.000000
0.000000,0.000000,0.000000,0.000000,0.000000,0.000000,0.000000,0.000000,0.000000,0.000000,0.000000,0.000000,0.000000,0.000000,0.000000,999.979600,999.981417,999.982906,999.984272,999.985610,999.986873,999.988105,999.989337,999.990502,999.991629,999.992809,999.994034,999.995224,999.996306,999.997261,999.998160,999.999072,999.999952,1000.000783,1000.001599,1000.002388,1000.003140,1000.003828,1000.004423,1000.004952,1000.005436,1000.005870,1000.006258,1000.006621,1000.006953,1000.007253,1000.007547,1000.007849,1000.008160,1000.008434,1000.008630,1000.008761,1000.008851,1000.008910,1000.008918,1000.008862,1000.008747,1000.008564,1000.008307,1000.007993,1000.007636,1000.007256,1000.006836,1000.006348,1000.005799,1000.005198,1000.004573,1000.003955,1000.003333,1000.002683,1000.001990,1000.001241,1000.000405,999.999477,999.998475,999.997420,999.996344,999.995302,999.994300,999.993285,999.992228,999.991080,999.989754,999.988255,999.986675,999.985110,999.983567,999.982107,0.000000,0.000000,0.000000,0.000000,0.000000,0.000000,0.000000,0.000000,0.000000,0.000000,0.000000,0.000000,0.000000,0.000000,0.000000
0.000000,0.000000,0.000000,0.000000,0.000000,0.000000,0.000000,0.000000,0.000000,0.000000,0.000000,0.000000,0.000000,0.000000,999.979341,999.981358,999.982994,999.984460,999.985834,999.987107,999.988319,999.989549,999.990771,999.991925,999.993063,999.994252,999.995482,999.996708,999.997836,999.998816,999.999734,1000.000652,1000.001534,1000.002384,1000.003221,1000.004024,1000.004762,1000.005395,1000.005930,1000.006423,1000.006882,1000.007304,1000.007704,1000.008073,1000.008415,1000.008744,1000.009072,1000.009393,1000.009688,1000.009924,1000.010088,1000.010211,1000.010312,1000.010388,1000.010421,1000.010386,1000.010288,1000.010129,1000.009903,1000.009604,1000.009228,1000.008796,1000.008345,1000.007867,1000.007342,1000.006767,1000.006147,1000.005515,1000.004869,1000.004180,1000.003449,1000.002677,1000.001851,1000.000933,999.999921,999.998862,999.997780,999.996708,999.995668,999.994622,999.993546,999.992423,999.991178,999.989790,999.988321,999.986803,999.985303,999.983906,999.982800,0.000000,0.000000,0.000000,0.000000,0.000000,0.000000,0.000000,0.000000,0.000000,0.000000,0.000000,0.000000,0.000000,0.000000
0.000000,0.000000,0.000000,0.000000,0.000000,0.000000,0.000000,0.000000,0.000000,0.000000,0.000000,0.000000,0.000000,999.979439,999.981366,999.983001,999.984515,999.985972,999.987297,999.988509,999.989709,999.990954,999.992196,999.993390,999.994574,999.995792,999.997046,999.998285,999.999409,1000.000392,1000.001315,1000.002217,1000.003078,1000.003911,1000.004727,1000.005504,1000.006200,1000.006796,1000.007332,1000.007831,1000.008298,1000.008730,1000.009116,1000.009471,1000.009809,1000.010149,1000.010503,1000.010847,1000.011135,1000.011346,1000.011498,1000.011626,1000.011741,1000.011819,1000.011847,1000.011824,1000.011733,1000.011585,1000.011387,1000.011105,1000.010733,1000.010288,1000.009818,1000.009357,1000.008861,1000.008304,1000.007701,1000.007065,1000.006394,1000.005670,1000.004895,1000.004089,1000.003245,1000.002328,1000.001321,1000.000250,999.999167,999.998097,999.997020,999.995929,999.994816,999.993664,999.992430,999.991089,999.989690,999.988236,999.986718,999.985267,999.983955,999.982676,0.000000,0.000000,0.000000,0.000000,0.000000,0.000000,0.000000,0.000000,0.000000,0.000000,0.000000,0.000000,0.000000
0.000000,0.000000,0.000000,0.000000,0.000000,0.000000,0.000000,0.000000,0.000000,0.000000,0.000000,0.000000,999.979565,999.981360,999.982979,999.984447,999.985911,999.987331,999.988617,999.989809,999.991035,999.992322,999.993612,999.994875,999.996137,999.997406,999.998657,999.999852,1000.000941,1000.001912,1000.002819,1000.003705,1000.004553,1000.005368,1000.006151,1000.006866,1000.007511,1000.008122,1000.008692,1000.009217,1000.009709,1000.010141,1000.010506,1000.010836,1000.011157,1000.011493,1000.011851,1000.012195,1000.012484,1000.012704,1000.012861,1000.012982,1000.013083,1000.013149,1000.013163,1000.013131,1000.013042,1000.012898,1000.012712,1000.012462,1000.012118,1000.011694,1000.011234,1000.010762,1000.010274,1000.009736,1000.009141,1000.008513,1000.007843,1000.007102,1000.006298,1000.005474,1000.004610,1000.003681,1000.002691,1000.001632,1000.000546,999.999483,999.998398,999.997256,999.996090,999.994883,999.993606,999.992259,999.990880,999.989470,999.987981,999.986474,999.985079,999.983721,999.981946,0.000000,0.000000,0.000000,0.000000,0.000000,0.000000,0.000000,0.000000,0.000000,0.000000,0.000000,0.000000
0.000000,0.000000,0.000000,0.000000,0.000000,0.000000,0.000000,0.000000,0.000000,0.000000,0.000000,999.979647,999.981215,999.982847,999.984365,999.985800,999.987209,999.988583,999.989850,999.991064,999.992337,999.993670,999.995013,999.996352,999.997680,999.998951,1000.000147,1000.001286,1000.002342,1000.003294,1000.004201,1000.005087,1000.005925,1000.006715,1000.007448,1000.008108,1000.008746,1000.009393,1000.010015,1000.010593,1000.011107,1000.011538,1000.011901,1000.012216,1000.012524,1000.012855,1000.013188,1000.013500,1000.013776,1000.013995,1000.014155,1000.014269,1000.014340,1000.014375,1000.014369,1000.014307,1000.014200,1000.014055,1000.013878,1000.013665,1000.013373,1000.012981,1000.012534,1000.012061,1000.011575,1000.011054,1000.010481,1000.009874,1000.009223,1000.008489,1000.007677,1000.006828,1000.005942,1000.005007,1000.004024,1000.002991,1000.001914,1000.000843,999.999761,999.998598,999.997378,999.996138,999.994838,999.993467,999.992078,999.990691,999.989252,999.987765,999.986296,999.984887,999.983371,999.981394,0.000000,0.000000,0.000000,0.000000,0.000000,0.000000,0.000000,0.000000,0.000000,0.000000,0.000000
0.000000,0.000000,0.000000,0.000000,0.000000,0.000000,0.000000,0.000000,0.000000,0.000000,0.000000,999.980882,999.982587,999.984182,999.985720,999.987127,999.988470,999.989807,999.991076,999.992319,999.993630,999.995002,999.996385,999.997762,999.999091,1000.000310,1000.001444,1000.002535,1000.003572,1000.004551,1000.005487,1000.006374,1000.007198,1000.007953,1000.008646,1000.009300,1000.009962,1000.010638,1000.011293,1000.011892,1000.012421,1000.012868,1000.013236,1000.013564,1000.013893,1000.014216,1000.014506,1000.014767,1000.015002,1000.015198,1000.015356,1000.015460,1000.015502,1000.015507,1000.015474,1000.015389,1000.015264,1000.015116,1000.014954,1000.014764,1000.014511,1000.014159,1000.013724,1000.013273,1000.012808,1000.012310,1000.011776,1000.011196,1000.010560,1000.009848,1000.009053,1000.008188,1000.007274,1000.006322,1000.005339,1000.004306,1000.003232,1000.002152,1000.001048,999.999881,999.998656,999.997414,999.996146,999.994793,999.993377,999.991973,999.990561,999.989104,999.987636,999.986156,999.984651,999.982912,0.000000,0.000000,0.000000,0.000000,0.000000,0.000000,0.000000,0.000000,0.000000,0.000000,0.000000
0.000000,0.000000,0.000000,0.000000,0.000000,0.000000,0.000000,0.000000,0.000000,0.000000,999.980225,999.982286,999.983923,999.985504,999.987027,999.988386,999.989695,999.991015,999.992289,999.993573,999.994940,999.996344,999.997727,999.999080,1000.000359,1000.001526,1000.002606,1000.003658,1000.004718,1000.005747,1000.006706,1000.007596,1000.008406,1000.009144,1000.009834,1000.010505,1000.011184,1000.011863,1000.012495,1000.013065,1000.013591,1000.014061,1000.014461,1000.014829,1000.015177,1000.015478,1000.015732,1000.015942,1000.016125,1000.016305,1000.016456,1000.016548,1000.016581,1000.016561,1000.016509,1000.016436,1000.016333,1000.016206,1000.016048,1000.015852,1000.015606,1000.015275,1000.014870,1000.014438,1000.014000,1000.013537,1000.013028,1000.012472,1000.011860,1000.011168,1000.010389,1000.009535,1000.008612,1000.007638,1000.006637,1000.005585,1000.004495,1000.003402,1000.002271,1000.001079,999.999864,999.998647,999.997418,999.996112,999.994693,999.993259,999.991845,999.990388,999.988917,999.987450,999.985948,999.984428,999.982665,0.000000,0.000000,0.000000,0.000000,0.000000,0.000000,0.000000,0.000000,0.000000,0.000000
0.000000,0.000000,0.000000,0.000000,0.000000,0.000000,0.000000,0.000000,0.000000,999.979214,999.981595,999.983519,999.985178,999.986773,999.988225,999.989551,999.990855,999.992160,999.993467,999.994832,999.996267,999.997685,999.999039,1000.000335,1000.001557,1000.002674,1000.003712,1000.004765,1000.005851,1000.006900,1000.007877,1000.008772,1000.009576,1000.010311,1000.011006,1000.011692,1000.012377,1000.013030,1000.013617,1000.014145,1000.014651,1000.015139,1000.015598,1000.016017,1000.016366,1000.016630,1000.016826,1000.016980,1000.017132,1000.017302,1000.017454,1000.017553,1000.017588,1000.017554,1000.017496,1000.017462,1000.017433,1000.017362,1000.017214,1000.016991,1000.016706,1000.016366,1000.015980,1000.015562,1000.015142,1000.014700,1000.014200,1000.013662,1000.013079,1000.012409,1000.011651,1000.010814,1000.009893,1000.008909,1000.007880,1000.006814,1000.005725,1000.004621,1000.003469,1000.002251,1000.001015,999.999802,999.998590,999.997307,999.995916,999.994484,999.993068,999.991608,999.990108,999.988642,999.987160,999.985687,999.984198,999.982679,0.000000,0.000000,0.000000,0.000000,0.000000,0.000000,0.000000,0.000000,0.000000
0.000000,0.000000,0.000000,0.000000,0.000000,0.000000,0.000000,0.000000,0.000000,999.980721,999.982757,999.984644,999.986381,999.987930,999.989321,999.990638,999.991937,999.993261,999.994625,999.996054,999.997530,999.998945,1000.000260,1000.001504,1000.002675,1000.003752,1000.004793,1000.005869,1000.006965,1000.008031,1000.009011,1000.009888,1000.010679,1000.011403,1000.012106,1000.012816,1000.013508,1000.014139,1000.014686,1000.015176,1000.015660,1000.016165,1000.016674,1000.017123,1000.017447,1000.017629,1000.017720,1000.017795,1000.017898,1000.018023,1000.018165,1000.018281,1000.018312,1000.018291,1000.018264,1000.018284,1000.018366,1000.018407,1000.018321,1000.018107,1000.017797,1000.017431,1000.017031,1000.016620,1000.016204,1000.015759,1000.015267,1000.014735,1000.014172,1000.013541,1000.012819,1000.012013,1000.011111,1000.010118,1000.009063,1000.007978,1000.006901,1000.005812,1000.004648,1000.003421,1000.002170,1000.000918,999.999676,999.998387,999.997022,999.995626,999.994220,999.992745,999.991205,999.989691,999.988204,999.986716,999.985290,999.983949,0.000000,0.000000,0.000000,0.000000,0.000000,0.000000,0.000000,0.000000,0.000000
0.000000,0.000000,0.000000,0.000000,0.000000,0.000000,0.000000,0.000000,999.979769,999.981876,999.983822,999.985725,999.987452,999.988971,999.990344,999.991642,999.992959,999.994325,999.995719,999.997175,999.998657,1000.000050,1000.001327,1000.002534,1000.003681,1000.004765,1000.005842,1000.006956,1000.008084,1000.009151,1000.010101,1000.010943,1000.011702,1000.012417,1000.013143,1000.013882,1000.014575,1000.015182,1000.015698,1000.016150,1000.016601,1000.017085,1000.017560,1000.017934,1000.018122,1000.018133,1000.018079,1000.018041,1000.018030,1000.018053,1000.018110,1000.018179,1000.018228,1000.018249,1000.018294,1000.018423,1000.018631,1000.018850,1000.018962,1000.018904,1000.018708,1000.018398,1000.018015,1000.017619,1000.017205,1000.016749,1000.016250,1000.015722,1000.015178,1000.014593,1000.013923,1000.013166,1000.012308,1000.011320,1000.010234,1000.009114,1000.008023,1000.006938,1000.005783,1000.004564,1000.003317,1000.002025,1000.000707,999.999374,999.998012,999.996646,999.995260,999.993778,999.992195,999.990600,999.989062,999.987572,999.986137,999.984722,999.983003,0.000000,0.000000,0.000000,0.000000,0.000000,0.000000,0.000000,0.000000
0.000000,0.000000,0.000000,0.000000,0.000000,0.000000,0.000000,0.000000,999.980875,999.982817,999.984791,999.986690,999.988401,999.989914,999.991274,999.992573,999.993910,999.995295,999.996716,999.998184,999.999649,1000.001013,1000.002269,1000.003479,1000.004642,1000.005764,1000.006907,1000.008079,1000.009213,1000.010234,1000.011140,1000.011957,1000.012703,1000.013434,1000.014193,1000.014940,1000.015604,1000.016163,1000.016624,1000.017000,1000.017340,1000.017666,1000.017921,1000.017999,1000.017851,1000.017601,1000.017381,1000.017211,1000.017071,1000.016966,1000.016880,1000.016833,1000.016867,1000.016947,1000.017099,1000.017348,1000.017684,1000.018101,1000.018532,1000.018863,1000.019024,1000.018990,1000.018789,1000.018496,1000.018149,1000.017727,1000.017226,1000.016706,1000.016189,1000.015635,1000.015015,1000.014308,1000.013496,1000.012541,1000.011436,1000.010263,1000.009123,1000.008011,1000.006856,1000.005657,1000.004423,1000.003106,1000.001712,1000.000316,999.998939,999.997570,999.996186,999.994725,999.993141,999.991485,999.989864,999.988305,999.986762,999.985233,999.983799,0.000000,0.000000,0.000000,0.000000,0.000000,0.000000,0.000000,0.000000
0.000000,0.000000,0.000000,0.000000,0.000000,0.000000,0.000000,999.979709,999.981752,999.983748,999.985736,999.987566,999.989250,999.990783,999.992156,999.993460,999.994795,999.996194,999.997648,999.999125,1000.000569,1000.001919,1000.003198,1000.004439,1000.005630,1000.006808,1000.008017,1000.009219,1000.010313,1000.011270,1000.012149,1000.012972,1000.013745,1000.014508,1000.015284,1000.016010,1000.016614,1000.017082,1000.017403,1000.017583,1000.017652,1000.017618,1000.017431,1000.017016,1000.016447,1000.015928,1000.015566,1000.015307,1000.015078,1000.014847,1000.014636,1000.014481,1000.014428,1000.014538,1000.014771,1000.015082,1000.015507,1000.016083,1000.016814,1000.017621,1000.018325,1000.018793,1000.018998,1000.018999,1000.018885,1000.018637,1000.018232,1000.017748,1000.017241,1000.016696,1000.016088,1000.015404,1000.014623,1000.013710,1000.012625,1000.011411,1000.010197,1000.009029,1000.007862,1000.006682,1000.005471,1000.004150,1000.002723,1000.001289,999.999888,999.998495,999.997091,999.995640,999.994092,999.992431,999.990724,999.989056,999.987414,999.985722,999.983987,999.981818,0.000000,0.000000,0.000000,0.000000,0.000000,0.000000,0.000000
0.000000,0.000000,0.000000,0.000000,0.000000,0.000000,0.000000,999.980689,999.982609,999.984647,999.986588,999.988375,999.990069,999.991628,999.993025,999.994332,999.995659,999.997081,999.998574,1000.000063,1000.001494,1000.002857,1000.004168,1000.005434,1000.006663,1000.007884,1000.009120,1000.010315,1000.011365,1000.012291,1000.013171,1000.014018,1000.014822,1000.015603,1000.016368,1000.017027,1000.017501,1000.017769,1000.017813,1000.017636,1000.017272,1000.016755,1000.016062,1000.015201,1000.014330,1000.013640,1000.013194,1000.012872,1000.012554,1000.012234,1000.011940,1000.011696,1000.011584,1000.011675,1000.011926,1000.012274,1000.012741,1000.013407,1000.014319,1000.015444,1000.016620,1000.017618,1000.018331,1000.018803,1000.019105,1000.019219,1000.019100,1000.018777,1000.018312,1000.017747,1000.017108,1000.016408,1000.015632,1000.014745,1000.013706,1000.012508,1000.011243,1000.010002,1000.008796,1000.007621,1000.006439,1000.005147,1000.003735,1000.002300,1000.000877,999.999450,999.998023,999.996569,999.995048,999.993416,999.991670,999.989870,999.988068,999.986254,999.984397,999.982778,0.000000,0.000000,0.000000,0.000000,0.000000,0.000000,0.000000
0.000000,0.000000,0.000000,0.000000,0.000000,0.000000,999.979159,999.981454,999.983504,999.985517,999.987381,999.989165,999.990883,999.992459,999.993875,999.995193,999.996531,999.997995,999.999541,1000.001044,1000.002470,1000.003838,1000.005169,1000.006469,1000.007724,1000.008952,1000.010185,1000.011357,1000.012387,1000.013318,1000.014210,1000.015067,1000.015884,1000.016673,1000.017355,1000.017815,1000.017989,1000.017863,1000.017472,1000.016832,1000.016020,1000.015095,1000.014046,1000.012937,1000.011936,1000.011204,1000.010694,1000.010259,1000.009841,1000.009466,1000.009124,1000.008853,1000.008766,1000.008872,1000.009140,1000.009528,1000.010035,1000.010740,1000.011689,1000.012890,1000.014280,1000.015651,1000.016806,1000.017738,1000.018502,1000.019100,1000.019463,1000.019523,1000.019279,1000.018773,1000.018093,1000.017337,1000.016542,1000.015670,1000.014668,1000.013519,1000.012266,1000.010977,1000.009708,1000.008496,1000.007322,1000.006081,1000.004716,1000.003299,1000.001873,1000.000412,999.998950,999.997510,999.996019,999.994395,999.992625,999.990751,999.988836,999.986947,999.985008,999.983086,999.980723,0.000000,0.000000,0.000000,0.000000,0.000000,0.000000
0.000000,0.000000,0.000000,0.000000,0.000000,0.000000,999.980097,999.982337,999.984403,999.986328,999.988164,999.989962,999.991691,999.993284,999.994711,999.996051,999.997451,999.998981,1000.000564,1000.002075,1000.003477,1000.004837,1000.006202,1000.007532,1000.008793,1000.010020,1000.011225,1000.012352,1000.013371,1000.014303,1000.015192,1000.016058,1000.016898,1000.017617,1000.018063,1000.018128,1000.017782,1000.017130,1000.016238,1000.015181,1000.014069,1000.012897,1000.011674,1000.010486,1000.009472,1000.008711,1000.008109,1000.007555,1000.007059,1000.006641,1000.006302,1000.006100,1000.006080,1000.006246,1000.006554,1000.006975,1000.007528,1000.008231,1000.009118,1000.010239,1000.011625,1000.013162,1000.014628,1000.015897,1000.017015,1000.018052,1000.018965,1000.019625,1000.019867,1000.019646,1000.019053,1000.018255,1000.017405,1000.016529,1000.015556,1000.014451,1000.013245,1000.011955,1000.010631,1000.009357,1000.008158,1000.006951,1000.005642,1000.004259,1000.002833,1000.001360,999.999887,999.998445,999.996969,999.995350,999.993557,999.991648,999.989672,999.987686,999.985719,999.983706,999.981878,0.000000,0.000000,0.000000,0.000000,0.000000,0.000000
0.000000,0.000000,0.000000,0.000000,0.000000,999.978946,999.981241,999.983297,999.985252,999.987117,999.988947,999.990760,999.992509,999.994092,999.995524,999.996938,999.998432,1000.000009,1000.001596,1000.003083,1000.004463,1000.005835,1000.007230,1000.008579,1000.009846,1000.011051,1000.012194,1000.013265,1000.014256,1000.015182,1000.016087,1000.016970,1000.017741,1000.018223,1000.018245,1000.017730,1000.016813,1000.015677,1000.014395,1000.013082,1000.011788,1000.010491,1000.009231,1000.008063,1000.007059,1000.006222,1000.005503,1000.004871,1000.004332,1000.003902,1000.003594,1000.003450,1000.003499,1000.003715,1000.004050,1000.004506,1000.005091,1000.005781,1000.006582,1000.007585,1000.008880,1000.010415,1000.012018,1000.013519,1000.014878,1000.016193,1000.017538,1000.018820,1000.019751,1000.020072,1000.019802,1000.019125,1000.018254,1000.017339,1000.016371,1000.015302,1000.014146,1000.012890,1000.011540,1000.010210,1000.008976,1000.007772,1000.006507,1000.005164,1000.003750,1000.002279,1000.000810,999.999357,999.997860,999.996226,999.994418,999.992505,999.990531,999.988498,999.986485,999.984460,999.982469,999.980142,0.000000,0.000000,0.000000,0.000000,0.000000
0.000000,0.000000,0.000000,0.000000,0.000000,999.980223,999.982314,999.984188,999.986028,999.987865,999.989716,999.991555,999.993291,999.994853,999.996328,999.997840,999.999400,1000.000984,1000.002544,1000.004001,1000.005380,1000.006770,1000.008190,1000.009554,1000.010803,1000.011954,1000.013036,1000.014056,1000.015021,1000.015978,1000.016924,1000.017737,1000.018246,1000.018275,1000.017680,1000.016573,1000.015216,1000.013744,1000.012257,1000.010799,1000.009385,1000.008067,1000.006839,1000.005721,1000.004735,1000.003849,1000.003042,1000.002343,1000.001779,1000.001344,1000.001053,1000.000929,1000.000996,1000.001217,1000.001566,1000.002060,1000.002672,1000.003368,1000.004146,1000.005082,1000.006259,1000.007694,1000.009287,1000.010887,1000.012399,1000.013870,1000.015456,1000.017163,1000.018747,1000.019786,1000.020068,1000.019742,1000.019019,1000.018098,1000.017110,1000.016064,1000.014950,1000.013733,1000.012396,1000.011037,1000.009767,1000.008549,1000.007295,1000.005989,1000.004614,1000.003160,1000.001681,1000.000209,999.998668,999.996986,999.995176,999.993296,999.991356,999.989322,999.987249,999.985212,999.983153,999.981116,0.000000,0.000000,0.000000,0.000000,0.000000
0.000000,0.000000,0.000000,0.000000,999.980013,999.981572,999.983219,999.984953,999.986739,999.988586,999.990471,999.992302,999.994007,999.995587,999.997128,999.998703,1000.000296,1000.001859,1000.003366,1000.004808,1000.006202,1000.007612,1000.009046,1000.010396,1000.011603,1000.012711,1000.013761,1000.014753,1000.015729,1000.016743,1000.017663,1000.018237,1000.018284,1000.017664,1000.016442,1000.014896,1000.013231,1000.011579,1000.009990,1000.008449,1000.007018,1000.005709,1000.004519,1000.003475,1000.002524,1000.001619,1000.000777,1000.000043,999.999452,999.999008,999.998721,999.998613,999.998653,999.998823,999.999159,999.999667,1000.000301,1000.001009,1000.001810,1000.002759,1000.003883,1000.005197,1000.006701,1000.008305,1000.009880,1000.011431,1000.013112,1000.015027,1000.017022,1000.018708,1000.019703,1000.019939,1000.019564,1000.018771,1000.017794,1000.016761,1000.015674,1000.014492,1000.013183,1000.011826,1000.010530,1000.009278,1000.008010,1000.006725,1000.005393,1000.003977,1000.002506,1000.000997,999.999396,999.997659,999.995851,999.994015,999.992111,999.990110,999.988038,999.985973,999.983865,999.981695,999.979089,0.000000,0.000000,0.000000,0.000000
0.000000,0.000000,0.000000,0.000000,999.980612,999.982349,999.983986,999.985691,999.987451,999.989317,999.991204,999.993008,999.994700,999.996316,999.997912,999.999522,1000.001107,1000.002620,1000.004090,1000.005535,1000.006948,1000.008367,1000.009781,1000.011096,1000.012268,1000.013359,1000.014409,1000.015410,1000.016426,1000.017440,1000.018189,1000.018358,1000.017776,1000.016503,1000.014823,1000.012985,1000.011153,1000.009424,1000.007782,1000.006259,1000.004857,1000.003551,1000.002393,1000.001361,1000.000386,999.999450,999.998600,999.997874,999.997296,999.996886,999.996630,999.996527,999.996548,999.996671,999.996946,999.997420,999.998052,999.998763,999.999574,1000.000538,1000.001675,1000.002957,1000.004390,1000.005970,1000.007571,1000.009151,1000.010843,1000.012813,1000.014987,1000.017058,1000.018699,1000.019646,1000.019796,1000.019286,1000.018409,1000.017408,1000.016342,1000.015181,1000.013909,1000.012573,1000.011256,1000.009965,1000.008673,1000.007395,1000.006097,1000.004713,1000.003253,1000.001714,1000.000060,999.998292,999.996475,999.994673,999.992822,999.990851,999.988781,999.986665,999.984534,999.982369,999.980061,0.000000,0.000000,0.000000,0.000000
0.000000,0.000000,0.000000,0.000000,999.981186,999.983002,999.984717,999.986408,999.988169,999.990045,999.991927,999.993707,999.995384,999.997019,999.998648,1000.000256,1000.001801,1000.003283,1000.004749,1000.006207,1000.007634,1000.009041,1000.010423,1000.011698,1000.012844,1000.013934,1000.015000,1000.016037,1000.017068,1000.017970,1000.018391,1000.017992,1000.016745,1000.014966,1000.012980,1000.011006,1000.009148,1000.007383,1000.005747,1000.004259,1000.002876,1000.001600,1000.000428,999.999318,999.998265,999.997296,999.996451,999.995771,999.995261,999.994923,999.994736,999.994651,999.994660,999.994766,999.994994,999.995419,999.996023,999.996723,999.997516,999.998471,999.999597,1000.000886,1000.002332,1000.003895,1000.005525,1000.007156,1000.008845,1000.010775,1000.012970,1000.015202,1000.017253,1000.018868,1000.019666,1000.019563,1000.018885,1000.017967,1000.016939,1000.015806,1000.014575,1000.013270,1000.011935,1000.010610,1000.009304,1000.008024,1000.006744,1000.005382,1000.003909,1000.002338,1000.000650,999.998874,999.997075,999.995306,999.993507,999.991562,999.989479,999.987330,999.985160,999.982889,999.980521,0.000000,0.000000,0.000000,0.000000
0.000000,0.000000,0.000000,999.979535,999.981812,999.983634,999.985376,999.987087,999.988870,999.990753,999.992618,999.994372,999.996032,999.997657,999.999271,1000.000846,1000.002370,1000.003858,1000.005339,1000.006822,1000.008267,1000.009661,1000.011000,1000.012232,1000.013368,1000.014475,1000.015558,1000.016619,1000.017597,1000.018248,1000.018169,1000.017111,1000.015297,1000.013160,1000.011033,1000.009077,1000.007230,1000.005452,1000.003799,1000.002282,1000.000909,999.999647,999.998440,999.997282,999.996200,999.995244,999.994459,999.993860,999.993433,999.993152,999.992989,999.992919,999.992932,999.993033,999.993252,999.993644,999.994218,999.994917,999.995702,999.996630,999.997728,999.998979,1000.000421,1000.002005,1000.003660,1000.005374,1000.007131,1000.009019,1000.011133,1000.013382,1000.015666,1000.017769,1000.019184,1000.019591,1000.019196,1000.018397,1000.017438,1000.016372,1000.015195,1000.013928,1000.012587,1000.011229,1000.009913,1000.008632,1000.007350,1000.005995,1000.004502,1000.002890,1000.001176,999.999394,999.997635,999.995923,999.994179,999.992264,999.990138,999.987944,999.985773,999.983488,999.980980,999.978171,0.000000,0.000000,0.000000
0.000000,0.000000,0.000000,999.980312,999.982312,999.984170,999.985966,999.987718,999.989523,999.991403,999.993259,999.994994,999.996613,999.998197,999.999774,1000.001324,1000.002845,1000.004352,1000.005872,1000.007390,1000.008850,1000.010229,1000.011520,1000.012727,1000.013889,1000.015027,1000.016122,1000.017148,1000.017971,1000.018238,1000.017540,1000.015867,1000.013642,1000.011321,1000.009205,1000.007292,1000.005442,1000.003625,1000.001892,1000.000334,999.998946,999.997668,999.996469,999.995333,999.994296,999.993433,999.992760,999.992236,999.991841,999.991561,999.991368,999.991272,999.991295,999.991411,999.991624,999.991982,999.992524,999.993226,999.994051,999.994988,999.996062,999.997277,999.998658,1000.000245,1000.001948,1000.003717,1000.005563,1000.007482,1000.009519,1000.011711,1000.014099,1000.016531,1000.018454,1000.019405,1000.019395,1000.018751,1000.017850,1000.016861,1000.015768,1000.014552,1000.013230,1000.011861,1000.010524,1000.009230,1000.007929,1000.006556,1000.005052,1000.003414,1000.001675,999.999892,999.998153,999.996493,999.994811,999.992920,999.990766,999.988518,999.986333,999.984133,999.981728,999.979197,0.000000,0.000000,0.000000
0.000000,0.000000,0.000000,999.980945,999.982770,999.984641,999.986475,999.988283,999.990130,999.992009,999.993838,999.995536,999.997124,999.998674,1000.000219,1000.001762,1000.003289,1000.004819,1000.006371,1000.007903,1000.009369,1000.010739,1000.012003,1000.013220,1000.014438,1000.015606,1000.016670,1000.017588,1000.018157,1000.017945,1000.016651,1000.014502,1000.012037,1000.009693,1000.007616,1000.005703,1000.003810,1000.001916,1000.000137,999.998563,999.997167,999.995909,999.994740,999.993634,999.992662,999.991890,999.991282,999.990781,999.990366,999.990042,999.989815,999.989694,999.989706,999.989831,999.990033,999.990347,999.990833,999.991511,999.992381,999.993394,999.994497,999.995721,999.997090,999.998633,1000.000356,1000.002161,1000.004032,1000.006001,1000.008029,1000.010171,1000.012581,1000.015198,1000.017531,1000.019023,1000.019489,1000.019100,1000.018246,1000.017276,1000.016254,1000.015109,1000.013836,1000.012498,1000.011163,1000.009833,1000.008476,1000.007071,1000.005567,1000.003916,1000.002163,1000.000388,999.998656,999.997011,999.995353,999.993470,999.991310,999.989058,999.986883,999.984752,999.982498,999.980098,0.000000,0.000000,0.000000
0.000000,0.000000,0.000000,999.981284,999.983174,999.985061,999.986912,999.988780,999.990695,999.992576,999.994339,999.995981,999.997555,999.999107,1000.000666,1000.002214,1000.003740,1000.005285,1000.006836,1000.008352,1000.009815,1000.011191,1000.012480,1000.013747,1000.015010,1000.016173,1000.017154,1000.017898,1000.018130,1000.017401,1000.015607,1000.013167,1000.010624,1000.008302,1000.006230,1000.004266,1000.002302,1000.000373,999.998599,999.997046,999.995685,999.994456,999.993313,999.992232,999.991272,999.990490,999.989866,999.989352,999.988912,999.988548,999.988294,999.988178,999.988176,999.988282,999.988477,999.988759,999.989178,999.989802,999.990671,999.991750,999.992942,999.994225,999.995656,999.997208,999.998881,1000.000674,1000.002544,1000.004514,1000.006559,1000.008694,1000.011105,1000.013785,1000.016389,1000.018412,1000.019435,1000.019415,1000.018679,1000.017680,1000.016656,1000.015566,1000.014364,1000.013092,1000.011787,1000.010429,1000.009011,1000.007555,1000.006025,1000.004376,1000.002633,1000.000872,999.999148,999.997470,999.995771,999.993890,999.991754,999.989542,999.987417,999.985325,999.983175,999.980914,0.000000,0.000000,0.000000
0.000000,0.000000,0.000000,999.981424,999.983453,999.985412,999.987301,999.989230,999.991200,999.993076,999.994777,999.996362,999.997917,999.999505,1000.001123,1000.002692,1000.004220,1000.005745,1000.007257,1000.008749,1000.010207,1000.011616,1000.012973,1000.014294,1000.015561,1000.016681,1000.017563,1000.018074,1000.017885,1000.016652,1000.014481,1000.011912,1000.009400,1000.007108,1000.004995,1000.002955,1000.000947,999.999015,999.997261,999.995745,999.994406,999.993201,999.992089,999.991014,999.990010,999.989162,999.988494,999.987950,999.987480,999.987099,999.986846,999.986727,999.986726,999.986827,999.987027,999.987310,999.987692,999.988257,999.989079,999.990153,999.991410,999.992776,999.994272,999.995900,999.997580,999.999312,1000.001153,1000.003118,1000.005166,1000.007304,1000.009700,1000.012383,1000.015109,1000.017543,1000.019162,1000.019615,1000.019107,1000.018114,1000.017027,1000.015942,1000.014795,1000.013592,1000.012336,1000.010983,1000.009532,1000.008023,1000.006456,1000.004805,1000.003078,1000.001341,999.999619,999.997870,999.996078,999.994188,999.992127,999.989979,999.987889,999.985830,999.983719,999.981584,0.000000,0.000000,0.000000
0.000000,0.000000,999.979255,999.981571,999.983724,999.985728,999.987639,999.989605,999.991626,999.993519,999.995179,999.996708,999.998260,999.999901,1000.001564,1000.003171,1000.004699,1000.006173,1000.007646,1000.009111,1000.010571,1000.012027,1000.013434,1000.014777,1000.016024,1000.017097,1000.017881,1000.018115,1000.017442,1000.015745,1000.013346,1000.010783,1000.008369,1000.006108,1000.003932,1000.001818,999.999762,999.997826,999.996104,999.994589,999.993254,999.992074,999.990973,999.989884,999.988838,999.987947,999.987239,999.986652,999.986146,999.985751,999.985505,999.985391,999.985395,999.985505,999.985720,999.986027,999.986416,999.986957,999.987731,999.988751,999.989990,999.991409,999.992963,999.994644,999.996391,999.998127,999.999932,1000.001891,1000.003949,1000.006092,1000.008441,1000.011076,1000.013859,1000.016515,1000.018609,1000.019608,1000.019434,1000.018535,1000.017401,1000.016276,1000.015148,1000.013982,1000.012770,1000.011455,1000.010006,1000.008469,1000.006878,1000.005227,1000.003523,1000.001800,1000.000050,999.998229,999.996355,999.994442,999.992439,999.990364,999.988296,999.986241,999.984163,999.982135,999.980196,0.000000,0.000000
0.000000,0.000000,999.979776,999.981801,999.983964,999.986000,999.987933,999.989931,999.991980,999.993883,999.995540,999.997054,999.998601,1000.000260,1000.001968,1000.003610,1000.005118,1000.006553,1000.007990,1000.009435,1000.010903,1000.012377,1000.013800,1000.015138,1000.016364,1000.017419,1000.018096,1000.018005,1000.016859,1000.014795,1000.012304,1000.009840,1000.007523,1000.005258,1000.003013,1000.000825,999.998720,999.996782,999.995062,999.993554,999.992239,999.991053,999.989932,999.988820,999.987760,999.986856,999.986123,999.985506,999.984976,999.984568,999.984330,999.984239,999.984252,999.984364,999.984578,999.984890,999.985303,999.985855,999.986605,999.987584,999.988781,999.990181,999.991762,999.993475,999.995255,999.997037,999.998866,1000.000848,1000.002935,1000.005080,1000.007383,1000.009943,1000.012733,1000.015509,1000.017873,1000.019333,1000.019575,1000.018862,1000.017746,1000.016586,1000.015448,1000.014291,1000.013097,1000.011816,1000.010393,1000.008845,1000.007248,1000.005627,1000.003959,1000.002232,1000.000433,999.998566,999.996669,999.994742,999.992743,999.990690,999.988642,999.986595,999.984530,999.982538,999.980647,0.000000,0.000000
0.000000,0.000000,999.980005,999.982042,999.984186,999.986234,999.988220,999.990239,999.992264,999.994148,999.995817,999.997352,999.998907,1000.000579,1000.002317,1000.003980,1000.005492,1000.006898,1000.008280,1000.009711,1000.011188,1000.012656,1000.014068,1000.015383,1000.016595,1000.017643,1000.018196,1000.017773,1000.016244,1000.013967,1000.011459,1000.009055,1000.006763,1000.004466,1000.002168,999.999926,999.997789,999.995839,999.994127,999.992651,999.991347,999.990145,999.988985,999.987840,999.986785,999.985888,999.985146,999.984521,999.983991,999.983599,999.983374,999.983289,999.983315,999.983436,999.983639,999.983935,999.984350,999.984909,999.985645,999.986593,999.987776,999.989156,999.990705,999.992407,999.994179,999.995977,999.997867,999.999925,1000.002076,1000.004227,1000.006511,1000.009044,1000.011801,1000.014624,1000.017143,1000.018908,1000.019523,1000.019037,1000.017999,1000.016850,1000.015704,1000.014543,1000.013354,1000.012097,1000.010681,1000.009122,1000.007537,1000.005952,1000.004310,1000.002576,1000.000759,999.998900,999.997016,999.995086,999.993066,999.990985,999.988945,999.986935,999.984886,999.982854,999.980887,0.000000,0.000000
0.000000,0.000000,999.980093,999.982269,999.984397,999.986473,999.988510,999.990520,999.992475,999.994306,999.995970,999.997535,999.999149,1000.000871,1000.002634,1000.004318,1000.005832,1000.007205,1000.008551,1000.009957,1000.011419,1000.012878,1000.014264,1000.015552,1000.016741,1000.017737,1000.018165,1000.017505,1000.015721,1000.013322,1000.010787,1000.008352,1000.006011,1000.003686,1000.001386,999.999134,999.996980,999.995021,999.993334,999.991880,999.990566,999.989329,999.988124,999.986975,999.985946,999.985062,999.984323,999.983703,999.983195,999.982828,999.982607,999.982513,999.982540,999.982674,999.982889,999.983190,999.983600,999.984139,999.984850,999.985777,999.986947,999.988334,999.989848,999.991471,999.993188,999.994971,999.996910,999.999045,1000.001268,1000.003485,1000.005777,1000.008313,1000.011091,1000.013932,1000.016546,1000.018504,1000.019366,1000.019089,1000.018154,1000.017041,1000.015915,1000.014763,1000.013573,1000.012317,1000.010903,1000.009333,1000.007738,1000.006166,1000.004530,1000.002791,1000.001009,999.999206,999.997363,999.995429,999.993366,999.991266,999.989242,999.987261,999.985203,999.983078,999.981036,0.000000,0.000000
0.000000,0.000000,999.980188,999.982472,999.984633,999.986738,999.988774,999.990739,999.992606,999.994352,999.996006,999.997636,999.999332,1000.001128,1000.002941,1000.004633,1000.006131,1000.007477,1000.008797,1000.010182,1000.011622,1000.013058,1000.014420,1000.015668,1000.016801,1000.017724,1000.018040,1000.017250,1000.015351,1000.012843,1000.010217,1000.007706,1000.005313,1000.002981,1000.000703,999.998490,999.996349,999.994377,999.992684,999.991212,999.989856,999.988567,999.987342,999.986226,999.985240,999.984383,999.983646,999.983027,999.982543,999.982195,999.981974,999.981873,999.981894,999.982034,999.982276,999.982606,999.983035,999.983571,999.984251,999.985160,999.986317,999.987686,999.989180,999.990718,999.992336,999.994101,999.996070,999.998227,1000.000472,1000.002762,1000.005130,1000.007687,1000.010507,1000.013426,1000.016127,1000.018202,1000.019200,1000.019066,1000.018246,1000.017200,1000.016104,1000.014962,1000.013768,1000.012488,1000.011064,1000.009502,1000.007883,1000.006274,1000.004623,1000.002907,1000.001188,999.999461,999.997660,999.995723,999.993647,999.991552,999.989538,999.987551,999.985445,999.983223,999.981079,0.000000,0.000000
0.000000,0.000000,999.980335,999.982703,999.984900,999.986978,999.988972,999.990863,999.992644,999.994343,999.996004,999.997694,999.999476,1000.001354,1000.003207,1000.004895,1000.006375,1000.007704,1000.009010,1000.010391,1000.011823,1000.013224,1000.014548,1000.015751,1000.016814,1000.017650,1000.017887,1000.017047,1000.015084,1000.012472,1000.009743,1000.007169,1000.004762,1000.002432,1000.000185,999.998015,999.995887,999.993906,999.992163,999.990616,999.989201,999.987878,999.986663,999.985585,999.984641,999.983807,999.983066,999.982453,999.981988,999.981656,999.981446,999.981349,999.981372,999.981516,999.981767,999.982123,999.982586,999.983153,999.983842,999.984723,999.985856,999.987193,999.988634,999.990118,999.991685,999.993445,999.995425,999.997543,999.999743,1000.002049,1000.004499,1000.007129,1000.010001,1000.013024,1000.015845,1000.017992,1000.019052,1000.019015,1000.018313,1000.017353,1000.016293,1000.015152,1000.013933,1000.012620,1000.011171,1000.009608,1000.007983,1000.006326,1000.004645,1000.002966,1000.001317,999.999663,999.997888,999.995955,999.993914,999.991835,999.989813,999.987792,999.985619,999.983319,999.981021,0.000000,0.000000
0.000000,0.000000,999.980561,999.982951,999.985138,999.987170,999.989082,999.990886,999.992624,999.994343,999.996042,999.997764,999.999590,1000.001509,1000.003392,1000.005093,1000.006550,1000.007862,1000.009191,1000.010591,1000.012014,1000.013387,1000.014659,1000.015810,1000.016818,1000.017579,1000.017765,1000.016888,1000.014850,1000.012143,1000.009358,1000.006791,1000.004392,1000.002052,999.999814,999.997675,999.995578,999.993571,999.991738,999.990107,999.988649,999.987324,999.986123,999.985059,999.984127,999.983299,999.982576,999.981990,999.981539,999.981218,999.981022,999.980938,999.980972,999.981118,999.981358,999.981716,999.982209,999.982818,999.983545,999.984428,999.985523,999.986814,999.988207,999.989660,999.991233,999.993018,999.994995,999.997051,999.999170,1000.001441,1000.003907,1000.006591,1000.009560,1000.012707,1000.015626,1000.017819,1000.018940,1000.018997,1000.018381,1000.017484,1000.016459,1000.015326,1000.014076,1000.012714,1000.011234,1000.009653,1000.008021,1000.006353,1000.004667,1000.003014,1000.001408,999.999789,999.998052,999.996154,999.994150,999.992096,999.990044,999.987963,999.985743,999.983397,999.980990,0.000000,0.000000
0.000000,0.000000,999.980854,999.983146,999.985287,999.987292,999.989131,999.990870,999.992616,999.994387,999.996131,999.997871,999.999678,1000.001572,1000.003470,1000.005191,1000.006650,1000.007966,1000.009308,1000.010735,1000.012180,1000.013538,1000.014754,1000.015856,1000.016836,1000.017569,1000.017701,1000.016740,1000.014622,1000.011842,1000.009039,1000.006510,1000.004128,1000.001793,999.999550,999.997433,999.995377,999.993351,999.991453,999.989754,999.988270,999.986962,999.985752,999.984652,999.983708,999.982903,999.982225,999.981668,999.981230,999.980911,999.980711,999.980634,999.980678,999.980826,999.981057,999.981405,999.981913,999.982555,999.983319,999.984235,999.985314,999.986563,999.987933,999.989366,999.990940,999.992753,999.994736,999.996763,999.998818,1000.001013,1000.003437,1000.006126,1000.009161,1000.012404,1000.015409,1000.017688,1000.018888,1000.019029,1000.018474,1000.017588,1000.016564,1000.015451,1000.014201,1000.012789,1000.011254,1000.009641,1000.007996,1000.006348,1000.004706,1000.003071,1000.001460,999.999847,999.998140,999.996306,999.994355,999.992315,999.990229,999.988084,999.985836,999.983491,999.981053,0.000000,0.000000
0.000000,0.000000,999.981148,999.983255,999.985345,999.987338,999.989159,999.990880,999.992654,999.994483,999.996262,999.997976,999.999720,1000.001573,1000.003455,1000.005177,1000.006666,1000.008009,1000.009354,1000.010796,1000.012276,1000.013645,1000.014842,1000.015913,1000.016885,1000.017615,1000.017678,1000.016621,1000.014415,1000.011584,1000.008798,1000.006279,1000.003895,1000.001585,999.999375,999.997274,999.995249,999.993267,999.991367,999.989638,999.988132,999.986795,999.985546,999.984407,999.983448,999.982672,999.982028,999.981491,999.981059,999.980729,999.980517,999.980441,999.980491,999.980644,999.980878,999.981228,999.981742,999.982402,999.983196,999.984136,999.985226,999.986466,999.987808,999.989220,999.990774,999.992567,999.994573,999.996634,999.998686,1000.000809,1000.003134,1000.005795,1000.008835,1000.012095,1000.015169,1000.017563,1000.018896,1000.019120,1000.018571,1000.017655,1000.016616,1000.015513,1000.014278,1000.012842,1000.011241,1000.009573,1000.007918,1000.006317,1000.004740,1000.003116,1000.001471,999.999841,999.998153,999.996376,999.994490,999.992475,999.990381,999.988208,999.985934,999.983608,999.981190,0.000000,0.000000
0.000000,999.979628,999.981441,999.983303,999.985332,999.987322,999.989165,999.990918,999.992728,999.994589,999.996373,999.998050,999.999734,1000.001528,1000.003370,1000.005086,1000.006598,1000.007971,1000.009340,1000.010791,1000.012284,1000.013685,1000.014904,1000.015971,1000.016949,1000.017673,1000.017676,1000.016538,1000.014283,1000.011451,1000.008655,1000.006118,1000.003734,1000.001432,999.999254,999.997190,999.995216,999.993317,999.991474,999.989761,999.988218,999.986805,999.985505,999.984343,999.983371,999.982594,999.981957,999.981427,999.980995,999.980660,999.980447,999.980372,999.980426,999.980581,999.980824,999.981190,999.981717,999.982395,999.983202,999.984148,999.985251,999.986494,999.987820,999.989192,999.990703,999.992471,999.994487,999.996610,999.998705,1000.000802,1000.003062,1000.005658,1000.008634,1000.011842,1000.014935,1000.017444,1000.018922,1000.019214,1000.018635,1000.017674,1000.016620,1000.015522,1000.014295,1000.012842,1000.011186,1000.009473,1000.007817,1000.006260,1000.004736,1000.003130,1000.001454,999.999774,999.998094,999.996370,999.994547,999.992588,999.990506,999.988322,999.986032,999.983738,999.981496,999.978857,0.000000
0.000000,0.000000,999.981476,999.983329,999.985298,999.987260,999.989141,999.990954,999.992801,999.994657,999.996418,999.998086,999.999748,1000.001473,1000.003239,1000.004928,1000.006460,1000.007883,1000.009288,1000.010743,1000.012235,1000.013652,1000.014892,1000.015995,1000.016986,1000.017688,1000.017681,1000.016520,1000.014265,1000.011476,1000.008666,1000.006068,1000.003668,1000.001395,999.999232,999.997180,999.995260,999.993458,999.991716,999.990032,999.988442,999.986970,999.985631,999.984446,999.983447,999.982642,999.981990,999.981462,999.981040,999.980718,999.980513,999.980439,999.980486,999.980634,999.980884,999.981272,999.981830,999.982528,999.983338,999.984276,999.985371,999.986615,999.987937,999.989281,999.990749,999.992498,999.994518,999.996673,999.998809,1000.000926,1000.003212,1000.005771,1000.008619,1000.011697,1000.014768,1000.017381,1000.018937,1000.019234,1000.018640,1000.017649,1000.016578,1000.015482,1000.014249,1000.012771,1000.011087,1000.009357,1000.007704,1000.006172,1000.004677,1000.003086,1000.001394,999.999684,999.998004,999.996324,999.994567,999.992656,999.990595,999.988421,999.986130,999.983790,999.981543,0.000000,0.000000
0.000000,0.000000,999.981438,999.983362,999.985226,999.987154,999.989092,999.990972,999.992829,999.994671,999.996434,999.998107,999.999745,1000.001401,1000.003080,1000.004720,1000.006282,1000.007778,1000.009233,1000.010696,1000.012159,1000.013542,1000.014804,1000.015956,1000.016968,1000.017676,1000.017688,1000.016564,1000.014364,1000.011615,1000.008799,1000.006152,1000.003730,1000.001492,999.999351,999.997297,999.995397,999.993648,999.991990,999.990358,999.988757,999.987254,999.985902,999.984705,999.983671,999.982827,999.982162,999.981640,999.981232,999.980927,999.980730,999.980652,999.980678,999.980811,999.981067,999.981482,999.982070,999.982782,999.983585,999.984505,999.985588,999.986834,999.988153,999.989482,999.990928,999.992665,999.994684,999.996830,999.998986,1000.001163,1000.003506,1000.006066,1000.008798,1000.011721,1000.014729,1000.017367,1000.018947,1000.019210,1000.018580,1000.017581,1000.016496,1000.015383,1000.014128,1000.012640,1000.010956,1000.009220,1000.007578,1000.006057,1000.004566,1000.002983,1000.001301,999.999601,999.997921,999.996261,999.994544,999.992659,999.990612,999.988453,999.986191,999.983893,999.981620,0.000000,0.000000
0.000000,0.000000,999.981344,999.983259,999.985099,999.987018,999.988995,999.990934,999.992805,999.994642,999.996426,999.998121,999.999733,1000.001299,1000.002886,1000.004502,1000.006109,1000.007672,1000.009183,1000.010657,1000.012066,1000.013393,1000.014664,1000.015858,1000.016912,1000.017671,1000.017718,1000.016639,1000.014518,1000.011832,1000.009032,1000.006366,1000.003936,1000.001726,999.999616,999.997575,999.995665,999.993900,999.992262,999.990694,999.989137,999.987645,999.986296,999.985095,999.984042,999.983178,999.982510,999.981992,999.981590,999.981296,999.981108,999.981016,999.981016,999.981130,999.981391,999.981825,999.982422,999.983129,999.983918,999.984828,999.985919,999.987172,999.988481,999.989804,999.991256,999.992982,999.994982,999.997114,999.999271,1000.001487,1000.003880,1000.006464,1000.009134,1000.011921,1000.014842,1000.017438,1000.018968,1000.019171,1000.018494,1000.017474,1000.016364,1000.015206,1000.013927,1000.012453,1000.010794,1000.009078,1000.007447,1000.005923,1000.004430,1000.002864,1000.001203,999.999514,999.997831,999.996158,999.994436,999.992555,999.990524,999.988420,999.986234,999.983978,999.981649,0.000000,0.000000
0.000000,0.000000,999.981151,999.983079,999.984933,999.986850,999.988832,999.990793,999.992703,999.994566,999.996369,999.998086,999.999686,1000.001193,1000.002710,1000.004305,1000.005949,1000.007567,1000.009113,1000.010586,1000.011967,1000.013247,1000.014496,1000.015729,1000.016852,1000.017679,1000.017791,1000.016754,1000.014680,1000.012106,1000.009392,1000.006723,1000.004285,1000.002096,1000.000011,999.997981,999.996059,999.994269,999.992608,999.991057,999.989566,999.988130,999.986799,999.985593,999.984542,999.983679,999.983003,999.982485,999.982091,999.981804,999.981617,999.981513,999.981491,999.981591,999.981856,999.982298,999.982885,999.983575,999.984358,999.985280,999.986381,999.987627,999.988934,999.990274,999.991734,999.993447,999.995432,999.997548,999.999674,1000.001875,1000.004310,1000.006948,1000.009608,1000.012307,1000.015118,1000.017608,1000.019013,1000.019118,1000.018386,1000.017325,1000.016166,1000.014950,1000.013652,1000.012208,1000.010602,1000.008933,1000.007324,1000.005805,1000.004299,1000.002728,1000.001088,999.999408,999.997698,999.995981,999.994217,999.992334,999.990358,999.988328,999.986234,999.984052,999.981714,0.000000,0.000000
0.000000,0.000000,999.980786,999.982861,999.984763,999.986665,999.988620,999.990563,999.992490,999.994396,999.996232,999.997958,999.999552,1000.001062,1000.002578,1000.004154,1000.005796,1000.007428,1000.008985,1000.010464,1000.011839,1000.013102,1000.014333,1000.015583,1000.016765,1000.017677,1000.017894,1000.016940,1000.014930,1000.012449,1000.009844,1000.007243,1000.004802,1000.002577,1000.000498,999.998497,999.996573,999.994764,999.993080,999.991521,999.990068,999.988690,999.987391,999.986191,999.985142,999.984277,999.983583,999.983054,999.982673,999.982399,999.982209,999.982094,999.982069,999.982179,999.982463,999.982907,999.983483,999.984171,999.984969,999.985906,999.986994,999.988206,999.989514,999.990895,999.992386,999.994090,999.996026,999.998105,1000.000203,1000.002386,1000.004850,1000.007533,1000.010219,1000.012895,1000.015581,1000.017865,1000.019072,1000.019041,1000.018230,1000.017123,1000.015916,1000.014655,1000.013343,1000.011927,1000.010387,1000.008788,1000.007221,1000.005701,1000.004151,1000.002551,1000.000938,999.999263,999.997507,999.995724,999.993911,999.992054,999.990144,999.988175,999.986158,999.984062,999.981874,0.000000,0.000000
0.000000,0.000000,999.980337,999.982585,999.984589,999.986486,999.988384,999.990279,999.992193,999.994129,999.995990,999.997709,999.999322,1000.000882,1000.002422,1000.004001,1000.005636,1000.007253,1000.008793,1000.010258,1000.011639,1000.012928,1000.014164,1000.015401,1000.016606,1000.017604,1000.017978,1000.017207,1000.015334,1000.012934,1000.010409,1000.007881,1000.005453,1000.003196,1000.001081,999.999077,999.997167,999.995359,999.993673,999.992110,999.990669,999.989327,999.988062,999.986883,999.985831,999.984945,999.984229,999.983686,999.983307,999.983043,999.982855,999.982743,999.982740,999.982892,999.983207,999.983662,999.984247,999.984954,999.985772,999.986703,999.987749,999.988917,999.990232,999.991675,999.993222,999.994902,999.996774,999.998819,1000.000911,1000.003099,1000.005577,1000.008285,1000.010984,1000.013642,1000.016208,1000.018218,1000.019121,1000.018898,1000.018024,1000.016892,1000.015656,1000.014373,1000.013042,1000.011640,1000.010163,1000.008639,1000.007111,1000.005558,1000.003947,1000.002329,1000.000727,999.999060,999.997273,999.995420,999.993574,999.991744,999.989883,999.987975,999.986010,999.983976,999.981996,0.000000,0.000000
0.000000,0.000000,999.979939,999.982262,999.984360,999.986304,999.988154,999.989974,999.991848,999.993789,999.995676,999.997408,999.999031,1000.000626,1000.002203,1000.003789,1000.005429,1000.007055,1000.008557,1000.009970,1000.011356,1000.012687,1000.013951,1000.015176,1000.016366,1000.017417,1000.017967,1000.017489,1000.015883,1000.013621,1000.011140,1000.008636,1000.006221,1000.003946,1000.001781,999.999714,999.997792,999.996015,999.994356,999.992804,999.991385,999.990078,999.988836,999.987680,999.986644,999.985739,999.984991,999.984432,999.984045,999.983774,999.983591,999.983506,999.983544,999.983743,999.984094,999.984570,999.985173,999.985898,999.986716,999.987607,999.988592,999.989740,999.991088,999.992600,999.994195,999.995860,999.997692,999.999712,1000.001823,1000.004044,1000.006523,1000.009197,1000.011863,1000.014489,1000.016906,1000.018590,1000.019130,1000.018701,1000.017782,1000.016642,1000.015397,1000.014104,1000.012761,1000.011365,1000.009918,1000.008445,1000.006942,1000.005347,1000.003680,1000.002042,1000.000452,999.998800,999.996989,999.995093,999.993233,999.991418,999.989590,999.987705,999.985770,999.983819,999.981888,0.000000,0.000000
0.000000,0.000000,999.979596,999.981901,999.984066,999.986070,999.987923,999.989688,999.991496,999.993414,999.995333,999.997106,999.998732,1000.000322,1000.001918,1000.003523,1000.005177,1000.006809,1000.008290,1000.009658,1000.011023,1000.012378,1000.013682,1000.014915,1000.016079,1000.017138,1000.017827,1000.017692,1000.016486,1000.014460,1000.012060,1000.009559,1000.007110,1000.004789,1000.002584,1000.000465,999.998500,999.996736,999.995113,999.993601,999.992216,999.990957,999.989769,999.988642,999.987625,999.986720,999.985942,999.985342,999.984923,999.984641,999.984471,999.984418,999.984506,999.984749,999.985127,999.985623,999.986241,999.986965,999.987742,999.988561,999.989511,999.990674,999.992063,999.993641,999.995286,999.996945,999.998743,1000.000753,1000.002897,1000.005154,1000.007614,1000.010212,1000.012819,1000.015388,1000.017598,1000.018894,1000.019071,1000.018466,1000.017502,1000.016362,1000.015115,1000.013811,1000.012468,1000.011064,1000.009620,1000.008176,1000.006680,1000.005062,1000.003359,1000.001698,1000.000120,999.998462,999.996619,999.994718,999.992875,999.991073,999.989242,999.987346,999.985446,999.983603,999.981568,0.000000,0.000000
0.000000,0.000000,999.979110,999.981507,999.983719,999.985758,999.987635,999.989405,999.991172,999.993056,999.994991,999.996790,999.998423,1000.000013,1000.001606,1000.003215,1000.004875,1000.006502,1000.007974,1000.009336,1000.010693,1000.012054,1000.013364,1000.014601,1000.015762,1000.016817,1000.017597,1000.017753,1000.016997,1000.015356,1000.013126,1000.010634,1000.008141,1000.005754,1000.003481,1000.001334,999.999361,999.997587,999.995962,999.994472,999.993132,999.991921,999.990805,999.989750,999.988763,999.987862,999.987062,999.986414,999.985948,999.985649,999.985486,999.985463,999.985600,999.985884,999.986291,999.986809,999.987428,999.988118,999.988833,999.989613,999.990564,999.991752,999.993195,999.994828,999.996494,999.998142,999.999907,1000.001901,1000.004057,1000.006325,1000.008773,1000.011330,1000.013877,1000.016315,1000.018222,1000.019083,1000.018915,1000.018157,1000.017158,1000.016028,1000.014780,1000.013472,1000.012124,1000.010705,1000.009255,1000.007813,1000.006325,1000.004715,1000.002994,1000.001302,999.999695,999.998003,999.996145,999.994258,999.992449,999.990672,999.988832,999.986926,999.985062,999.983292,999.981335,0.000000,0.000000
0.000000,0.000000,0.000000,999.981131,999.983289,999.985331,999.987258,999.989077,999.990871,999.992742,999.994662,999.996462,999.998090,999.999669,1000.001271,1000.002881,1000.004509,1000.006105,1000.007586,1000.008993,1000.010382,1000.011736,1000.013024,1000.014245,1000.015409,1000.016470,1000.017305,1000.017695,1000.017379,1000.016193,1000.014237,1000.011848,1000.009353,1000.006892,1000.004524,1000.002331,1000.000363,999.998583,999.996920,999.995402,999.994086,999.992913,999.991840,999.990869,999.989953,999.989084,999.988292,999.987624,999.987135,999.986811,999.986643,999.986643,999.986806,999.987127,999.987573,999.988104,999.988709,999.989360,999.990056,999.990849,999.991818,999.993041,999.994522,999.996157,999.997812,999.999449,1000.001183,1000.003146,1000.005291,1000.007581,1000.010033,1000.012555,1000.015037,1000.017246,1000.018700,1000.019082,1000.018610,1000.017734,1000.016724,1000.015611,1000.014381,1000.013081,1000.011719,1000.010282,1000.008815,1000.007368,1000.005891,1000.004286,1000.002557,1000.000831,999.999156,999.997428,999.995577,999.993704,999.991928,999.990199,999.988397,999.986508,999.984587,999.982617,0.000000,0.000000,0.000000
0.000000,0.000000,0.000000,999.980787,999.982814,999.984799,999.986765,999.988665,999.990543,999.992443,999.994336,999.996115,999.997732,999.999296,1000.000891,1000.002498,1000.004086,1000.005631,1000.007124,1000.008601,1000.010048,1000.011410,1000.012678,1000.013878,1000.015036,1000.016107,1000.016991,1000.017577,1000.017647,1000.016904,1000.015308,1000.013122,1000.010674,1000.008182,1000.005737,1000.003470,1000.001477,999.999682,999.997995,999.996450,999.995107,999.993938,999.992895,999.991972,999.991131,999.990333,999.989595,999.988961,999.988480,999.988159,999.987990,999.987988,999.988165,999.988508,999.988969,999.989508,999.990102,999.990744,999.991454,999.992270,999.993271,999.994516,999.995975,999.997572,999.999212,1000.000857,1000.002606,1000.004556,1000.006688,1000.008985,1000.011429,1000.013915,1000.016238,1000.018047,1000.018949,1000.018866,1000.018149,1000.017208,1000.016207,1000.015119,1000.013912,1000.012608,1000.011231,1000.009790,1000.008311,1000.006846,1000.005356,1000.003753,1000.002039,1000.000285,999.998549,999.996787,999.994942,999.993102,999.991367,999.989675,999.987914,999.986059,999.984098,999.981991,0.000000,0.000000,0.000000
0.000000,0.000000,0.000000,999.980317,999.982215,999.984210,999.986189,999.988163,999.990135,999.992079,999.993975,999.995739,999.997340,999.998895,1000.000470,1000.002046,1000.003604,1000.005119,1000.006616,1000.008139,1000.009645,1000.011040,1000.012301,1000.013490,1000.014655,1000.015744,1000.016686,1000.017426,1000.017804,1000.017487,1000.016268,1000.014328,1000.011997,1000.009524,1000.007072,1000.004785,1000.002757,1000.000924,999.999220,999.997686,999.996323,999.995103,999.994050,999.993159,999.992374,999.991647,999.990987,999.990429,999.989995,999.989705,999.989549,999.989538,999.989718,999.990056,999.990503,999.991039,999.991625,999.992266,999.992987,999.993821,999.994834,999.996056,999.997473,999.999036,1000.000682,1000.002391,1000.004209,1000.006172,1000.008271,1000.010525,1000.012940,1000.015320,1000.017310,1000.018579,1000.018917,1000.018454,1000.017594,1000.016638,1000.015635,1000.014541,1000.013330,1000.012020,1000.010653,1000.009230,1000.007750,1000.006250,1000.004732,1000.003139,1000.001450,999.999709,999.997940,999.996123,999.994281,999.992494,999.990794,999.989120,999.987397,999.985590,999.983665,999.981442,0.000000,0.000000,0.000000
0.000000,0.000000,0.000000,999.979545,999.981570,999.983606,999.985589,999.987596,999.989626,999.991624,999.993540,999.995313,999.996924,999.998455,999.999995,1000.001543,1000.003074,1000.004574,1000.006074,1000.007624,1000.009166,1000.010585,1000.011849,1000.013043,1000.014235,1000.015366,1000.016369,1000.017237,1000.017872,1000.017948,1000.017132,1000.015484,1000.013322,1000.010925,1000.008540,1000.006311,1000.004274,1000.002405,1000.000684,999.999148,999.997788,999.996528,999.995421,999.994532,999.993784,999.993116,999.992542,999.992063,999.991683,999.991415,999.991269,999.991270,999.991441,999.991759,999.992182,999.992681,999.993254,999.993897,999.994618,999.995459,999.996462,999.997658,999.999046,1000.000588,1000.002259,1000.004057,1000.005945,1000.007894,1000.009936,1000.012141,1000.014456,1000.016566,1000.018085,1000.018763,1000.018603,1000.017901,1000.017000,1000.016033,1000.014991,1000.013855,1000.012617,1000.011321,1000.009998,1000.008607,1000.007133,1000.005610,1000.004059,1000.002469,1000.000829,999.999137,999.997340,999.995457,999.993604,999.991855,999.990208,999.988562,999.986844,999.985044,999.983225,999.981015,0.000000,0.000000,0.000000
0.000000,0.000000,0.000000,999.978485,999.980885,999.982970,999.984955,999.986965,999.989020,999.991077,999.993039,999.994834,999.996477,999.998002,999.999492,1000.001006,1000.002522,1000.004008,1000.005508,1000.007068,1000.008612,1000.010035,1000.011315,1000.012516,1000.013734,1000.014935,1000.016011,1000.016985,1000.017822,1000.018250,1000.017913,1000.016658,1000.014725,1000.012462,1000.010169,1000.008023,1000.006010,1000.004118,1000.002391,1000.000858,999.999491,999.998217,999.997078,999.996157,999.995409,999.994779,999.994261,999.993833,999.993473,999.993198,999.993052,999.993070,999.993254,999.993565,999.993958,999.994422,999.994978,999.995619,999.996344,999.997201,999.998218,999.999418,1000.000792,1000.002316,1000.004011,1000.005840,1000.007708,1000.009609,1000.011608,1000.013728,1000.015818,1000.017522,1000.018473,1000.018581,1000.018079,1000.017278,1000.016358,1000.015360,1000.014266,1000.013075,1000.011822,1000.010562,1000.009294,1000.007944,1000.006476,1000.004939,1000.003382,1000.001802,1000.000210,999.998543,999.996705,999.994765,999.992886,999.991182,999.989599,999.987968,999.986221,999.984442,999.982738,999.980754,0.000000,0.000000,0.000000
0.000000,0.000000,0.000000,0.000000,999.980180,999.982292,999.984279,999.986255,999.988308,999.990398,999.992438,999.994305,999.995975,999.997518,999.998996,1000.000476,1000.001971,1000.003443,1000.004925,1000.006460,1000.007986,1000.009403,1000.010690,1000.011918,1000.013167,1000.014415,1000.015564,1000.016621,1000.017610,1000.018332,1000.018461,1000.017729,1000.016176,1000.014129,1000.011933,1000.009834,1000.007872,1000.005999,1000.004269,1000.002741,1000.001377,1000.000105,999.998958,999.998009,999.997235,999.996588,999.996067,999.995648,999.995289,999.995001,999.994856,999.994897,999.995110,999.995427,999.995800,999.996252,999.996793,999.997422,999.998181,999.999083,1000.000139,1000.001370,1000.002751,1000.004275,1000.005954,1000.007709,1000.009491,1000.011336,1000.013264,1000.015200,1000.016929,1000.018099,1000.018459,1000.018135,1000.017440,1000.016588,1000.015650,1000.014618,1000.013478,1000.012258,1000.011023,1000.009808,1000.008578,1000.007249,1000.005782,1000.004264,1000.002740,1000.001173,999.999565,999.997859,999.995983,999.994010,999.992132,999.990480,999.988944,999.987333,999.985565,999.983745,999.981829,0.000000,0.000000,0.000000,0.000000
0.000000,0.000000,0.000000,0.000000,999.979744,999.981661,999.983584,999.985515,999.987502,999.989597,999.991689,999.993643,999.995391,999.996971,999.998470,999.999952,1000.001425,1000.002883,1000.004337,1000.005813,1000.007293,1000.008700,1000.010007,1000.011278,1000.012556,1000.013817,1000.015009,1000.016124,1000.017207,1000.018143,1000.018651,1000.018484,1000.017494,1000.015816,1000.013805,1000.011750,1000.009807,1000.007992,1000.006296,1000.004750,1000.003372,1000.002125,1000.000986,1000.000027,999.999233,999.998537,999.997972,999.997540,999.997187,999.996918,999.996789,999.996845,999.997057,999.997349,999.997703,999.998153,999.998698,999.999355,1000.000166,1000.001118,1000.002221,1000.003481,1000.004877,1000.006392,1000.007975,1000.009619,1000.011338,1000.013126,1000.014903,1000.016512,1000.017732,1000.018292,1000.018155,1000.017554,1000.016742,1000.015855,1000.014899,1000.013838,1000.012682,1000.011481,1000.010281,1000.009091,1000.007860,1000.006522,1000.005070,1000.003590,1000.002100,1000.000528,999.998849,999.997058,999.995146,999.993201,999.991394,999.989782,999.988265,999.986651,999.984848,999.983010,999.980894,0.000000,0.000000,0.000000,0.000000
0.000000,0.000000,0.000000,0.000000,999.979112,999.981020,999.982929,999.984823,999.986707,999.988736,999.990838,999.992848,999.994687,999.996345,999.997875,999.999385,1000.000874,1000.002308,1000.003734,1000.005159,1000.006564,1000.007949,1000.009303,1000.010619,1000.011915,1000.013179,1000.014375,1000.015512,1000.016630,1000.017686,1000.018471,1000.018777,1000.018440,1000.017343,1000.015673,1000.013772,1000.011869,1000.010084,1000.008438,1000.006904,1000.005508,1000.004261,1000.003151,1000.002194,1000.001381,1000.000660,1000.000044,999.999585,999.999265,999.999066,999.998990,999.999032,999.999177,999.999405,999.999722,1000.000162,1000.000747,1000.001478,1000.002348,1000.003352,1000.004486,1000.005739,1000.007112,1000.008544,1000.010004,1000.011568,1000.013243,1000.014928,1000.016437,1000.017578,1000.018188,1000.018188,1000.017693,1000.016910,1000.016028,1000.015114,1000.014136,1000.013069,1000.011932,1000.010766,1000.009596,1000.008397,1000.007135,1000.005774,1000.004333,1000.002884,1000.001403,999.999805,999.998052,999.996182,999.994273,999.992424,999.990707,999.989118,999.987568,999.985894,999.984120,999.982274,999.980178,0.000000,0.000000,0.000000,0.000000
0.000000,0.000000,0.000000,0.000000,0.000000,999.980290,999.982278,999.984130,999.985971,999.987914,999.989975,999.992008,999.993900,999.995631,999.997209,999.998730,1000.000251,1000.001702,1000.003091,1000.004461,1000.005814,1000.007176,1000.008557,1000.009921,1000.011244,1000.012506,1000.013692,1000.014825,1000.015938,1000.017017,1000.017956,1000.018607,1000.018822,1000.018422,1000.017328,1000.015753,1000.014020,1000.012315,1000.010705,1000.009185,1000.007782,1000.006539,1000.005441,1000.004482,1000.003651,1000.002928,1000.002300,1000.001818,1000.001540,1000.001422,1000.001421,1000.001482,1000.001571,1000.001727,1000.001992,1000.002403,1000.003003,1000.003788,1000.004722,1000.005765,1000.006878,1000.008095,1000.009403,1000.010736,1000.012112,1000.013585,1000.015131,1000.016568,1000.017650,1000.018216,1000.018254,1000.017842,1000.017103,1000.016215,1000.015295,1000.014350,1000.013362,1000.012306,1000.011189,1000.010055,1000.008894,1000.007671,1000.006381,1000.005001,1000.003570,1000.002124,1000.000623,999.999000,999.997204,999.995311,999.993454,999.991705,999.990047,999.988442,999.986823,999.985095,999.983291,999.981068,0.000000,0.000000,0.000000,0.000000,0.000000
0.000000,0.000000,0.000000,0.000000,0.000000,999.979105,999.981488,999.983375,999.985231,999.987140,999.989142,999.991159,999.993084,999.994845,999.996460,999.997996,999.999526,1000.001017,1000.002396,1000.003701,1000.005005,1000.006351,1000.007745,1000.009145,1000.010498,1000.011775,1000.012968,1000.014092,1000.015185,1000.016240,1000.017213,1000.018059,1000.018661,1000.018838,1000.018442,1000.017446,1000.016076,1000.014601,1000.013106,1000.011611,1000.010189,1000.008944,1000.007853,1000.006883,1000.006065,1000.005368,1000.004768,1000.004283,1000.003986,1000.003904,1000.003961,1000.004094,1000.004228,1000.004355,1000.004563,1000.004920,1000.005475,1000.006251,1000.007180,1000.008178,1000.009254,1000.010437,1000.011696,1000.012972,1000.014254,1000.015555,1000.016799,1000.017787,1000.018298,1000.018305,1000.017927,1000.017241,1000.016365,1000.015438,1000.014493,1000.013527,1000.012531,1000.011481,1000.010383,1000.009259,1000.008095,1000.006868,1000.005567,1000.004199,1000.002774,1000.001290,999.999756,999.998115,999.996330,999.994472,999.992657,999.990964,999.989328,999.987674,999.985950,999.984186,999.982345,999.980199,0.000000,0.000000,0.000000,0.000000,0.000000
0.000000,0.000000,0.000000,0.000000,0.000000,0.000000,999.980363,999.982398,999.984362,999.986315,999.988301,999.990297,999.992233,999.994014,999.995641,999.997203,999.998751,1000.000262,1000.001658,1000.002927,1000.004169,1000.005484,1000.006877,1000.008288,1000.009663,1000.010975,1000.012199,1000.013330,1000.014407,1000.015442,1000.016405,1000.017298,1000.018105,1000.018664,1000.018817,1000.018499,1000.017733,1000.016696,1000.015501,1000.014157,1000.012783,1000.011536,1000.010453,1000.009488,1000.008673,1000.008030,1000.007493,1000.007021,1000.006647,1000.006493,1000.006564,1000.006752,1000.006961,1000.007133,1000.007314,1000.007615,1000.008119,1000.008828,1000.009647,1000.010539,1000.011564,1000.012707,1000.013913,1000.015090,1000.016175,1000.017142,1000.017902,1000.018310,1000.018280,1000.017897,1000.017253,1000.016412,1000.015492,1000.014557,1000.013601,1000.012622,1000.011617,1000.010577,1000.009493,1000.008362,1000.007197,1000.005982,1000.004698,1000.003353,1000.001913,1000.000387,999.998805,999.997154,999.995417,999.993600,999.991820,999.990140,999.988480,999.986781,999.984996,999.983162,999.980982,0.000000,0.000000,0.000000,0.000000,0.000000,0.000000
0.000000,0.000000,0.000000,0.000000,0.000000,0.000000,999.978936,999.981328,999.983343,999.985367,999.987385,999.989391,999.991316,999.993121,999.994773,999.996338,999.997914,999.999466,1000.000891,1000.002164,1000.003377,1000.004643,1000.006003,1000.007395,1000.008756,1000.010079,1000.011349,1000.012521,1000.013599,1000.014619,1000.015587,1000.016489,1000.017331,1000.018066,1000.018563,1000.018747,1000.018615,1000.018190,1000.017514,1000.016561,1000.015412,1000.014274,1000.013246,1000.012303,1000.011462,1000.010835,1000.010373,1000.009936,1000.009526,1000.009251,1000.009235,1000.009408,1000.009633,1000.009839,1000.010030,1000.010334,1000.010832,1000.011467,1000.012155,1000.012923,1000.013838,1000.014881,1000.015913,1000.016808,1000.017496,1000.017951,1000.018160,1000.018074,1000.017702,1000.017103,1000.016332,1000.015451,1000.014527,1000.013598,1000.012654,1000.011673,1000.010666,1000.009637,1000.008551,1000.007412,1000.006240,1000.005034,1000.003781,1000.002442,1000.000989,999.999422,999.997786,999.996144,999.994445,999.992665,999.990909,999.989224,999.987541,999.985770,999.983954,999.982122,999.980105,0.000000,0.000000,0.000000,0.000000,0.000000,0.000000
0.000000,0.000000,0.000000,0.000000,0.000000,0.000000,0.000000,999.980377,999.982290,999.984332,999.986399,999.988435,999.990347,999.992130,999.993801,999.995383,999.996969,999.998559,1000.000045,1000.001370,1000.002596,1000.003839,1000.005144,1000.006482,1000.007805,1000.009105,1000.010385,1000.011604,1000.012717,1000.013733,1000.014699,1000.015627,1000.016476,1000.017230,1000.017871,1000.018340,1000.018624,1000.018737,1000.018635,1000.018243,1000.017563,1000.016739,1000.015897,1000.015045,1000.014237,1000.013612,1000.013190,1000.012831,1000.012464,1000.012146,1000.011994,1000.012053,1000.012208,1000.012388,1000.012620,1000.012968,1000.013468,1000.014029,1000.014586,1000.015192,1000.015921,1000.016702,1000.017340,1000.017741,1000.017902,1000.017866,1000.017666,1000.017291,1000.016752,1000.016076,1000.015286,1000.014407,1000.013497,1000.012606,1000.011697,1000.010721,1000.009714,1000.008685,1000.007586,1000.006420,1000.005238,1000.004052,1000.002807,1000.001469,1000.000013,999.998406,999.996743,999.995098,999.993413,999.991674,999.989947,999.988258,999.986548,999.984741,999.982929,999.980936,0.000000,0.000000,0.000000,0.000000,0.000000,0.000000,0.000000
0.000000,0.000000,0.000000,0.000000,0.000000,0.000000,0.000000,999.979377,999.981421,999.983350,999.985415,999.987454,999.989361,999.991104,999.992755,999.994357,999.995949,999.997547,999.999088,1000.000494,1000.001768,1000.003014,1000.004279,1000.005546,1000.006816,1000.008085,1000.009348,1000.010576,1000.011719,1000.012749,1000.013704,1000.014643,1000.015532,1000.016302,1000.016959,1000.017526,1000.017998,1000.018397,1000.018690,1000.018780,1000.018629,1000.018281,1000.017804,1000.017218,1000.016583,1000.016042,1000.015697,1000.015467,1000.015215,1000.014947,1000.014721,1000.014615,1000.014645,1000.014786,1000.015037,1000.015382,1000.015798,1000.016209,1000.016570,1000.016955,1000.017381,1000.017705,1000.017818,1000.017718,1000.017478,1000.017163,1000.016767,1000.016273,1000.015673,1000.014975,1000.014184,1000.013316,1000.012446,1000.011610,1000.010731,1000.009764,1000.008749,1000.007686,1000.006544,1000.005357,1000.004193,1000.003026,1000.001785,1000.000450,999.998979,999.997363,999.995691,999.994027,999.992350,999.990652,999.988959,999.987260,999.985505,999.983709,999.981956,999.980210,0.000000,0.000000,0.000000,0.000000,0.000000,0.000000,0.000000
0.000000,0.000000,0.000000,0.000000,0.000000,0.000000,0.000000,0.000000,999.980840,999.982438,999.984443,999.986481,999.988376,999.990115,999.991749,999.993348,999.994944,999.996530,999.998083,999.999551,1000.000886,1000.002139,1000.003382,1000.004602,1000.005813,1000.007033,1000.008257,1000.009469,1000.010613,1000.011649,1000.012594,1000.013522,1000.014438,1000.015261,1000.015950,1000.016537,1000.017062,1000.017542,1000.017987,1000.018336,1000.018527,1000.018583,1000.018529,1000.018347,1000.018031,1000.017701,1000.017504,1000.017417,1000.017328,1000.017175,1000.016958,1000.016750,1000.016675,1000.016741,1000.016914,1000.017163,1000.017397,1000.017560,1000.017672,1000.017786,1000.017848,1000.017745,1000.017453,1000.017050,1000.016636,1000.016231,1000.015784,1000.015246,1000.014601,1000.013870,1000.013071,1000.012222,1000.011395,1000.010593,1000.009733,1000.008770,1000.007707,1000.006573,1000.005399,1000.004227,1000.003090,1000.001945,1000.000718,999.999373,999.997895,999.996289,999.994609,999.992925,999.991262,999.989590,999.987894,999.986190,999.984450,999.982670,999.980701,0.000000,0.000000,0.000000,0.000000,0.000000,0.000000,0.000000,0.000000
0.000000,0.000000,0.000000,0.000000,0.000000,0.000000,0.000000,0.000000,999.979812,999.981590,999.983505,999.985511,999.987386,999.989131,999.990784,999.992388,999.993969,999.995525,999.997061,999.998554,999.999942,1000.001213,1000.002438,1000.003644,1000.004827,1000.005990,1000.007144,1000.008317,1000.009455,1000.010477,1000.011393,1000.012287,1000.013194,1000.014053,1000.014809,1000.015446,1000.016010,1000.016523,1000.016975,1000.017377,1000.017707,1000.017965,1000.018181,1000.018322,1000.018333,1000.018257,1000.018205,1000.018228,1000.018273,1000.018246,1000.018112,1000.017918,1000.017771,1000.017731,1000.017780,1000.017857,1000.017877,1000.017813,1000.017715,1000.017605,1000.017430,1000.017106,1000.016643,1000.016154,1000.015711,1000.015287,1000.014807,1000.014217,1000.013525,1000.012766,1000.011950,1000.011120,1000.010321,1000.009526,1000.008673,1000.007677,1000.006535,1000.005351,1000.004185,1000.003051,1000.001954,1000.000845,999.999630,999.998267,999.996776,999.995177,999.993493,999.991794,999.990132,999.988464,999.986768,999.985051,999.983337,999.981599,999.979582,0.000000,0.000000,0.000000,0.000000,0.000000,0.000000,0.000000,0.000000
0.000000,0.000000,0.000000,0.000000,0.000000,0.000000,0.000000,0.000000,0.000000,999.980746,999.982499,999.984421,999.986326,999.988091,999.989766,999.991392,999.992967,999.994489,999.995995,999.997487,999.998900,1000.000207,1000.001441,1000.002653,1000.003841,1000.004979,1000.006077,1000.007195,1000.008320,1000.009333,1000.010199,1000.011017,1000.011867,1000.012714,1000.013508,1000.014221,1000.014849,1000.015410,1000.015885,1000.016283,1000.016635,1000.016951,1000.017258,1000.017538,1000.017721,1000.017798,1000.017843,1000.017924,1000.018023,1000.018072,1000.018044,1000.017935,1000.017781,1000.017672,1000.017610,1000.017534,1000.017408,1000.017225,1000.017014,1000.016794,1000.016515,1000.016117,1000.015644,1000.015183,1000.014746,1000.014289,1000.013765,1000.013140,1000.012424,1000.011641,1000.010827,1000.010023,1000.009227,1000.008416,1000.007524,1000.006458,1000.005257,1000.004050,1000.002913,1000.001853,1000.000819,999.999738,999.998533,999.997150,999.995626,999.994018,999.992333,999.990637,999.988985,999.987331,999.985635,999.983922,999.982226,999.980388,0.000000,0.000000,0.000000,0.000000,0.000000,0.000000,0.000000,0.000000,0.000000
0.000000,0.000000,0.000000,0.000000,0.000000,0.000000,0.000000,0.000000,0.000000,999.979393,999.981414,999.983291,999.985144,999.986922,999.988622,999.990276,999.991878,999.993403,999.994886,999.996364,999.997790,999.999118,1000.000369,1000.001592,1000.002804,1000.003959,1000.005047,1000.006138,1000.007245,1000.008254,1000.009087,1000.009821,1000.010567,1000.011340,1000.012108,1000.012855,1000.013541,1000.014148,1000.014676,1000.015119,1000.015501,1000.015834,1000.016141,1000.016436,1000.016662,1000.016790,1000.016877,1000.016968,1000.017060,1000.017135,1000.017164,1000.017125,1000.017027,1000.016904,1000.016779,1000.016645,1000.016474,1000.016253,1000.016010,1000.015740,1000.015403,1000.014992,1000.014547,1000.014108,1000.013662,1000.013170,1000.012608,1000.011963,1000.011236,1000.010462,1000.009689,1000.008915,1000.008114,1000.007255,1000.006282,1000.005154,1000.003914,1000.002699,1000.001625,1000.000648,999.999649,999.998582,999.997375,999.995956,999.994398,999.992780,999.991115,999.989463,999.987847,999.986197,999.984470,999.982806,999.981142,999.979335,0.000000,0.000000,0.000000,0.000000,0.000000,0.000000,0.000000,0.000000,0.000000
0.000000,0.000000,0.000000,0.000000,0.000000,0.000000,0.000000,0.000000,0.000000,0.000000,999.979950,999.982084,999.983892,999.985643,999.987349,999.989016,999.990656,999.992235,999.993733,999.995193,999.996632,999.997979,999.999227,1000.000442,1000.001656,1000.002836,1000.003957,1000.005059,1000.006160,1000.007166,1000.007999,1000.008703,1000.009366,1000.010043,1000.010733,1000.011434,1000.012134,1000.012775,1000.013332,1000.013826,1000.014266,1000.014633,1000.014933,1000.015203,1000.015426,1000.015576,1000.015680,1000.015773,1000.015852,1000.015913,1000.015935,1000.015911,1000.015843,1000.015731,1000.015605,1000.015466,1000.015297,1000.015094,1000.014861,1000.014577,1000.014226,1000.013826,1000.013397,1000.012949,1000.012474,1000.011935,1000.011316,1000.010638,1000.009913,1000.009181,1000.008462,1000.007721,1000.006902,1000.005977,1000.004952,1000.003802,1000.002562,1000.001389,1000.000377,999.999425,999.998421,999.997339,999.996101,999.994657,999.993083,999.991475,999.989873,999.988280,999.986676,999.984994,999.983261,999.981594,999.979867,0.000000,0.000000,0.000000,0.000000,0.000000,0.000000,0.000000,0.000000,0.000000,0.000000
0.000000,0.000000,0.000000,0.000000,0.000000,0.000000,0.000000,0.000000,0.000000,0.000000,0.000000,999.980918,999.982604,999.984296,999.986006,999.987686,999.989348,999.990983,999.992520,999.993966,999.995393,999.996770,999.998026,999.999206,1000.000384,1000.001560,1000.002711,1000.003838,1000.004944,1000.005962,1000.006828,1000.007568,1000.008228,1000.008852,1000.009468,1000.010090,1000.010738,1000.011371,1000.011936,1000.012449,1000.012920,1000.013321,1000.013634,1000.013890,1000.014105,1000.014265,1000.014393,1000.014510,1000.014596,1000.014628,1000.014620,1000.014573,1000.014492,1000.014386,1000.014270,1000.014139,1000.013985,1000.013809,1000.013589,1000.013323,1000.012999,1000.012620,1000.012199,1000.011740,1000.011211,1000.010597,1000.009924,1000.009204,1000.008486,1000.007805,1000.007126,1000.006386,1000.005529,1000.004576,1000.003548,1000.002417,1000.001233,1000.000126,999.999127,999.998159,999.997138,999.996012,999.994749,999.993316,999.991755,999.990181,999.988627,999.987055,999.985434,999.983709,999.981927,999.980011,0.000000,0.000000,0.000000,0.000000,0.000000,0.000000,0.000000,0.000000,0.000000,0.000000,0.000000
0.000000,0.000000,0.000000,0.000000,0.000000,0.000000,0.000000,0.000000,0.000000,0.000000,0.000000,999.979465,999.981310,999.983023,999.984670,999.986337,999.988016,999.989682,999.991245,999.992681,999.994077,999.995455,999.996744,999.997918,999.999050,1000.000192,1000.001342,1000.002483,1000.003586,1000.004610,1000.005514,1000.006317,1000.007032,1000.007661,1000.008242,1000.008817,1000.009403,1000.009991,1000.010546,1000.011057,1000.011540,1000.011965,1000.012287,1000.012534,1000.012743,1000.012908,1000.013046,1000.013177,1000.013276,1000.013309,1000.013281,1000.013218,1000.013133,1000.013035,1000.012926,1000.012807,1000.012665,1000.012482,1000.012253,1000.011984,1000.011673,1000.011310,1000.010895,1000.010419,1000.009844,1000.009185,1000.008471,1000.007736,1000.007048,1000.006400,1000.005723,1000.004952,1000.004074,1000.003128,1000.002117,1000.001026,999.999907,999.998831,999.997821,999.996843,999.995806,999.994665,999.993416,999.992006,999.990469,999.988918,999.987361,999.985769,999.984106,999.982367,999.980566,999.978605,0.000000,0.000000,0.000000,0.000000,0.000000,0.000000,0.000000,0.000000,0.000000,0.000000,0.000000
0.000000,0.000000,0.000000,0.000000,0.000000,0.000000,0.000000,0.000000,0.000000,0.000000,0.000000,0.000000,999.979640,999.981636,999.983330,999.984943,999.986613,999.988298,999.989886,999.991326,999.992697,999.994062,999.995377,999.996585,999.997704,999.998811,999.999941,1000.001073,1000.002165,1000.003175,1000.004086,1000.004920,1000.005686,1000.006354,1000.006953,1000.007524,1000.008091,1000.008653,1000.009180,1000.009677,1000.010153,1000.010578,1000.010919,1000.011168,1000.011368,1000.011535,1000.011662,1000.011768,1000.011854,1000.011897,1000.011890,1000.011855,1000.011793,1000.011715,1000.011619,1000.011509,1000.011367,1000.011158,1000.010894,1000.010581,1000.010227,1000.009850,1000.009433,1000.008940,1000.008362,1000.007706,1000.006998,1000.006308,1000.005655,1000.005007,1000.004302,1000.003496,1000.002624,1000.001711,1000.000734,999.999684,999.998600,999.997536,999.996531,999.995557,999.994526,999.993395,999.992140,999.990727,999.989201,999.987644,999.986068,999.984451,999.982793,999.981059,999.979150,0.000000,0.000000,0.000000,0.000000,0.000000,0.000000,0.000000,0.000000,0.000000,0.000000,0.000000,0.000000
0.000000,0.000000,0.000000,0.000000,0.000000,0.000000,0.000000,0.000000,0.000000,0.000000,0.000000,0.000000,0.000000,999.979913,999.981824,999.983479,999.985105,999.986785,999.988413,999.989900,999.991279,999.992627,999.993950,999.995187,999.996312,999.997395,999.998496,999.999615,1000.000703,1000.001701,1000.002612,1000.003456,1000.004236,1000.004944,1000.005586,1000.006191,1000.006765,1000.007310,1000.007809,1000.008271,1000.008711,1000.009113,1000.009468,1000.009748,1000.009964,1000.010133,1000.010249,1000.010313,1000.010365,1000.010425,1000.010476,1000.010491,1000.010463,1000.010395,1000.010302,1000.010196,1000.010044,1000.009814,1000.009505,1000.009131,1000.008721,1000.008302,1000.007862,1000.007361,1000.006792,1000.006173,1000.005545,1000.004926,1000.004301,1000.003630,1000.002863,1000.002034,1000.001199,1000.000339,999.999404,999.998387,999.997341,999.996315,999.995330,999.994367,999.993341,999.992180,999.990867,999.989424,999.987903,999.986345,999.984764,999.983173,999.981520,999.979753,0.000000,0.000000,0.000000,0.000000,0.000000,0.000000,0.000000,0.000000,0.000000,0.000000,0.000000,0.000000,0.000000
0.000000,0.000000,0.000000,0.000000,0.000000,0.000000,0.000000,0.000000,0.000000,0.000000,0.000000,0.000000,0.000000,0.000000,999.980109,999.981911,999.983581,999.985207,999.986849,999.988410,999.989837,999.991173,999.992478,999.993731,999.994867,999.995928,999.996991,999.998085,999.999184,1000.000204,1000.001125,1000.001987,1000.002778,1000.003493,1000.004159,1000.004803,1000.005401,1000.005927,1000.006399,1000.006815,1000.007206,1000.007590,1000.007932,1000.008232,1000.008478,1000.008656,1000.008761,1000.008809,1000.008853,1000.008949,1000.009071,1000.009139,1000.009135,1000.009067,1000.008959,1000.008823,1000.008644,1000.008403,1000.008067,1000.007657,1000.007218,1000.006761,1000.006288,1000.005774,1000.005210,1000.004647,1000.004104,1000.003548,1000.002937,1000.002216,1000.001401,1000.000586,999.999784,999.998947,999.998036,999.997057,999.996065,999.995082,999.994113,999.993147,999.992094,999.990870,999.989494,999.988046,999.986559,999.985042,999.983528,999.981942,999.980235,0.000000,0.000000,0.000000,0.000000,0.000000,0.000000,0.000000,0.000000,0.000000,0.000000,0.000000,0.000000,0.000000,0.000000
0.000000,0.000000,0.000000,0.000000,0.000000,0.000000,0.000000,0.000000,0.000000,0.000000,0.000000,0.000000,0.000000,0.000000,0.000000,999.980162,999.982074,999.983698,999.985266,999.986853,999.988332,999.989685,999.990972,999.992220,999.993387,999.994452,999.995491,999.996549,999.997634,999.998686,999.999640,1000.000517,1000.001325,1000.002043,1000.002706,1000.003360,1000.003985,1000.004518,1000.004967,1000.005359,1000.005715,1000.006072,1000.006411,1000.006699,1000.006930,1000.007102,1000.007209,1000.007271,1000.007343,1000.007473,1000.007641,1000.007765,1000.007785,1000.007719,1000.007590,1000.007404,1000.007183,1000.006915,1000.006579,1000.006176,1000.005727,1000.005260,1000.004771,1000.004238,1000.003689,1000.003170,1000.002677,1000.002147,1000.001512,1000.000762,999.999958,999.999150,999.998346,999.997504,999.996590,999.995641,999.994688,999.993727,999.992754,999.991753,999.990658,999.989389,999.988007,999.986612,999.985211,999.983828,999.982357,999.980580,0.000000,0.000000,0.000000,0.000000,0.000000,0.000000,0.000000,0.000000,0.000000,0.000000,0.000000,0.000000,0.000000,0.000000,0.000000
0.000000,0.000000,0.000000,0.000000,0.000000,0.000000,0.000000,0.000000,0.000000,0.000000,0.000000,0.000000,0.000000,0.000000,0.000000,0.000000,999.980571,999.982271,999.983778,999.985286,999.986776,999.988146,999.989443,999.990689,999.991873,999.992969,999.994008,999.995052,999.996098,999.997116,999.998087,999.998995,999.999828,1000.000572,1000.001241,1000.001886,1000.002517,1000.003071,1000.003512,1000.003892,1000.004247,1000.004589,1000.004924,1000.005198,1000.005399,1000.005564,1000.005696,1000.005784,1000.005869,1000.005990,1000.006134,1000.006264,1000.006320,1000.006280,1000.006147,1000.005938,1000.005682,1000.005386,1000.005060,1000.004677,1000.004233,1000.003782,1000.003298,1000.002765,1000.002239,1000.001745,1000.001262,1000.000718,1000.000057,999.999302,999.998497,999.997679,999.996858,999.995992,999.995068,999.994135,999.993212,999.992255,999.991249,999.990208,999.989090,999.987839,999.986518,999.985206,999.983968,999.982703,999.981115,0.000000,0.000000,0.000000,0.000000,0.000000,0.000000,0.000000,0.000000,0.000000,0.000000,0.000000,0.000000,0.000000,0.000000,0.000000,0.000000
0.000000,0.000000,0.000000,0.000000,0.000000,0.000000,0.000000,0.000000,0.000000,0.000000,0.000000,0.000000,0.000000,0.000000,0.000000,0.000000,0.000000,999.980928,999.982397,999.983809,999.985238,999.986622,999.987943,999.989205,999.990390,999.991491,999.992518,999.993537,999.994543,999.995493,999.996417,999.997339,999.998228,999.999020,999.999714,1000.000361,1000.000983,1000.001546,1000.002002,1000.002378,1000.002738,1000.003100,1000.003434,1000.003709,1000.003925,1000.004108,1000.004271,1000.004388,1000.004443,1000.004475,1000.004526,1000.004598,1000.004665,1000.004667,1000.004565,1000.004372,1000.004111,1000.003823,1000.003505,1000.003135,1000.002732,1000.002311,1000.001850,1000.001340,1000.000822,1000.000336,999.999840,999.999257,999.998562,999.997782,999.996958,999.996125,999.995281,999.994405,999.993501,999.992591,999.991678,999.990707,999.989670,999.988609,999.987509,999.986310,999.985061,999.983886,999.982804,999.981600,0.000000,0.000000,0.000000,0.000000,0.000000,0.000000,0.000000,0.000000,0.000000,0.000000,0.000000,0.000000,0.000000,0.000000,0.000000,0.000000,0.000000
0.000000,0.000000,0.000000,0.000000,0.000000,0.000000,0.000000,0.000000,0.000000,0.000000,0.000000,0.000000,0.000000,0.000000,0.000000,0.000000,0.000000,0.000000,999.980936,999.982408,999.983775,999.985138,999.986503,999.987797,999.988982,999.990054,999.991048,999.992019,999.992976,999.993884,999.994754,999.995647,999.996557,999.997394,999.998121,999.998781,999.999407,999.999983,1000.000472,1000.000862,1000.001203,1000.001555,1000.001903,1000.002206,1000.002451,1000.002658,1000.002841,1000.002964,1000.002979,1000.002907,1000.002844,1000.002837,1000.002870,1000.002889,1000.002836,1000.002694,1000.002482,1000.002220,1000.001903,1000.001553,1000.001191,1000.000807,1000.000376,999.999882,999.999364,999.998870,999.998345,999.997703,999.996961,999.996162,999.995323,999.994482,999.993666,999.992838,999.991967,999.991070,999.990146,999.989154,999.988083,999.987013,999.985935,999.984789,999.983647,999.982592,999.981581,0.000000,0.000000,0.000000,0.000000,0.000000,0.000000,0.000000,0.000000,0.000000,0.000000,0.000000,0.000000,0.000000,0.000000,0.000000,0.000000,0.000000,0.000000
0.000000,0.000000,0.000000,0.000000,0.000000,0.000000,0.000000,0.000000,0.000000,0.000000,0.000000,0.000000,0.000000,0.000000,0.000000,0.000000,0.000000,0.000000,0.000000,999.980942,999.982259,999.983619,999.984997,999.986350,999.987580,999.988648,999.989611,999.990556,999.991485,999.992367,999.993211,999.994050,999.994900,999.995737,999.996494,999.997173,999.997827,999.998446,999.998968,999.999363,999.999672,999.999971,1000.000304,1000.000628,1000.000893,1000.001100,1000.001270,1000.001376,1000.001383,1000.001297,1000.001170,1000.001089,1000.001062,1000.001049,1000.001018,1000.000942,1000.000802,1000.000568,1000.000266,999.999925,999.999573,999.999215,999.998788,999.998285,999.997778,999.997273,999.996692,999.996004,999.995233,999.994415,999.993588,999.992801,999.992061,999.991297,999.990448,999.989544,999.988592,999.987546,999.986443,999.985396,999.984326,999.983299,999.982203,999.981152,0.000000,0.000000,0.000000,0.000000,0.000000,0.000000,0.000000,0.000000,0.000000,0.000000,0.000000,0.000000,0.000000,0.000000,0.000000,0.000000,0.000000,0.000000,0.000000
0.000000,0.000000,0.000000,0.000000,0.000000,0.000000,0.000000,0.000000,0.000000,0.000000,0.000000,0.000000,0.000000,0.000000,0.000000,0.000000,0.000000,0.000000,0.000000,0.000000,999.980470,999.981888,999.983316,999.984728,999.986025,999.987181,999.988175,999.989125,999.990054,999.990923,999.991725,999.992491,999.993249,999.994023,999.994784,999.995504,999.996193,999.996851,999.997413,999.997819,999.998104,999.998360,999.998661,999.998981,999.999244,999.999434,999.999577,999.999674,999.999716,999.999686,999.999585,999.999460,999.999349,999.999259,999.999199,999.999144,999.999031,999.998828,999.998543,999.998205,999.997860,999.997488,999.997035,999.996524,999.996019,999.995491,999.994867,999.994142,999.993341,999.992526,999.991755,999.991047,999.990376,999.989652,999.988811,999.987881,999.986874,999.985776,999.984660,999.983641,999.982713,999.981735,999.980436,0.000000,0.000000,0.000000,0.000000,0.000000,0.000000,0.000000,0.000000,0.000000,0.000000,0.000000,0.000000,0.000000,0.000000,0.000000,0.000000,0.000000,0.000000,0.000000,0.000000
0.000000,0.000000,0.000000,0.000000,0.000000,0.000000,0.000000,0.000000,0.000000,0.000000,0.000000,0.000000,0.000000,0.000000,0.000000,0.000000,0.000000,0.000000,0.000000,0.000000,0.000000,999.979661,999.981343,999.982991,999.984344,999.985546,999.986650,999.987636,999.988570,999.989431,999.990195,999.990886,999.991557,999.992246,999.992972,999.993710,999.994418,999.995092,999.995694,999.996154,999.996472,999.996737,999.997019,999.997307,999.997548,999.997732,999.997867,999.997970,999.998048,999.998070,999.998027,999.997908,999.997742,999.997590,999.997464,999.997340,999.997194,999.996993,999.996713,999.996396,999.996057,999.995652,999.995176,999.994665,999.994138,999.993574,999.992922,999.992159,999.991359,999.990591,999.989875,999.989221,999.988585,999.987866,999.987017,999.986063,999.985018,999.983855,999.982721,999.981752,999.981223,999.979893,0.000000,0.000000,0.000000,0.000000,0.000000,0.000000,0.000000,0.000000,0.000000,0.000000,0.000000,0.000000,0.000000,0.000000,0.000000,0.000000,0.000000,0.000000,0.000000,0.000000,0.000000
0.000000,0.000000,0.000000,0.000000,0.000000,0.000000,0.000000,0.000000,0.000000,0.000000,0.000000,0.000000,0.000000,0.000000,0.000000,0.000000,0.000000,0.000000,0.000000,0.000000,0.000000,0.000000,0.000000,999.981066,999.982542,999.983767,999.984937,999.985955,999.986917,999.987779,999.988547,999.989214,999.989825,999.990456,999.991134,999.991827,999.992516,999.993195,999.993828,999.994362,999.994769,999.995085,999.995357,999.995599,999.995818,999.996007,999.996154,999.996263,999.996343,999.996386,999.996371,999.996289,999.996153,999.995989,999.995804,999.995596,999.995378,999.995143,999.994880,999.994590,999.994251,999.993825,999.993329,999.992807,999.992264,999.991666,999.990967,999.990206,999.989456,999.988743,999.988081,999.987458,999.986802,999.986053,999.985184,999.984199,999.983117,999.981985,999.980883,999.979605,0.000000,0.000000,0.000000,0.000000,0.000000,0.000000,0.000000,0.000000,0.000000,0.000000,0.000000,0.000000,0.000000,0.000000,0.000000,0.000000,0.000000,0.000000,0.000000,0.000000,0.000000,0.000000,0.000000
0.000000,0.000000,0.000000,0.000000,0.000000,0.000000,0.000000,0.000000,0.000000,0.000000,0.000000,0.000000,0.000000,0.000000,0.000000,0.000000,0.000000,0.000000,0.000000,0.000000,0.000000,0.000000,0.000000,0.000000,999.980479,999.981857,999.983020,999.984046,999.985020,999.985900,999.986731,999.987438,999.988065,999.988675,999.989317,999.989972,999.990613,999.991254,999.991891,999.992477,999.992956,999.993317,999.993604,999.993837,999.994040,999.994229,999.994402,999.994534,999.994604,999.994639,999.994627,999.994571,999.994484,999.994336,999.994134,999.993882,999.993601,999.993335,999.993091,999.992817,999.992464,999.992028,999.991522,999.990992,999.990451,999.989829,999.989127,999.988414,999.987719,999.987068,999.986454,999.985826,999.985141,999.984340,999.983444,999.982403,999.981295,999.980231,999.978809,0.000000,0.000000,0.000000,0.000000,0.000000,0.000000,0.000000,0.000000,0.000000,0.000000,0.000000,0.000000,0.000000,0.000000,0.000000,0.000000,0.000000,0.000000,0.000000,0.000000,0.000000,0.000000,0.000000,0.000000
0.000000,0.000000,0.000000,0.000000,0.000000,0.000000,0.000000,0.000000,0.000000,0.000000,0.000000,0.000000,0.000000,0.000000,0.000000,0.000000,0.000000,0.000000,0.000000,0.000000,0.000000,0.000000,0.000000,0.000000,0.000000,0.000000,999.980674,999.982025,999.982961,999.983862,999.984743,999.985513,999.986230,999.986849,999.987478,999.988112,999.988725,999.989321,999.989935,999.990522,999.991021,999.991425,999.991757,999.992030,999.992246,999.992440,999.992624,999.992771,999.992860,999.992885,999.992868,999.992825,999.992741,999.992606,999.992393,999.992107,999.991805,999.991521,999.991253,999.990968,999.990613,999.990164,999.989662,999.989161,999.988643,999.988057,999.987425,999.986777,999.986141,999.985537,999.984941,999.984288,999.983609,999.982807,999.981925,999.980858,999.979493,0.000000,0.000000,0.000000,0.000000,0.000000,0.000000,0.000000,0.000000,0.000000,0.000000,0.000000,0.000000,0.000000,0.000000,0.000000,0.000000,0.000000,0.000000,0.000000,0.000000,0.000000,0.000000,0.000000,0.000000,0.000000,0.000000
0.000000,0.000000,0.000000,0.000000,0.000000,0.000000,0.000000,0.000000,0.000000,0.000000,0.000000,0.000000,0.000000,0.000000,0.000000,0.000000,0.000000,0.000000,0.000000,0.000000,0.000000,0.000000,0.000000,0.000000,0.000000,0.000000,0.000000,0.000000,999.980484,999.981868,999.982763,999.983518,999.984221,999.984863,999.985521,999.986137,999.986761,999.987376,999.987984,999.988557,999.989051,999.989485,999.989875,999.990215,999.990489,999.990708,999.990882,999.991018,999.991116,999.991147,999.991135,999.991100,999.991006,999.990840,999.990590,999.990283,999.989953,999.989622,999.989307,999.988996,999.988646,999.988214,999.987746,999.987287,999.986810,999.986301,999.985747,999.985166,999.984598,999.983985,999.983390,999.982784,999.982155,999.981466,999.980411,0.000000,0.000000,0.000000,0.000000,0.000000,0.000000,0.000000,0.000000,0.000000,0.000000,0.000000,0.000000,0.000000,0.000000,0.000000,0.000000,0.000000,0.000000,0.000000,0.000000,0.000000,0.000000,0.000000,0.000000,0.000000,0.000000,0.000000,0.000000
0.000000,0.000000,0.000000,0.000000,0.000000,0.000000,0.000000,0.000000,0.000000,0.000000,0.000000,0.000000,0.000000,0.000000,0.000000,0.000000,0.000000,0.000000,0.000000,0.000000,0.000000,0.000000,0.000000,0.000000,0.000000,0.000000,0.000000,0.000000,0.000000,0.000000,999.980570,999.981772,999.982247,999.982773,999.983370,999.984025,999.984691,999.985358,999.985988,999.986572,999.987073,999.987524,999.987966,999.988387,999.988745,999.989014,999.989203,999.989319,999.989375,999.989404,999.989409,999.989363,999.989247,999.989027,999.988730,999.988400,999.988036,999.987673,999.987325,999.986983,999.986629,999.986252,999.985844,999.985424,999.984979,999.984505,999.983985,999.983431,999.982861,999.982285,999.981770,999.981318,999.980432,0.000000,0.000000,0.000000,0.000000,0.000000,0.000000,0.000000,0.000000,0.000000,0.000000,0.000000,0.000000,0.000000,0.000000,0.000000,0.000000,0.000000,0.000000,0.000000,0.000000,0.000000,0.000000,0.000000,0.000000,0.000000,0.000000,0.000000,0.000000,0.000000,0.000000
0.000000,0.000000,0.000000,0.000000,0.000000,0.000000,0.000000,0.000000,0.000000,0.000000,0.000000,0.000000,0.000000,0.000000,0.000000,0.000000,0.000000,0.000000,0.000000,0.000000,0.000000,0.000000,0.000000,0.000000,0.000000,0.000000,0.000000,0.000000,0.000000,0.000000,0.000000,0.000000,999.980182,999.980912,999.981264,999.981893,999.982517,999.983213,999.983899,999.984519,999.985060,999.985543,999.986027,999.986494,999.986921,999.987243,999.987447,999.987546,999.987580,999.987597,999.987594,999.987509,999.987337,999.987076,999.986758,999.986426,999.986104,999.985766,999.985409,999.985050,999.984682,999.984335,999.983972,999.983600,999.983190,999.982702,999.982135,999.981592,999.981010,999.980546,999.979824,0.000000,0.000000,0.000000,0.000000,0.000000,0.000000,0.000000,0.000000,0.000000,0.000000,0.000000,0.000000,0.000000,0.000000,0.000000,0.000000,0.000000,0.000000,0.000000,0.000000,0.000000,0.000000,0.000000,0.000000,0.000000,0.000000,0.000000,0.000000,0.000000,0.000000,0.000000,0.000000
0.000000,0.000000,0.000000,0.000000,0.000000,0.000000,0.000000,0.000000,0.000000,0.000000,0.000000,0.000000,0.000000,0.000000,0.000000,0.000000,0.000000,0.000000,0.000000,0.000000,0.000000,0.000000,0.000000,0.000000,0.000000,0.000000,0.000000,0.000000,0.000000,0.000000,0.000000,0.000000,0.000000,0.000000,999.979077,999.979991,999.980477,999.981011,999.981742,999.982470,999.983117,999.983612,999.984088,999.984527,999.984939,999.985269,999.985473,999.985595,999.985661,999.985675,999.985620,999.985471,999.985244,999.984952,999.984662,999.984401,999.984169,999.983889,999.983550,999.983174,999.982783,999.982396,999.982084,999.981784,999.981410,999.980891,999.980343,999.979829,999.979052,0.000000,0.000000,0.000000,0.000000,0.000000,0.000000,0.000000,0.000000,0.000000,0.000000,0.000000,0.000000,0.000000,0.000000,0.000000,0.000000,0.000000,0.000000,0.000000,0.000000,0.000000,0.000000,0.000000,0.000000,0.000000,0.000000,0.000000,0.000000,0.000000,0.000000,0.000000,0.000000,0.000000,0.000000
0.000000,0.000000,0.000000,0.000000,0.000000,0.000000,0.000000,0.000000,0.000000,0.000000,0.000000,0.000000,0.000000,0.000000,0.000000,0.000000,0.000000,0.000000,0.000000,0.000000,0.000000,0.000000,0.000000,0.000000,0.000000,0.000000,0.000000,0.000000,0.000000,0.000000,0.000000,0.000000,0.000000,0.000000,0.000000,0.000000,0.000000,999.978777,999.979659,999.980532,999.981269,999.981760,999.982096,999.982461,999.982796,999.983107,999.983386,999.983605,999.983715,999.983692,999.983462,999.983275,999.983019,999.982722,999.982517,999.982362,999.982190,999.981947,999.981605,999.981204,999.980762,999.980183,999.980036,999.979966,999.979604,999.978900,0.000000,0.000000,0.000000,0.000000,0.000000,0.000000,0.000000,0.000000,0.000000,0.000000,0.000000,0.000000,0.000000,0.000000,0.000000,0.000000,0.000000,0.000000,0.000000,0.000000,0.000000,0.000000,0.000000,0.000000,0.000000,0.000000,0.000000,0.000000,0.000000,0.000000,0.000000,0.000000,0.000000,0.000000,0.000000,0.000000,0.000000
0.000000,0.000000,0.000000,0.000000,0.000000,0.000000,0.000000,0.000000,0.000000,0.000000,0.000000,0.000000,0.000000,0.000000,0.000000,0.000000,0.000000,0.000000,0.000000,0.000000,0.000000,0.000000,0.000000,0.000000,0.000000,0.000000,0.000000,0.000000,0.000000,0.000000,0.000000,0.000000,0.000000,0.000000,0.000000,0.000000,0.000000,0.000000,0.000000,0.000000,0.000000,0.000000,999.979801,999.980260,999.980525,999.980875,999.981362,999.981780,999.981960,999.981713,999.981200,999.980930,999.980546,999.980404,999.980415,999.980403,999.980208,999.979922,999.979549,999.978996,999.978382,0.000000,0.000000,0.000000,0.000000,0.000000,0.000000,0.000000,0.000000,0.000000,0.000000,0.000000,0.000000,0.000000,0.000000,0.000000,0.000000,0.000000,0.000000,0.000000,0.000000,0.000000,0.000000,0.000000,0.000000,0.000000,0.000000,0.000000,0.000000,0.000000,0.000000,0.000000,0.000000,0.000000,0.000000,0.000000,0.000000,0.000000,0.000000,0.000000,0.000000,0.000000,0.000000
0.000000,0.000000,0.000000,0.000000,0.000000,0.000000,0.000000,0.000000,0.000000,0.000000,0.000000,0.000000,0.000000,0.000000,0.000000,0.000000,0.000000,0.000000,0.000000,0.000000,0.000000,0.000000,0.000000,0.000000,0.000000,0.000000,0.000000,0.000000,0.000000,0.000000,0.000000,0.000000,0.000000,0.000000,0.000000,0.000000,0.000000,0.000000,0.000000,0.000000,0.000000,0.000000,0.000000,0.000000,0.000000,0.000000,0.000000,0.000000,0.000000,0.000000,0.000000,999.978292,0.000000,0.000000,0.000000,0.000000,0.000000,0.000000,0.000000,0.000000,0.000000,0.000000,0.000000,0.000000,0.000000,0.000000,0.000000,0.000000,0.000000,0.000000,0.000000,0.000000,0.000000,0.000000,0.000000,0.000000,0.000000,0.000000,0.000000,0.000000,0.000000,0.000000,0.000000,0.000000,0.000000,0.000000,0.000000,0.000000,0.000000,0.000000,0.000000,0.000000,0.000000,0.000000,0.000000,0.000000,0.000000,0.000000,0.000000,0.000000,0.000000,0.000000,0.000000
0.000000,0.000000,0.000000,0.000000,0.000000,0.000000,0.000000,0.000000,0.000000,0.000000,0.000000,0.000000,0.000000,0.000000,0.000000,0.000000,0.000000,0.000000,0.000000,0.000000,0.000000,0.000000,0.000000,0.000000,0.000000,0.000000,0.000000,0.000000,0.000000,0.000000,0.000000,0.000000,0.000000,0.000000,0.000000,0.000000,0.000000,0.000000,0.000000,0.000000,0.000000,0.000000,0.000000,0.000000,0.000000,0.000000,0.000000,0.000000,0.000000,0.000000,0.000000,0.000000,0.000000,0.000000,0.000000,0.000000,0.000000,0.000000,0.000000,0.000000,0.000000,0.000000,0.000000,0.000000,0.000000,0.000000,0.000000,0.000000,0.000000,0.000000,0.000000,0.000000,0.000000,0.000000,0.000000,0.000000,0.000000,0.000000,0.000000,0.000000,0.000000,0.000000,0.000000,0.000000,0.000000,0.000000,0.000000,0.000000,0.000000,0.000000,0.000000,0.000000,0.000000,0.000000,0.000000,0.000000,0.000000,0.000000,0.000000,0.000000,0.000000,0.000000,0.000000
