0.000000,0.000000,0.000000,0.000000,0.000000,0.000000,0.000000,0.000000,0.000000,0.000000,0.000000,0.000000,0.000000,0.000000,0.000000,0.000000,0.000000,0.000000,0.000000,0.000000,0.000000,0.000000,0.000000,0.000000,0.000000,0.000000,0.000000,0.000000,0.000000,0.000000,0.000000,0.000000,0.000000,0.000000,0.000000,0.000000,0.000000,0.000000,0.000000,0.000000,0.000000,0.000000,0.000000,0.000000,0.000000,0.000000,0.000000,0.000000,0.000000,0.000000,0.000000,0.000000,0.000000,0.000000,0.000000,0.000000,0.000000,0.000000,0.000000,0.000000,0.000000,0.000000,0.000000,0.000000,0.000000,0.000000,0.000000,0.000000,0.000000,0.000000,0.000000,0.000000,0.000000,0.000000,0.000000,0.000000,0.000000,0.000000,0.000000,0.000000,0.000000,0.000000,0.000000,0.000000,0.000000,0.000000,0.000000,0.000000,0.000000,0.000000,0.000000,0.000000,0.000000,0.000000,0.000000,0.000000,0.000000,0.000000,0.000000,0.000000,0.000000,0.000000,0.000000
0.000000,0.000000,0.000000,0.000000,0.000000,0.000000,0.000000,0.000000,0.000000,0.000000,0.000000,0.000000,0.000000,0.000000,0.000000,0.000000,0.000000,0.000000,0.000000,0.000000,0.000000,0.000000,0.000000,0.000000,0.000000,0.000000,0.000000,0.000000,0.000000,0.000000,0.000000,0.000000,0.000000,0.000000,0.000000,0.000000,0.000000,0.000000,0.000000,0.000000,0.000000,0.000000,0.000000,0.000000,0.000000,0.000000,0.000000,0.000000,0.000000,0.000000,0.000000,1000.001186,0.000000,0.000000,0.000000,0.000000,0.000000,0.000000,0.000000,0.000000,0.000000,0.000000,0.000000,0.000000,0.000000,0.000000,0.000000,0.000000,0.000000,0.000000,0.000000,0.000000,0.000000,0.000000,0.000000,0.000000,0.000000,0.000000,0.000000,0.000000,0.000000,0.000000,0.000000,0.000000,0.000000,0.000000,0.000000,0.000000,0.000000,0.000000,0.000000,0.000000,0.000000,0.000000,0.000000,0.000000,0.000000,0.000000,0.000000,0.000000,0.000000,0.000000,0.000000
0.000000,0.000000,0.000000,0.000000,0.000000,0.000000,0.000000,0.000000,0.000000,0.000000,0.000000,0.000000,0.000000,0.000000,0.000000,0.000000,0.000000,0.000000,0.000000,0.000000,0.000000,0.000000,0.000000,0.000000,0.000000,0.000000,0.000000,0.000000,0.000000,0.000000,0.000000,0.000000,0.000000,0.000000,0.000000,0.000000,0.000000,0.000000,0.000000,0.000000,0.000000,0.000000,1000.001857,1000.002133,1000.002289,1000.002385,1000.002444,1000.002476,1000.002486,1000.002474,1000.002462,1000.002511,1000.002435,1000.002426,1000.002431,1000.002424,1000.002398,1000.002345,1000.002259,1000.002117,1000.001846,0.000000,0.000000,0.000000,0.000000,0.000000,0.000000,0.000000,0.000000,0.000000,0.000000,0.000000,0.000000,0.000000,0.000000,0.000000,0.000000,0.000000,0.000000,0.000000,0.000000,0.000000,0.000000,0.000000,0.000000,0.000000,0.000000,0.000000,0.000000,0.000000,0.000000,0.000000,0.000000,0.000000,0.000000,0.000000,0.000000,0.000000,0.000000,0.000000,0.000000,0.000000,0.000000
0.000000,0.000000,0.000000,0.000000,0.000000,0.000000,0.000000,0.000000,0.000000,0.000000,0.000000,0.000000,0.000000,0.000000,0.000000,0.000000,0.000000,0.000000,0.000000,0.000000,0.000000,0.000000,0.000000,0.000000,0.000000,0.000000,0.000000,0.000000,0.000000,0.000000,0.000000,0.000000,0.000000,0.000000,0.000000,0.000000,0.000000,1000.001751,1000.002165,1000.002500,1000.002767,1000.002978,1000.003178,1000.003353,1000.003493,1000.003592,1000.003651,1000.003683,1000.003697,1000.003703,1000.003693,1000.003699,1000.003684,1000.003682,1000.003668,1000.003650,1000.003617,1000.003558,1000.003461,1000.003324,1000.003151,1000.002967,1000.002774,1000.002532,1000.002220,1000.001815,0.000000,0.000000,0.000000,0.000000,0.000000,0.000000,0.000000,0.000000,0.000000,0.000000,0.000000,0.000000,0.000000,0.000000,0.000000,0.000000,0.000000,0.000000,0.000000,0.000000,0.000000,0.000000,0.000000,0.000000,0.000000,0.000000,0.000000,0.000000,0.000000,0.000000,0.000000,0.000000,0.000000,0.000000,0.000000,0.000000,0.000000
0.000000,0.000000,0.000000,0.000000,0.000000,0.000000,0.000000,0.000000,0.000000,0.000000,0.000000,0.000000,0.000000,0.000000,0.000000,0.000000,0.000000,0.000000,0.000000,0.000000,0.000000,0.000000,0.000000,0.000000,0.000000,0.000000,0.000000,0.000000,0.000000,0.000000,0.000000,0.000000,0.000000,0.000000,1000.001839,1000.002299,1000.002684,1000.003067,1000.003390,1000.003685,1000.003950,1000.004153,1000.004341,1000.004492,1000.004613,1000.004694,1000.004745,1000.004774,1000.004786,1000.004792,1000.004794,1000.004789,1000.004790,1000.004785,1000.004775,1000.004757,1000.004725,1000.004670,1000.004585,1000.004464,1000.004316,1000.004136,1000.003947,1000.003695,1000.003413,1000.003103,1000.002744,1000.002369,1000.001910,0.000000,0.000000,0.000000,0.000000,0.000000,0.000000,0.000000,0.000000,0.000000,0.000000,0.000000,0.000000,0.000000,0.000000,0.000000,0.000000,0.000000,0.000000,0.000000,0.000000,0.000000,0.000000,0.000000,0.000000,0.000000,0.000000,0.000000,0.000000,0.000000,0.000000,0.000000,0.000000,0.000000,0.000000
0.000000,0.000000,0.000000,0.000000,0.000000,0.000000,0.000000,0.000000,0.000000,0.000000,0.000000,0.000000,0.000000,0.000000,0.000000,0.000000,0.000000,0.000000,0.000000,0.000000,0.000000,0.000000,0.000000,0.000000,0.000000,0.000000,0.000000,0.000000,0.000000,0.000000,0.000000,0.000000,1000.002087,1000.002605,1000.003095,1000.003498,1000.003860,1000.004207,1000.004507,1000.004772,1000.004997,1000.005184,1000.005341,1000.005463,1000.005552,1000.005611,1000.005649,1000.005670,1000.005680,1000.005682,1000.005683,1000.005680,1000.005683,1000.005681,1000.005677,1000.005664,1000.005639,1000.005597,1000.005533,1000.005441,1000.005322,1000.005169,1000.004987,1000.004768,1000.004512,1000.004224,1000.003890,1000.003539,1000.003139,1000.002649,1000.002126,0.000000,0.000000,0.000000,0.000000,0.000000,0.000000,0.000000,0.000000,0.000000,0.000000,0.000000,0.000000,0.000000,0.000000,0.000000,0.000000,0.000000,0.000000,0.000000,0.000000,0.000000,0.000000,0.000000,0.000000,0.000000,0.000000,0.000000,0.000000,0.000000,0.000000,0.000000,0.000000
0.000000,0.000000,0.000000,0.000000,0.000000,0.000000,0.000000,0.000000,0.000000,0.000000,0.000000,0.000000,0.000000,0.000000,0.000000,0.000000,0.000000,0.000000,0.000000,0.000000,0.000000,0.000000,0.000000,0.000000,0.000000,0.000000,0.000000,0.000000,0.000000,0.000000,1000.002213,1000.002781,1000.003326,1000.003770,1000.004189,1000.004567,1000.004913,1000.005210,1000.005462,1000.005671,1000.005838,1000.005973,1000.006077,1000.006151,1000.006200,1000.006232,1000.006251,1000.006260,1000.006264,1000.006263,1000.006262,1000.006261,1000.006262,1000.006262,1000.006262,1000.006257,1000.006246,1000.006225,1000.006191,1000.006140,1000.006065,1000.005962,1000.005827,1000.005663,1000.005459,1000.005214,1000.004924,1000.004586,1000.004211,1000.003792,1000.003344,1000.002793,1000.002210,0.000000,0.000000,0.000000,0.000000,0.000000,0.000000,0.000000,0.000000,0.000000,0.000000,0.000000,0.000000,0.000000,0.000000,0.000000,0.000000,0.000000,0.000000,0.000000,0.000000,0.000000,0.000000,0.000000,0.000000,0.000000,0.000000,0.000000,0.000000,0.000000,0.000000
0.000000,0.000000,0.000000,0.000000,0.000000,0.000000,0.000000,0.000000,0.000000,0.000000,0.000000,0.000000,0.000000,0.000000,0.000000,0.000000,0.000000,0.000000,0.000000,0.000000,0.000000,0.000000,0.000000,0.000000,0.000000,0.000000,0.000000,0.000000,1000.002225,1000.002835,1000.003419,1000.003907,1000.004373,1000.004793,1000.005172,1000.005496,1000.005766,1000.005984,1000.006156,1000.006281,1000.006366,1000.006421,1000.006449,1000.006458,1000.006458,1000.006455,1000.006451,1000.006447,1000.006442,1000.006438,1000.006435,1000.006435,1000.006435,1000.006437,1000.006441,1000.006445,1000.006450,1000.006455,1000.006457,1000.006456,1000.006444,1000.006415,1000.006358,1000.006272,1000.006149,1000.005980,1000.005765,1000.005498,1000.005177,1000.004800,1000.004379,1000.003910,1000.003416,1000.002834,1000.002214,0.000000,0.000000,0.000000,0.000000,0.000000,0.000000,0.000000,0.000000,0.000000,0.000000,0.000000,0.000000,0.000000,0.000000,0.000000,0.000000,0.000000,0.000000,0.000000,0.000000,0.000000,0.000000,0.000000,0.000000,0.000000,0.000000,0.000000,0.000000
0.000000,0.000000,0.000000,0.000000,0.000000,0.000000,0.000000,0.000000,0.000000,0.000000,0.000000,0.000000,0.000000,0.000000,0.000000,0.000000,0.000000,0.000000,0.000000,0.000000,0.000000,0.000000,0.000000,0.000000,0.000000,0.000000,1000.002103,1000.002770,1000.003398,1000.003927,1000.004431,1000.004887,1000.005301,1000.005656,1000.005945,1000.006169,1000.006331,1000.006439,1000.006499,1000.006519,1000.006511,1000.006479,1000.006431,1000.006379,1000.006332,1000.006296,1000.006269,1000.006249,1000.006235,1000.006226,1000.006221,1000.006220,1000.006222,1000.006226,1000.006235,1000.006249,1000.006270,1000.006299,1000.006336,1000.006381,1000.006431,1000.006476,1000.006505,1000.006511,1000.006490,1000.006430,1000.006324,1000.006164,1000.005942,1000.005657,1000.005305,1000.004894,1000.004437,1000.003932,1000.003407,1000.002800,1000.002136,0.000000,0.000000,0.000000,0.000000,0.000000,0.000000,0.000000,0.000000,0.000000,0.000000,0.000000,0.000000,0.000000,0.000000,0.000000,0.000000,0.000000,0.000000,0.000000,0.000000,0.000000,0.000000,0.000000,0.000000,0.000000,0.000000
0.000000,0.000000,0.000000,0.000000,0.000000,0.000000,0.000000,0.000000,0.000000,0.000000,0.000000,0.000000,0.000000,0.000000,0.000000,0.000000,0.000000,0.000000,0.000000,0.000000,0.000000,0.000000,0.000000,0.000000,1000.001820,1000.002559,1000.003256,1000.003840,1000.004388,1000.004881,1000.005327,1000.005709,1000.006018,1000.006255,1000.006416,1000.006507,1000.006538,1000.006522,1000.006469,1000.006394,1000.006304,1000.006206,1000.006106,1000.006013,1000.005933,1000.005871,1000.005823,1000.005788,1000.005763,1000.005749,1000.005741,1000.005740,1000.005743,1000.005751,1000.005766,1000.005790,1000.005826,1000.005875,1000.005938,1000.006016,1000.006109,1000.006206,1000.006301,1000.006387,1000.006461,1000.006514,1000.006531,1000.006503,1000.006417,1000.006260,1000.006028,1000.005724,1000.005347,1000.004903,1000.004412,1000.003869,1000.003293,1000.002598,1000.001848,0.000000,0.000000,0.000000,0.000000,0.000000,0.000000,0.000000,0.000000,0.000000,0.000000,0.000000,0.000000,0.000000,0.000000,0.000000,0.000000,0.000000,0.000000,0.000000,0.000000,0.000000,0.000000,0.000000,0.000000
0.000000,0.000000,0.000000,0.000000,0.000000,0.000000,0.000000,0.000000,0.000000,0.000000,0.000000,0.000000,0.000000,0.000000,0.000000,0.000000,0.000000,0.000000,0.000000,0.000000,0.000000,0.000000,0.000000,1000.002176,1000.002966,1000.003622,1000.004236,1000.004785,1000.005275,1000.005689,1000.006022,1000.006275,1000.006441,1000.006526,1000.006538,1000.006490,1000.006400,1000.006282,1000.006147,1000.006003,1000.005860,1000.005723,1000.005593,1000.005476,1000.005377,1000.005296,1000.005231,1000.005183,1000.005150,1000.005129,1000.005118,1000.005115,1000.005120,1000.005133,1000.005155,1000.005188,1000.005237,1000.005301,1000.005383,1000.005482,1000.005598,1000.005727,1000.005862,1000.006002,1000.006143,1000.006278,1000.006399,1000.006494,1000.006548,1000.006542,1000.006462,1000.006301,1000.006052,1000.005721,1000.005308,1000.004819,1000.004273,1000.003658,1000.002992,1000.002184,0.000000,0.000000,0.000000,0.000000,0.000000,0.000000,0.000000,0.000000,0.000000,0.000000,0.000000,0.000000,0.000000,0.000000,0.000000,0.000000,0.000000,0.000000,0.000000,0.000000,0.000000,0.000000,0.000000
0.000000,0.000000,0.000000,0.000000,0.000000,0.000000,0.000000,0.000000,0.000000,0.000000,0.000000,0.000000,0.000000,0.000000,0.000000,0.000000,0.000000,0.000000,0.000000,0.000000,0.000000,1000.001673,1000.002499,1000.003282,1000.003952,1000.004562,1000.005124,1000.005599,1000.005975,1000.006255,1000.006437,1000.006527,1000.006532,1000.006465,1000.006345,1000.006190,1000.006015,1000.005831,1000.005645,1000.005462,1000.005288,1000.005128,1000.004982,1000.004852,1000.004740,1000.004645,1000.004569,1000.004511,1000.004469,1000.004442,1000.004428,1000.004425,1000.004432,1000.004449,1000.004477,1000.004519,1000.004577,1000.004653,1000.004747,1000.004860,1000.004990,1000.005136,1000.005295,1000.005466,1000.005646,1000.005833,1000.006021,1000.006202,1000.006364,1000.006490,1000.006561,1000.006559,1000.006472,1000.006291,1000.006011,1000.005635,1000.005162,1000.004599,1000.003984,1000.003307,1000.002525,1000.001690,0.000000,0.000000,0.000000,0.000000,0.000000,0.000000,0.000000,0.000000,0.000000,0.000000,0.000000,0.000000,0.000000,0.000000,0.000000,0.000000,0.000000,0.000000,0.000000,0.000000,0.000000
0.000000,0.000000,0.000000,0.000000,0.000000,0.000000,0.000000,0.000000,0.000000,0.000000,0.000000,0.000000,0.000000,0.000000,0.000000,0.000000,0.000000,0.000000,0.000000,0.000000,1000.001902,1000.002776,1000.003515,1000.004206,1000.004829,1000.005390,1000.005846,1000.006187,1000.006407,1000.006517,1000.006529,1000.006459,1000.006324,1000.006144,1000.005935,1000.005712,1000.005487,1000.005264,1000.005049,1000.004844,1000.004655,1000.004482,1000.004326,1000.004188,1000.004068,1000.003965,1000.003881,1000.003816,1000.003768,1000.003736,1000.003719,1000.003714,1000.003723,1000.003744,1000.003778,1000.003826,1000.003891,1000.003975,1000.004077,1000.004199,1000.004337,1000.004493,1000.004666,1000.004854,1000.005057,1000.005273,1000.005499,1000.005731,1000.005960,1000.006174,1000.006357,1000.006493,1000.006565,1000.006553,1000.006443,1000.006223,1000.005885,1000.005432,1000.004871,1000.004246,1000.003554,1000.002814,1000.001934,0.000000,0.000000,0.000000,0.000000,0.000000,0.000000,0.000000,0.000000,0.000000,0.000000,0.000000,0.000000,0.000000,0.000000,0.000000,0.000000,0.000000,0.000000,0.000000,0.000000
0.000000,0.000000,0.000000,0.000000,0.000000,0.000000,0.000000,0.000000,0.000000,0.000000,0.000000,0.000000,0.000000,0.000000,0.000000,0.000000,0.000000,0.000000,0.000000,1000.002093,1000.002978,1000.003730,1000.004413,1000.005045,1000.005588,1000.006022,1000.006325,1000.006491,1000.006530,1000.006469,1000.006332,1000.006140,1000.005911,1000.005660,1000.005400,1000.005139,1000.004885,1000.004640,1000.004409,1000.004194,1000.003997,1000.003818,1000.003657,1000.003514,1000.003388,1000.003281,1000.003192,1000.003123,1000.003071,1000.003035,1000.003015,1000.003009,1000.003019,1000.003042,1000.003080,1000.003134,1000.003205,1000.003294,1000.003402,1000.003528,1000.003672,1000.003834,1000.004013,1000.004211,1000.004426,1000.004658,1000.004904,1000.005163,1000.005428,1000.005693,1000.005945,1000.006175,1000.006366,1000.006503,1000.006565,1000.006527,1000.006364,1000.006066,1000.005636,1000.005096,1000.004464,1000.003783,1000.003030,1000.002142,0.000000,0.000000,0.000000,0.000000,0.000000,0.000000,0.000000,0.000000,0.000000,0.000000,0.000000,0.000000,0.000000,0.000000,0.000000,0.000000,0.000000,0.000000,0.000000
0.000000,0.000000,0.000000,0.000000,0.000000,0.000000,0.000000,0.000000,0.000000,0.000000,0.000000,0.000000,0.000000,0.000000,0.000000,0.000000,0.000000,0.000000,1000.002228,1000.003129,1000.003897,1000.004587,1000.005221,1000.005746,1000.006147,1000.006411,1000.006526,1000.006502,1000.006375,1000.006178,1000.005936,1000.005667,1000.005383,1000.005093,1000.004804,1000.004521,1000.004250,1000.003995,1000.003757,1000.003537,1000.003336,1000.003153,1000.002989,1000.002842,1000.002714,1000.002605,1000.002514,1000.002442,1000.002388,1000.002350,1000.002328,1000.002321,1000.002331,1000.002356,1000.002397,1000.002455,1000.002530,1000.002623,1000.002734,1000.002864,1000.003011,1000.003175,1000.003359,1000.003560,1000.003781,1000.004019,1000.004276,1000.004548,1000.004833,1000.005124,1000.005416,1000.005701,1000.005970,1000.006212,1000.006409,1000.006538,1000.006564,1000.006454,1000.006195,1000.005799,1000.005279,1000.004649,1000.003961,1000.003193,1000.002286,0.000000,0.000000,0.000000,0.000000,0.000000,0.000000,0.000000,0.000000,0.000000,0.000000,0.000000,0.000000,0.000000,0.000000,0.000000,0.000000,0.000000,0.000000
0.000000,0.000000,0.000000,0.000000,0.000000,0.000000,0.000000,0.000000,0.000000,0.000000,0.000000,0.000000,0.000000,0.000000,0.000000,0.000000,0.000000,1000.002302,1000.003228,1000.004014,1000.004717,1000.005355,1000.005873,1000.006245,1000.006466,1000.006534,1000.006461,1000.006279,1000.006027,1000.005738,1000.005432,1000.005117,1000.004801,1000.004488,1000.004183,1000.003889,1000.003611,1000.003351,1000.003109,1000.002886,1000.002682,1000.002498,1000.002332,1000.002185,1000.002056,1000.001945,1000.001853,1000.001780,1000.001723,1000.001684,1000.001662,1000.001655,1000.001664,1000.001690,1000.001733,1000.001793,1000.001871,1000.001967,1000.002081,1000.002212,1000.002361,1000.002527,1000.002712,1000.002915,1000.003137,1000.003378,1000.003637,1000.003915,1000.004209,1000.004515,1000.004829,1000.005146,1000.005462,1000.005770,1000.006059,1000.006311,1000.006494,1000.006570,1000.006507,1000.006291,1000.005927,1000.005416,1000.004784,1000.004083,1000.003295,1000.002359,0.000000,0.000000,0.000000,0.000000,0.000000,0.000000,0.000000,0.000000,0.000000,0.000000,0.000000,0.000000,0.000000,0.000000,0.000000,0.000000,0.000000
0.000000,0.000000,0.000000,0.000000,0.000000,0.000000,0.000000,0.000000,0.000000,0.000000,0.000000,0.000000,0.000000,0.000000,0.000000,0.000000,1000.002323,1000.003275,1000.004082,1000.004801,1000.005445,1000.005960,1000.006313,1000.006498,1000.006522,1000.006408,1000.006187,1000.005894,1000.005563,1000.005219,1000.004874,1000.004532,1000.004198,1000.003873,1000.003561,1000.003262,1000.002981,1000.002718,1000.002473,1000.002248,1000.002044,1000.001859,1000.001693,1000.001545,1000.001416,1000.001305,1000.001212,1000.001137,1000.001080,1000.001040,1000.001017,1000.001010,1000.001019,1000.001045,1000.001088,1000.001150,1000.001230,1000.001328,1000.001443,1000.001575,1000.001726,1000.001893,1000.002078,1000.002281,1000.002503,1000.002744,1000.003003,1000.003282,1000.003579,1000.003892,1000.004218,1000.004554,1000.004898,1000.005246,1000.005591,1000.005921,1000.006213,1000.006435,1000.006553,1000.006535,1000.006358,1000.006013,1000.005507,1000.004868,1000.004152,1000.003343,1000.002382,0.000000,0.000000,0.000000,0.000000,0.000000,0.000000,0.000000,0.000000,0.000000,0.000000,0.000000,0.000000,0.000000,0.000000,0.000000,0.000000
0.000000,0.000000,0.000000,0.000000,0.000000,0.000000,0.000000,0.000000,0.000000,0.000000,0.000000,0.000000,0.000000,0.000000,0.000000,1000.002307,1000.003277,1000.004104,1000.004841,1000.005497,1000.006012,1000.006353,1000.006512,1000.006498,1000.006347,1000.006095,1000.005773,1000.005412,1000.005037,1000.004662,1000.004294,1000.003937,1000.003593,1000.003263,1000.002947,1000.002647,1000.002364,1000.002100,1000.001855,1000.001629,1000.001425,1000.001240,1000.001073,1000.000925,1000.000796,1000.000684,1000.000590,1000.000514,1000.000456,1000.000416,1000.000392,1000.000384,1000.000393,1000.000420,1000.000465,1000.000527,1000.000607,1000.000705,1000.000821,1000.000954,1000.001105,1000.001274,1000.001460,1000.001663,1000.001883,1000.002123,1000.002381,1000.002660,1000.002959,1000.003275,1000.003606,1000.003952,1000.004312,1000.004683,1000.005060,1000.005435,1000.005794,1000.006114,1000.006368,1000.006524,1000.006546,1000.006397,1000.006064,1000.005558,1000.004910,1000.004178,1000.003350,1000.002374,0.000000,0.000000,0.000000,0.000000,0.000000,0.000000,0.000000,0.000000,0.000000,0.000000,0.000000,0.000000,0.000000,0.000000,0.000000
0.000000,0.000000,0.000000,0.000000,0.000000,0.000000,0.000000,0.000000,0.000000,0.000000,0.000000,0.000000,0.000000,0.000000,1000.002244,1000.003233,1000.004083,1000.004840,1000.005513,1000.006035,1000.006374,1000.006516,1000.006476,1000.006292,1000.006010,1000.005665,1000.005282,1000.004883,1000.004481,1000.004088,1000.003709,1000.003346,1000.002997,1000.002664,1000.002347,1000.002046,1000.001763,1000.001499,1000.001254,1000.001030,1000.000825,1000.000640,1000.000473,1000.000324,1000.000194,1000.000082,999.999987,999.999910,999.999851,999.999810,999.999786,999.999778,999.999787,999.999815,999.999860,999.999922,1000.000002,1000.000100,1000.000216,1000.000350,1000.000502,1000.000671,1000.000857,1000.001061,1000.001281,1000.001520,1000.001778,1000.002055,1000.002354,1000.002671,1000.003006,1000.003357,1000.003724,1000.004107,1000.004502,1000.004902,1000.005298,1000.005677,1000.006023,1000.006309,1000.006500,1000.006551,1000.006418,1000.006089,1000.005578,1000.004916,1000.004164,1000.003315,1000.002318,0.000000,0.000000,0.000000,0.000000,0.000000,0.000000,0.000000,0.000000,0.000000,0.000000,0.000000,0.000000,0.000000,0.000000
0.000000,0.000000,0.000000,0.000000,0.000000,0.000000,0.000000,0.000000,0.000000,0.000000,0.000000,0.000000,0.000000,1000.002110,1000.003135,1000.004014,1000.004798,1000.005493,1000.006033,1000.006379,1000.006517,1000.006461,1000.006255,1000.005947,1000.005577,1000.005174,1000.004754,1000.004331,1000.003916,1000.003515,1000.003131,1000.002764,1000.002413,1000.002079,1000.001762,1000.001461,1000.001179,1000.000916,1000.000673,1000.000449,1000.000245,1000.000059,999.999892,999.999742,999.999611,999.999497,999.999402,999.999325,999.999265,999.999223,999.999198,999.999190,999.999200,999.999227,999.999272,999.999335,999.999415,999.999514,999.999630,999.999764,999.999916,1000.000085,1000.000272,1000.000476,1000.000697,1000.000936,1000.001194,1000.001471,1000.001769,1000.002086,1000.002422,1000.002776,1000.003147,1000.003534,1000.003936,1000.004349,1000.004767,1000.005182,1000.005583,1000.005956,1000.006272,1000.006488,1000.006554,1000.006427,1000.006094,1000.005568,1000.004884,1000.004105,1000.003226,1000.002195,0.000000,0.000000,0.000000,0.000000,0.000000,0.000000,0.000000,0.000000,0.000000,0.000000,0.000000,0.000000,0.000000
0.000000,0.000000,0.000000,0.000000,0.000000,0.000000,0.000000,0.000000,0.000000,0.000000,0.000000,0.000000,1000.001899,1000.002975,1000.003893,1000.004712,1000.005438,1000.006005,1000.006369,1000.006515,1000.006454,1000.006235,1000.005908,1000.005517,1000.005093,1000.004654,1000.004211,1000.003776,1000.003355,1000.002951,1000.002565,1000.002196,1000.001845,1000.001511,1000.001194,1000.000894,1000.000614,1000.000352,1000.000110,999.999888,999.999684,999.999498,999.999329,999.999179,999.999046,999.998931,999.998835,999.998757,999.998697,999.998654,999.998628,999.998620,999.998630,999.998657,999.998703,999.998766,999.998847,999.998946,999.999063,999.999197,999.999349,999.999518,999.999705,999.999910,1000.000132,1000.000372,1000.000630,1000.000908,1000.001204,1000.001521,1000.001856,1000.002211,1000.002583,1000.002972,1000.003377,1000.003796,1000.004226,1000.004662,1000.005097,1000.005522,1000.005919,1000.006256,1000.006485,1000.006556,1000.006424,1000.006074,1000.005522,1000.004805,1000.003991,1000.003074,1000.002001,0.000000,0.000000,0.000000,0.000000,0.000000,0.000000,0.000000,0.000000,0.000000,0.000000,0.000000,0.000000
0.000000,0.000000,0.000000,0.000000,0.000000,0.000000,0.000000,0.000000,0.000000,0.000000,0.000000,1000.001643,1000.002759,1000.003718,1000.004577,1000.005344,1000.005949,1000.006344,1000.006509,1000.006455,1000.006232,1000.005892,1000.005485,1000.005043,1000.004586,1000.004125,1000.003671,1000.003231,1000.002808,1000.002402,1000.002015,1000.001645,1000.001293,1000.000959,1000.000642,1000.000344,1000.000066,999.999807,999.999566,999.999345,999.999141,999.998955,999.998786,999.998634,999.998500,999.998384,999.998286,999.998207,999.998145,999.998101,999.998075,999.998067,999.998077,999.998105,999.998150,999.998214,999.998296,999.998396,999.998513,999.998648,999.998800,999.998970,999.999158,999.999363,999.999585,999.999826,1000.000085,1000.000363,1000.000659,1000.000974,1000.001309,1000.001662,1000.002035,1000.002425,1000.002831,1000.003254,1000.003690,1000.004138,1000.004594,1000.005049,1000.005494,1000.005908,1000.006257,1000.006490,1000.006555,1000.006405,1000.006025,1000.005432,1000.004671,1000.003816,1000.002864,1000.001763,0.000000,0.000000,0.000000,0.000000,0.000000,0.000000,0.000000,0.000000,0.000000,0.000000,0.000000
0.000000,0.000000,0.000000,0.000000,0.000000,0.000000,0.000000,0.000000,0.000000,0.000000,0.000000,1000.002468,1000.003494,1000.004398,1000.005209,1000.005861,1000.006302,1000.006500,1000.006465,1000.006245,1000.005900,1000.005480,1000.005024,1000.004551,1000.004073,1000.003602,1000.003143,1000.002701,1000.002277,1000.001872,1000.001483,1000.001113,1000.000760,1000.000425,1000.000109,999.999813,999.999536,999.999279,999.999039,999.998818,999.998614,999.998428,999.998258,999.998106,999.997970,999.997853,999.997754,999.997673,999.997610,999.997565,999.997539,999.997531,999.997542,999.997570,999.997616,999.997680,999.997762,999.997862,999.997980,999.998115,999.998268,999.998439,999.998627,999.998833,999.999056,999.999297,999.999556,999.999834,1000.000130,1000.000445,1000.000779,1000.001132,1000.001504,1000.001895,1000.002303,1000.002727,1000.003167,1000.003621,1000.004087,1000.004561,1000.005034,1000.005494,1000.005920,1000.006273,1000.006503,1000.006551,1000.006366,1000.005938,1000.005294,1000.004487,1000.003589,1000.002578,0.000000,0.000000,0.000000,0.000000,0.000000,0.000000,0.000000,0.000000,0.000000,0.000000,0.000000
0.000000,0.000000,0.000000,0.000000,0.000000,0.000000,0.000000,0.000000,0.000000,0.000000,1000.002141,1000.003257,1000.004189,1000.005034,1000.005736,1000.006234,1000.006486,1000.006485,1000.006279,1000.005933,1000.005505,1000.005036,1000.004548,1000.004055,1000.003568,1000.003092,1000.002631,1000.002188,1000.001764,1000.001358,1000.000969,1000.000598,1000.000244,999.999910,999.999595,999.999299,999.999024,999.998767,999.998529,999.998307,999.998103,999.997916,999.997746,999.997593,999.997456,999.997337,999.997237,999.997155,999.997091,999.997047,999.997021,999.997014,999.997026,999.997055,999.997101,999.997164,999.997245,999.997345,999.997463,999.997599,999.997752,999.997924,999.998113,999.998320,999.998544,999.998785,999.999044,999.999322,999.999618,999.999933,1000.000266,1000.000619,1000.000992,1000.001383,1000.001791,1000.002217,1000.002659,1000.003116,1000.003587,1000.004070,1000.004561,1000.005050,1000.005522,1000.005956,1000.006309,1000.006525,1000.006539,1000.006298,1000.005807,1000.005111,1000.004271,1000.003339,1000.002220,0.000000,0.000000,0.000000,0.000000,0.000000,0.000000,0.000000,0.000000,0.000000,0.000000
0.000000,0.000000,0.000000,0.000000,0.000000,0.000000,0.000000,0.000000,0.000000,1000.001804,1000.002950,1000.003939,1000.004819,1000.005580,1000.006140,1000.006457,1000.006510,1000.006332,1000.005994,1000.005561,1000.005081,1000.004579,1000.004071,1000.003568,1000.003076,1000.002597,1000.002134,1000.001691,1000.001267,1000.000861,1000.000471,1000.000099,999.999746,999.999413,999.999099,999.998805,999.998529,999.998272,999.998033,999.997811,999.997606,999.997419,999.997248,999.997094,999.996958,999.996839,999.996738,999.996656,999.996592,999.996548,999.996522,999.996516,999.996528,999.996557,999.996603,999.996666,999.996746,999.996845,999.996963,999.997099,999.997253,999.997425,999.997615,999.997823,999.998047,999.998289,999.998549,999.998827,999.999123,999.999438,999.999771,1000.000124,1000.000497,1000.000888,1000.001297,1000.001723,1000.002166,1000.002625,1000.003099,1000.003587,1000.004087,1000.004595,1000.005098,1000.005582,1000.006020,1000.006366,1000.006553,1000.006508,1000.006197,1000.005642,1000.004886,1000.004006,1000.003015,1000.001858,0.000000,0.000000,0.000000,0.000000,0.000000,0.000000,0.000000,0.000000,0.000000
0.000000,0.000000,0.000000,0.000000,0.000000,0.000000,0.000000,0.000000,0.000000,1000.002556,1000.003621,1000.004559,1000.005386,1000.006016,1000.006403,1000.006523,1000.006393,1000.006078,1000.005647,1000.005159,1000.004645,1000.004121,1000.003602,1000.003094,1000.002598,1000.002117,1000.001653,1000.001210,1000.000785,1000.000378,999.999988,999.999617,999.999266,999.998934,999.998621,999.998327,999.998051,999.997793,999.997552,999.997329,999.997124,999.996936,999.996765,999.996611,999.996476,999.996357,999.996257,999.996175,999.996112,999.996068,999.996042,999.996035,999.996046,999.996075,999.996120,999.996183,999.996264,999.996363,999.996480,999.996616,999.996770,999.996943,999.997133,999.997341,999.997567,999.997811,999.998071,999.998350,999.998646,999.998960,999.999294,999.999647,1000.000019,1000.000411,1000.000820,1000.001246,1000.001688,1000.002148,1000.002624,1000.003115,1000.003621,1000.004139,1000.004662,1000.005180,1000.005673,1000.006109,1000.006431,1000.006566,1000.006449,1000.006065,1000.005437,1000.004611,1000.003669,1000.002604,0.000000,0.000000,0.000000,0.000000,0.000000,0.000000,0.000000,0.000000,0.000000
0.000000,0.000000,0.000000,0.000000,0.000000,0.000000,0.000000,0.000000,1000.002127,1000.003270,1000.004244,1000.005126,1000.005843,1000.006317,1000.006515,1000.006446,1000.006170,1000.005756,1000.005266,1000.004743,1000.004207,1000.003671,1000.003146,1000.002633,1000.002135,1000.001652,1000.001189,1000.000745,1000.000320,999.999913,999.999524,999.999154,999.998803,999.998472,999.998160,999.997865,999.997588,999.997329,999.997088,999.996864,999.996658,999.996469,999.996299,999.996146,999.996011,999.995894,999.995795,999.995714,999.995651,999.995607,999.995581,999.995573,999.995582,999.995609,999.995654,999.995717,999.995799,999.995898,999.996016,999.996152,999.996306,999.996479,999.996669,999.996878,999.997105,999.997349,999.997611,999.997890,999.998187,999.998502,999.998835,999.999187,999.999559,999.999951,1000.000360,1000.000785,1000.001227,1000.001687,1000.002164,1000.002658,1000.003167,1000.003691,1000.004226,1000.004764,1000.005292,1000.005787,1000.006205,1000.006484,1000.006553,1000.006355,1000.005882,1000.005166,1000.004278,1000.003289,1000.002115,0.000000,0.000000,0.000000,0.000000,0.000000,0.000000,0.000000,0.000000
0.000000,0.000000,0.000000,0.000000,0.000000,0.000000,0.000000,0.000000,1000.002797,1000.003859,1000.004796,1000.005603,1000.006183,1000.006480,1000.006487,1000.006261,1000.005875,1000.005396,1000.004871,1000.004325,1000.003776,1000.003234,1000.002703,1000.002188,1000.001688,1000.001205,1000.000742,1000.000299,999.999875,999.999468,999.999080,999.998711,999.998361,999.998030,999.997717,999.997421,999.997144,999.996884,999.996642,999.996417,999.996210,999.996021,999.995851,999.995699,999.995565,999.995449,999.995351,999.995271,999.995209,999.995164,999.995137,999.995128,999.995136,999.995163,999.995208,999.995271,999.995352,999.995452,999.995570,999.995707,999.995862,999.996034,999.996225,999.996433,999.996660,999.996906,999.997168,999.997448,999.997746,999.998061,999.998395,999.998747,999.999118,999.999508,999.999916,1000.000341,1000.000783,1000.001243,1000.001721,1000.002217,1000.002729,1000.003256,1000.003796,1000.004346,1000.004896,1000.005428,1000.005911,1000.006298,1000.006523,1000.006513,1000.006214,1000.005632,1000.004820,1000.003866,1000.002789,0.000000,0.000000,0.000000,0.000000,0.000000,0.000000,0.000000,0.000000
0.000000,0.000000,0.000000,0.000000,0.000000,0.000000,0.000000,1000.002267,1000.003426,1000.004406,1000.005285,1000.005977,1000.006401,1000.006516,1000.006358,1000.006008,1000.005545,1000.005023,1000.004473,1000.003913,1000.003356,1000.002809,1000.002276,1000.001759,1000.001259,1000.000777,1000.000315,999.999873,999.999450,999.999044,999.998656,999.998288,999.997938,999.997607,999.997293,999.996998,999.996720,999.996460,999.996217,999.995991,999.995783,999.995594,999.995424,999.995272,999.995138,999.995023,999.994926,999.994846,999.994784,999.994739,999.994712,999.994702,999.994709,999.994736,999.994781,999.994844,999.994925,999.995025,999.995144,999.995281,999.995437,999.995609,999.995800,999.996008,999.996235,999.996480,999.996743,999.997024,999.997323,999.997639,999.997972,999.998324,999.998694,999.999084,999.999490,999.999914,1000.000357,1000.000817,1000.001296,1000.001793,1000.002307,1000.002836,1000.003380,1000.003936,1000.004499,1000.005055,1000.005583,1000.006048,1000.006395,1000.006550,1000.006430,1000.006003,1000.005305,1000.004410,1000.003403,1000.002204,0.000000,0.000000,0.000000,0.000000,0.000000,0.000000,0.000000
0.000000,0.000000,0.000000,0.000000,0.000000,0.000000,0.000000,1000.002875,1000.003948,1000.004893,1000.005694,1000.006251,1000.006506,1000.006452,1000.006159,1000.005719,1000.005203,1000.004650,1000.004081,1000.003512,1000.002950,1000.002401,1000.001866,1000.001349,1000.000849,1000.000368,999.999908,999.999467,999.999045,999.998640,999.998253,999.997885,999.997536,999.997204,999.996890,999.996594,999.996316,999.996055,999.995812,999.995586,999.995378,999.995189,999.995018,999.994866,999.994732,999.994617,999.994520,999.994440,999.994378,999.994333,999.994305,999.994294,999.994301,999.994328,999.994372,999.994436,999.994517,999.994617,999.994736,999.994874,999.995031,999.995204,999.995395,999.995602,999.995828,999.996073,999.996336,999.996618,999.996917,999.997234,999.997567,999.997919,999.998289,999.998677,999.999083,999.999506,999.999949,1000.000410,1000.000889,1000.001387,1000.001902,1000.002434,1000.002979,1000.003539,1000.004109,1000.004683,1000.005242,1000.005762,1000.006200,1000.006489,1000.006539,1000.006280,1000.005715,1000.004900,1000.003929,1000.002827,0.000000,0.000000,0.000000,0.000000,0.000000,0.000000,0.000000
0.000000,0.000000,0.000000,0.000000,0.000000,0.000000,1000.002264,1000.003442,1000.004440,1000.005329,1000.006019,1000.006427,1000.006514,1000.006313,1000.005917,1000.005413,1000.004859,1000.004283,1000.003702,1000.003127,1000.002561,1000.002010,1000.001475,1000.000958,1000.000459,999.999979,999.999520,999.999080,999.998659,999.998255,999.997869,999.997502,999.997152,999.996820,999.996506,999.996209,999.995931,999.995670,999.995426,999.995200,999.994992,999.994803,999.994632,999.994479,999.994345,999.994229,999.994132,999.994052,999.993989,999.993944,999.993915,999.993905,999.993912,999.993939,999.993984,999.994047,999.994128,999.994229,999.994348,999.994486,999.994643,999.994817,999.995008,999.995216,999.995442,999.995686,999.995949,999.996230,999.996530,999.996847,999.997180,999.997531,999.997901,999.998289,999.998693,999.999116,999.999559,1000.000020,1000.000500,1000.000998,1000.001515,1000.002048,1000.002595,1000.003157,1000.003733,1000.004317,1000.004899,1000.005457,1000.005961,1000.006354,1000.006552,1000.006461,1000.006045,1000.005343,1000.004434,1000.003407,1000.002188,0.000000,0.000000,0.000000,0.000000,0.000000,0.000000
0.000000,0.000000,0.000000,0.000000,0.000000,0.000000,1000.002824,1000.003916,1000.004884,1000.005700,1000.006263,1000.006512,1000.006440,1000.006121,1000.005650,1000.005102,1000.004520,1000.003927,1000.003338,1000.002758,1000.002190,1000.001638,1000.001103,1000.000587,1000.000088,999.999610,999.999151,999.998713,999.998293,999.997889,999.997504,999.997136,999.996786,999.996453,999.996139,999.995842,999.995563,999.995302,999.995058,999.994833,999.994625,999.994436,999.994265,999.994111,999.993977,999.993860,999.993762,999.993681,999.993618,999.993572,999.993543,999.993533,999.993541,999.993568,999.993614,999.993677,999.993759,999.993859,999.993978,999.994116,999.994273,999.994448,999.994639,999.994848,999.995073,999.995316,999.995579,999.995860,999.996160,999.996477,999.996811,999.997162,999.997531,999.997918,999.998322,999.998745,999.999188,999.999649,1000.000129,1000.000627,1000.001144,1000.001678,1000.002227,1000.002792,1000.003371,1000.003962,1000.004558,1000.005144,1000.005694,1000.006165,1000.006482,1000.006550,1000.006295,1000.005722,1000.004892,1000.003901,1000.002772,0.000000,0.000000,0.000000,0.000000,0.000000,0.000000
0.000000,0.000000,0.000000,0.000000,0.000000,1000.002142,1000.003343,1000.004370,1000.005288,1000.006000,1000.006423,1000.006513,1000.006305,1000.005894,1000.005369,1000.004789,1000.004188,1000.003585,1000.002989,1000.002406,1000.001837,1000.001285,1000.000750,1000.000234,999.999737,999.999259,999.998802,999.998364,999.997944,999.997542,999.997156,999.996788,999.996437,999.996104,999.995789,999.995492,999.995213,999.994952,999.994709,999.994483,999.994276,999.994086,999.993915,999.993761,999.993626,999.993509,999.993410,999.993328,999.993264,999.993218,999.993190,999.993180,999.993189,999.993216,999.993261,999.993325,999.993407,999.993507,999.993626,999.993763,999.993919,999.994094,999.994286,999.994495,999.994721,999.994964,999.995226,999.995507,999.995806,999.996124,999.996458,999.996810,999.997179,999.997566,999.997969,999.998392,999.998834,999.999296,999.999776,1000.000274,1000.000791,1000.001325,1000.001875,1000.002441,1000.003023,1000.003619,1000.004225,1000.004830,1000.005412,1000.005938,1000.006349,1000.006555,1000.006460,1000.006029,1000.005306,1000.004374,1000.003329,1000.002102,0.000000,0.000000,0.000000,0.000000,0.000000
0.000000,0.000000,0.000000,0.000000,0.000000,1000.002637,1000.003771,1000.004779,1000.005634,1000.006230,1000.006501,1000.006442,1000.006124,1000.005645,1000.005081,1000.004480,1000.003865,1000.003255,1000.002656,1000.002071,1000.001502,1000.000950,1000.000416,999.999900,999.999403,999.998927,999.998471,999.998034,999.997615,999.997212,999.996827,999.996458,999.996106,999.995773,999.995457,999.995160,999.994881,999.994620,999.994377,999.994151,999.993943,999.993754,999.993582,999.993429,999.993293,999.993176,999.993075,999.992993,999.992929,999.992883,999.992855,999.992845,999.992854,999.992881,999.992927,999.992991,999.993073,999.993173,999.993291,999.993428,999.993583,999.993757,999.993950,999.994159,999.994385,999.994628,999.994890,999.995170,999.995470,999.995787,999.996122,999.996474,999.996844,999.997231,999.997635,999.998057,999.998499,999.998961,999.999441,999.999938,1000.000455,1000.000989,1000.001540,1000.002107,1000.002691,1000.003290,1000.003902,1000.004519,1000.005123,1000.005689,1000.006169,1000.006486,1000.006541,1000.006263,1000.005659,1000.004797,1000.003782,1000.002632,0.000000,0.000000,0.000000,0.000000,0.000000
0.000000,0.000000,0.000000,0.000000,1000.001837,1000.003094,1000.004179,1000.005151,1000.005916,1000.006384,1000.006506,1000.006318,1000.005914,1000.005386,1000.004796,1000.004178,1000.003556,1000.002942,1000.002341,1000.001755,1000.001185,1000.000633,1000.000099,999.999583,999.999087,999.998612,999.998157,999.997722,999.997303,999.996901,999.996515,999.996145,999.995793,999.995459,999.995143,999.994845,999.994566,999.994305,999.994061,999.993836,999.993628,999.993439,999.993267,999.993114,999.992978,999.992860,999.992760,999.992677,999.992613,999.992566,999.992539,999.992529,999.992538,999.992565,999.992610,999.992674,999.992756,999.992856,999.992974,999.993110,999.993265,999.993439,999.993631,999.993840,999.994066,999.994310,999.994571,999.994852,999.995151,999.995468,999.995803,999.996156,999.996526,999.996914,999.997319,999.997741,999.998183,999.998644,999.999123,999.999621,1000.000137,1000.000671,1000.001222,1000.001789,1000.002373,1000.002975,1000.003591,1000.004216,1000.004836,1000.005430,1000.005960,1000.006364,1000.006548,1000.006419,1000.005945,1000.005176,1000.004205,1000.003128,1000.001895,0.000000,0.000000,0.000000,0.000000
0.000000,0.000000,0.000000,0.000000,1000.002298,1000.003486,1000.004548,1000.005467,1000.006135,1000.006470,1000.006454,1000.006159,1000.005691,1000.005128,1000.004517,1000.003889,1000.003263,1000.002647,1000.002044,1000.001458,1000.000888,1000.000336,999.999801,999.999284,999.998789,999.998315,999.997862,999.997427,999.997009,999.996606,999.996219,999.995850,999.995497,999.995162,999.994846,999.994548,999.994269,999.994007,999.993764,999.993538,999.993331,999.993141,999.992970,999.992816,999.992680,999.992562,999.992461,999.992379,999.992315,999.992269,999.992241,999.992232,999.992241,999.992267,999.992312,999.992376,999.992458,999.992557,999.992675,999.992811,999.992966,999.993139,999.993331,999.993540,999.993766,999.994009,999.994271,999.994551,999.994851,999.995168,999.995503,999.995855,999.996226,999.996614,999.997020,999.997442,999.997884,999.998344,999.998823,999.999320,999.999836,1000.000370,1000.000921,1000.001489,1000.002074,1000.002676,1000.003294,1000.003925,1000.004556,1000.005170,1000.005736,1000.006206,1000.006496,1000.006506,1000.006165,1000.005496,1000.004582,1000.003532,1000.002358,0.000000,0.000000,0.000000,0.000000
0.000000,0.000000,0.000000,0.000000,1000.002671,1000.003834,1000.004882,1000.005731,1000.006293,1000.006498,1000.006362,1000.005984,1000.005465,1000.004875,1000.004251,1000.003617,1000.002988,1000.002371,1000.001768,1000.001180,1000.000609,1000.000056,999.999521,999.999005,999.998510,999.998038,999.997585,999.997150,999.996731,999.996328,999.995941,999.995571,999.995218,999.994883,999.994566,999.994268,999.993989,999.993727,999.993484,999.993258,999.993051,999.992862,999.992690,999.992536,999.992400,999.992281,999.992181,999.992099,999.992035,999.991990,999.991963,999.991954,999.991962,999.991989,999.992033,999.992096,999.992178,999.992277,999.992395,999.992531,999.992685,999.992858,999.993049,999.993258,999.993485,999.993728,999.993990,999.994270,999.994569,999.994886,999.995221,999.995574,999.995945,999.996333,999.996739,999.997162,999.997603,999.998063,999.998541,999.999038,999.999553,1000.000087,1000.000639,1000.001208,1000.001792,1000.002394,1000.003014,1000.003648,1000.004287,1000.004917,1000.005511,1000.006029,1000.006404,1000.006534,1000.006324,1000.005762,1000.004919,1000.003887,1000.002743,0.000000,0.000000,0.000000,0.000000
0.000000,0.000000,0.000000,1000.001741,1000.003034,1000.004169,1000.005169,1000.005941,1000.006397,1000.006481,1000.006246,1000.005802,1000.005245,1000.004634,1000.004000,1000.003363,1000.002733,1000.002114,1000.001509,1000.000920,1000.000349,999.999795,999.999259,999.998745,999.998251,999.997778,999.997325,999.996890,999.996471,999.996067,999.995679,999.995308,999.994955,999.994620,999.994304,999.994006,999.993726,999.993465,999.993221,999.992996,999.992789,999.992599,999.992428,999.992273,999.992137,999.992019,999.991919,999.991838,999.991775,999.991730,999.991703,999.991693,999.991702,999.991728,999.991772,999.991835,999.991916,999.992015,999.992133,999.992268,999.992423,999.992595,999.992787,999.992996,999.993222,999.993466,999.993728,999.994008,999.994306,999.994623,999.994958,999.995312,999.995683,999.996071,999.996478,999.996901,999.997342,999.997800,999.998278,999.998774,999.999289,999.999823,1000.000375,1000.000945,1000.001530,1000.002132,1000.002752,1000.003388,1000.004032,1000.004673,1000.005289,1000.005846,1000.006287,1000.006517,1000.006429,1000.005974,1000.005208,1000.004222,1000.003111,1000.001845,0.000000,0.000000,0.000000
0.000000,0.000000,0.000000,1000.002150,1000.003350,1000.004460,1000.005413,1000.006108,1000.006455,1000.006430,1000.006113,1000.005620,1000.005034,1000.004407,1000.003766,1000.003127,1000.002495,1000.001875,1000.001268,1000.000678,1000.000106,999.999552,999.999017,999.998504,999.998010,999.997537,999.997083,999.996646,999.996227,999.995823,999.995435,999.995064,999.994710,999.994375,999.994059,999.993762,999.993482,999.993220,999.992976,999.992751,999.992543,999.992354,999.992183,999.992029,999.991893,999.991775,999.991676,999.991595,999.991532,999.991487,999.991460,999.991451,999.991459,999.991485,999.991530,999.991592,999.991673,999.991772,999.991889,999.992025,999.992179,999.992351,999.992542,999.992751,999.992978,999.993223,999.993485,999.993765,999.994063,999.994379,999.994714,999.995068,999.995440,999.995828,999.996235,999.996658,999.997099,999.997557,999.998034,999.998529,999.999043,999.999577,1000.000129,1000.000699,1000.001285,1000.001889,1000.002509,1000.003147,1000.003795,1000.004443,1000.005076,1000.005663,1000.006154,1000.006466,1000.006487,1000.006140,1000.005450,1000.004510,1000.003423,1000.002254,0.000000,0.000000,0.000000
0.000000,0.000000,0.000000,1000.002470,1000.003639,1000.004718,1000.005617,1000.006232,1000.006476,1000.006356,1000.005974,1000.005441,1000.004835,1000.004196,1000.003550,1000.002908,1000.002275,1000.001653,1000.001045,1000.000454,999.999881,999.999327,999.998794,999.998281,999.997787,999.997313,999.996857,999.996420,999.996000,999.995597,999.995208,999.994837,999.994483,999.994149,999.993833,999.993536,999.993256,999.992994,999.992750,999.992524,999.992317,999.992128,999.991957,999.991803,999.991668,999.991551,999.991452,999.991371,999.991308,999.991263,999.991235,999.991226,999.991234,999.991260,999.991304,999.991366,999.991446,999.991545,999.991663,999.991799,999.991953,999.992125,999.992316,999.992525,999.992753,999.992998,999.993260,999.993540,999.993838,999.994154,999.994489,999.994843,999.995215,999.995604,999.996010,999.996434,999.996875,999.997333,999.997809,999.998303,999.998816,999.999350,999.999902,1000.000472,1000.001059,1000.001663,1000.002285,1000.002924,1000.003575,1000.004229,1000.004875,1000.005484,1000.006014,1000.006393,1000.006507,1000.006261,1000.005650,1000.004763,1000.003705,1000.002570,0.000000,0.000000,0.000000
0.000000,0.000000,0.000000,1000.002719,1000.003896,1000.004939,1000.005783,1000.006318,1000.006469,1000.006269,1000.005834,1000.005272,1000.004649,1000.004001,1000.003350,1000.002706,1000.002071,1000.001449,1000.000841,1000.000249,999.999676,999.999122,999.998588,999.998075,999.997582,999.997106,999.996649,999.996212,999.995792,999.995388,999.995000,999.994629,999.994275,999.993941,999.993626,999.993328,999.993048,999.992786,999.992542,999.992316,999.992110,999.991921,999.991750,999.991596,999.991461,999.991344,999.991245,999.991164,999.991101,999.991055,999.991027,999.991018,999.991026,999.991052,999.991095,999.991157,999.991237,999.991335,999.991453,999.991590,999.991744,999.991917,999.992109,999.992318,999.992545,999.992790,999.993052,999.993332,999.993630,999.993946,999.994281,999.994636,999.995008,999.995397,999.995804,999.996229,999.996670,999.997127,999.997602,999.998096,999.998609,999.999142,999.999693,1000.000262,1000.000850,1000.001456,1000.002079,1000.002719,1000.003372,1000.004032,1000.004687,1000.005314,1000.005876,1000.006307,1000.006499,1000.006344,1000.005811,1000.004978,1000.003954,1000.002803,0.000000,0.000000,0.000000
0.000000,0.000000,0.000000,1000.002917,1000.004088,1000.005122,1000.005917,1000.006373,1000.006438,1000.006172,1000.005697,1000.005113,1000.004477,1000.003823,1000.003168,1000.002521,1000.001886,1000.001263,1000.000654,1000.000063,999.999489,999.998935,999.998401,999.997888,999.997394,999.996918,999.996460,999.996022,999.995602,999.995198,999.994810,999.994439,999.994086,999.993752,999.993437,999.993139,999.992859,999.992596,999.992352,999.992128,999.991921,999.991733,999.991562,999.991408,999.991272,999.991155,999.991056,999.990974,999.990911,999.990865,999.990837,999.990827,999.990836,999.990861,999.990905,999.990966,999.991046,999.991144,999.991261,999.991398,999.991553,999.991727,999.991918,999.992128,999.992355,999.992600,999.992862,999.993142,999.993440,999.993756,999.994091,999.994445,999.994818,999.995208,999.995616,999.996041,999.996482,999.996940,999.997414,999.997908,999.998421,999.998953,999.999503,1000.000072,1000.000660,1000.001266,1000.001891,1000.002532,1000.003187,1000.003851,1000.004513,1000.005154,1000.005740,1000.006211,1000.006468,1000.006398,1000.005944,1000.005157,1000.004134,1000.002976,0.000000,0.000000,0.000000
0.000000,0.000000,1000.001782,1000.003098,1000.004268,1000.005275,1000.006019,1000.006400,1000.006390,1000.006073,1000.005569,1000.004967,1000.004322,1000.003662,1000.003003,1000.002355,1000.001718,1000.001095,1000.000487,999.999895,999.999321,999.998767,999.998233,999.997719,999.997224,999.996747,999.996289,999.995850,999.995430,999.995026,999.994638,999.994268,999.993916,999.993582,999.993266,999.992968,999.992688,999.992425,999.992182,999.991957,999.991751,999.991562,999.991391,999.991238,999.991102,999.990984,999.990884,999.990802,999.990739,999.990693,999.990665,999.990655,999.990663,999.990689,999.990733,999.990794,999.990873,999.990971,999.991088,999.991224,999.991380,999.991554,999.991746,999.991956,999.992184,999.992428,999.992691,999.992971,999.993268,999.993584,999.993919,999.994273,999.994645,999.995036,999.995444,999.995870,999.996312,999.996770,999.997245,999.997739,999.998252,999.998783,999.999332,999.999901,1000.000489,1000.001096,1000.001722,1000.002363,1000.003020,1000.003686,1000.004354,1000.005006,1000.005609,1000.006111,1000.006420,1000.006424,1000.006045,1000.005309,1000.004307,1000.003132,1000.001793,0.000000,0.000000
0.000000,0.000000,1000.002054,1000.003267,1000.004412,1000.005391,1000.006090,1000.006408,1000.006338,1000.005981,1000.005453,1000.004838,1000.004184,1000.003518,1000.002856,1000.002206,1000.001569,1000.000945,1000.000337,999.999745,999.999171,999.998617,999.998083,999.997569,999.997073,999.996594,999.996135,999.995696,999.995275,999.994871,999.994484,999.994115,999.993764,999.993430,999.993114,999.992815,999.992535,999.992272,999.992029,999.991804,999.991598,999.991410,999.991239,999.991085,999.990949,999.990831,999.990731,999.990649,999.990585,999.990539,999.990511,999.990501,999.990510,999.990535,999.990579,999.990640,999.990719,999.990817,999.990934,999.991070,999.991225,999.991399,999.991591,999.991802,999.992030,999.992275,999.992537,999.992817,999.993115,999.993431,999.993765,999.994119,999.994491,999.994882,999.995290,999.995716,999.996159,999.996618,999.997094,999.997588,999.998101,999.998632,999.999181,999.999749,1000.000337,1000.000946,1000.001571,1000.002213,1000.002871,1000.003540,1000.004212,1000.004872,1000.005489,1000.006014,1000.006366,1000.006432,1000.006116,1000.005423,1000.004448,1000.003297,1000.002075,0.000000,0.000000
0.000000,0.000000,1000.002192,1000.003399,1000.004526,1000.005475,1000.006136,1000.006407,1000.006293,1000.005903,1000.005356,1000.004728,1000.004065,1000.003393,1000.002728,1000.002075,1000.001437,1000.000813,1000.000205,999.999613,999.999039,999.998484,999.997950,999.997435,999.996939,999.996460,999.996000,999.995560,999.995139,999.994735,999.994349,999.993980,999.993630,999.993296,999.992980,999.992681,999.992400,999.992137,999.991894,999.991669,999.991463,999.991275,999.991104,999.990950,999.990814,999.990695,999.990595,999.990514,999.990449,999.990404,999.990376,999.990366,999.990375,999.990400,999.990444,999.990505,999.990584,999.990682,999.990798,999.990934,999.991089,999.991263,999.991455,999.991665,999.991893,999.992138,999.992401,999.992682,999.992980,999.993296,999.993630,999.993983,999.994355,999.994746,999.995154,999.995580,999.996023,999.996483,999.996961,999.997456,999.997969,999.998499,999.999049,999.999617,1000.000206,1000.000814,1000.001440,1000.002083,1000.002741,1000.003412,1000.004088,1000.004756,1000.005386,1000.005932,1000.006318,1000.006431,1000.006162,1000.005507,1000.004559,1000.003426,1000.002208,0.000000,0.000000
0.000000,0.000000,1000.002271,1000.003489,1000.004602,1000.005530,1000.006165,1000.006404,1000.006257,1000.005843,1000.005278,1000.004636,1000.003964,1000.003287,1000.002618,1000.001964,1000.001325,1000.000700,1000.000092,999.999500,999.998925,999.998370,999.997835,999.997319,999.996822,999.996343,999.995883,999.995442,999.995021,999.994617,999.994231,999.993863,999.993512,999.993179,999.992862,999.992563,999.992282,999.992020,999.991777,999.991552,999.991346,999.991157,999.990986,999.990832,999.990696,999.990578,999.990478,999.990397,999.990333,999.990287,999.990259,999.990250,999.990258,999.990284,999.990328,999.990389,999.990468,999.990566,999.990682,999.990817,999.990972,999.991145,999.991337,999.991547,999.991774,999.992019,999.992282,999.992563,999.992862,999.993178,999.993513,999.993866,999.994238,999.994629,999.995037,999.995462,999.995906,999.996367,999.996846,999.997342,999.997855,999.998386,999.998935,999.999504,1000.000094,1000.000702,1000.001328,1000.001970,1000.002629,1000.003303,1000.003984,1000.004660,1000.005302,1000.005868,1000.006280,1000.006426,1000.006191,1000.005561,1000.004631,1000.003508,1000.002272,0.000000,0.000000
0.000000,0.000000,1000.002315,1000.003541,1000.004649,1000.005564,1000.006180,1000.006398,1000.006231,1000.005798,1000.005217,1000.004564,1000.003883,1000.003200,1000.002528,1000.001872,1000.001231,1000.000606,999.999998,999.999405,999.998829,999.998272,999.997736,999.997220,999.996723,999.996244,999.995784,999.995343,999.994922,999.994518,999.994132,999.993763,999.993413,999.993079,999.992763,999.992465,999.992184,999.991921,999.991678,999.991453,999.991246,999.991057,999.990886,999.990732,999.990597,999.990479,999.990379,999.990298,999.990234,999.990188,999.990161,999.990151,999.990160,999.990186,999.990230,999.990291,999.990370,999.990468,999.990584,999.990719,999.990873,999.991046,999.991238,999.991447,999.991673,999.991918,999.992181,999.992463,999.992762,999.993079,999.993413,999.993767,999.994139,999.994530,999.994938,999.995363,999.995807,999.996269,999.996749,999.997246,999.997760,999.998291,999.998840,999.999410,1000.000000,1000.000608,1000.001233,1000.001875,1000.002535,1000.003212,1000.003899,1000.004583,1000.005238,1000.005820,1000.006254,1000.006422,1000.006207,1000.005593,1000.004672,1000.003550,1000.002300,0.000000,0.000000
0.000000,0.000000,1000.002336,1000.003569,1000.004677,1000.005584,1000.006188,1000.006392,1000.006211,1000.005764,1000.005171,1000.004508,1000.003820,1000.003132,1000.002457,1000.001798,1000.001156,1000.000531,999.999921,999.999328,999.998750,999.998192,999.997655,999.997138,999.996642,999.996163,999.995703,999.995263,999.994841,999.994437,999.994050,999.993682,999.993331,999.992998,999.992682,999.992384,999.992103,999.991840,999.991597,999.991371,999.991164,999.990975,999.990804,999.990650,999.990515,999.990398,999.990298,999.990217,999.990153,999.990108,999.990080,999.990071,999.990079,999.990106,999.990150,999.990211,999.990291,999.990388,999.990504,999.990639,999.990793,999.990966,999.991157,999.991365,999.991591,999.991836,999.992099,999.992380,999.992679,999.992996,999.993331,999.993685,999.994058,999.994449,999.994857,999.995282,999.995726,999.996189,999.996670,999.997168,999.997683,999.998214,999.998764,999.999333,999.999923,1000.000531,1000.001156,1000.001798,1000.002460,1000.003139,1000.003831,1000.004523,1000.005189,1000.005785,1000.006234,1000.006418,1000.006215,1000.005609,1000.004691,1000.003566,1000.002309,0.000000,0.000000
0.000000,0.000000,1000.002341,1000.003584,1000.004691,1000.005595,1000.006191,1000.006386,1000.006195,1000.005740,1000.005139,1000.004469,1000.003774,1000.003081,1000.002403,1000.001742,1000.001099,1000.000472,999.999862,999.999267,999.998689,999.998129,999.997591,999.997074,999.996577,999.996100,999.995641,999.995201,999.994779,999.994373,999.993987,999.993618,999.993268,999.992935,999.992619,999.992321,999.992041,999.991778,999.991533,999.991308,999.991100,999.990911,999.990740,999.990586,999.990451,999.990334,999.990235,999.990153,999.990090,999.990045,999.990018,999.990008,999.990017,999.990043,999.990087,999.990149,999.990229,999.990327,999.990443,999.990578,999.990731,999.990903,999.991094,999.991302,999.991528,999.991773,999.992036,999.992316,999.992615,999.992932,999.993267,999.993621,999.993995,999.994386,999.994795,999.995220,999.995664,999.996128,999.996609,999.997108,999.997624,999.998155,999.998705,999.999274,999.999863,1000.000471,1000.001096,1000.001739,1000.002402,1000.003083,1000.003780,1000.004478,1000.005153,1000.005759,1000.006219,1000.006412,1000.006216,1000.005613,1000.004696,1000.003573,1000.002310,0.000000,0.000000
0.000000,0.000000,1000.002330,1000.003594,1000.004701,1000.005601,1000.006192,1000.006381,1000.006184,1000.005723,1000.005117,1000.004442,1000.003744,1000.003047,1000.002365,1000.001702,1000.001058,1000.000430,999.999819,999.999224,999.998645,999.998085,999.997546,999.997028,999.996531,999.996054,999.995596,999.995156,999.994733,999.994328,999.993941,999.993572,999.993222,999.992890,999.992574,999.992277,999.991997,999.991734,999.991489,999.991262,999.991055,999.990865,999.990694,999.990540,999.990405,999.990288,999.990189,999.990108,999.990045,999.990000,999.989973,999.989964,999.989972,999.989999,999.990043,999.990104,999.990184,999.990283,999.990399,999.990534,999.990687,999.990859,999.991049,999.991257,999.991483,999.991728,999.991991,999.992271,999.992569,999.992885,999.993221,999.993575,999.993949,999.994341,999.994751,999.995177,999.995621,999.996085,999.996567,999.997066,999.997582,999.998114,999.998664,999.999232,999.999820,1000.000427,1000.001053,1000.001698,1000.002361,1000.003044,1000.003744,1000.004447,1000.005127,1000.005740,1000.006206,1000.006405,1000.006212,1000.005611,1000.004697,1000.003576,1000.002301,0.000000,0.000000
0.000000,0.000000,1000.002327,1000.003591,1000.004707,1000.005606,1000.006194,1000.006378,1000.006178,1000.005713,1000.005105,1000.004428,1000.003727,1000.003028,1000.002344,1000.001679,1000.001033,1000.000404,999.999793,999.999198,999.998619,999.998059,999.997519,999.997001,999.996503,999.996026,999.995568,999.995128,999.994705,999.994299,999.993912,999.993544,999.993194,999.992862,999.992547,999.992250,999.991970,999.991708,999.991463,999.991236,999.991028,999.990838,999.990667,999.990513,999.990378,999.990261,999.990162,999.990081,999.990018,999.989973,999.989946,999.989937,999.989945,999.989972,999.990016,999.990078,999.990158,999.990256,999.990373,999.990508,999.990662,999.990833,999.991023,999.991230,999.991456,999.991701,999.991964,999.992244,999.992542,999.992858,999.993193,999.993547,999.993921,999.994314,999.994724,999.995152,999.995597,999.996061,999.996543,999.997042,999.997558,999.998090,999.998639,999.999207,999.999795,1000.000402,1000.001028,1000.001673,1000.002337,1000.003022,1000.003723,1000.004429,1000.005112,1000.005727,1000.006195,1000.006395,1000.006205,1000.005606,1000.004694,1000.003568,1000.002304,0.000000,0.000000
0.000000,1000.001035,1000.002392,1000.003603,1000.004706,1000.005607,1000.006196,1000.006379,1000.006177,1000.005711,1000.005101,1000.004423,1000.003722,1000.003022,1000.002337,1000.001671,1000.001024,1000.000395,999.999783,999.999188,999.998610,999.998050,999.997511,999.996992,999.996494,999.996016,999.995558,999.995117,999.994694,999.994288,999.993901,999.993534,999.993184,999.992852,999.992538,999.992241,999.991962,999.991700,999.991456,999.991229,999.991021,999.990830,999.990658,999.990504,999.990369,999.990252,999.990153,999.990072,999.990009,999.989964,999.989937,999.989928,999.989936,999.989963,999.990007,999.990069,999.990150,999.990248,999.990365,999.990500,999.990654,999.990825,999.991015,999.991222,999.991447,999.991692,999.991955,999.992236,999.992534,999.992849,999.993184,999.993538,999.993911,999.994304,999.994715,999.995143,999.995590,999.996054,999.996537,999.997035,999.997550,999.998082,999.998632,999.999200,999.999787,1000.000394,1000.001019,1000.001664,1000.002329,1000.003015,1000.003717,1000.004422,1000.005106,1000.005720,1000.006188,1000.006388,1000.006197,1000.005597,1000.004685,1000.003577,1000.002372,1000.001034,0.000000
0.000000,0.000000,1000.002331,1000.003594,1000.004711,1000.005611,1000.006198,1000.006382,1000.006181,1000.005715,1000.005106,1000.004429,1000.003728,1000.003030,1000.002346,1000.001679,1000.001032,1000.000403,999.999791,999.999196,999.998618,999.998059,999.997520,999.997001,999.996503,999.996024,999.995565,999.995124,999.994701,999.994295,999.993909,999.993541,999.993191,999.992860,999.992546,999.992250,999.991971,999.991710,999.991466,999.991240,999.991031,999.990840,999.990668,999.990513,999.990378,999.990261,999.990162,999.990081,999.990018,999.989973,999.989946,999.989937,999.989945,999.989972,999.990016,999.990078,999.990159,999.990258,999.990375,999.990510,999.990664,999.990835,999.991024,999.991231,999.991456,999.991700,999.991964,999.992245,999.992543,999.992859,999.993193,999.993547,999.993920,999.994313,999.994723,999.995152,999.995600,999.996065,999.996547,999.997045,999.997560,999.998091,999.998642,999.999210,999.999797,1000.000403,1000.001028,1000.001672,1000.002337,1000.003023,1000.003724,1000.004428,1000.005109,1000.005720,1000.006185,1000.006382,1000.006190,1000.005592,1000.004683,1000.003564,1000.002311,0.000000,0.000000
0.000000,0.000000,1000.002338,1000.003601,1000.004709,1000.005610,1000.006200,1000.006387,1000.006189,1000.005727,1000.005120,1000.004445,1000.003747,1000.003051,1000.002369,1000.001704,1000.001057,1000.000428,999.999817,999.999221,999.998644,999.998086,999.997548,999.997029,999.996530,999.996050,999.995590,999.995148,999.994725,999.994320,999.993934,999.993566,999.993217,999.992886,999.992572,999.992276,999.991998,999.991738,999.991495,999.991268,999.991060,999.990869,999.990696,999.990541,999.990405,999.990288,999.990189,999.990108,999.990045,999.990000,999.989973,999.989964,999.989972,999.989999,999.990043,999.990106,999.990187,999.990286,999.990403,999.990538,999.990691,999.990863,999.991052,999.991258,999.991483,999.991727,999.991990,999.992272,999.992570,999.992887,999.993221,999.993575,999.993947,999.994339,999.994750,999.995179,999.995627,999.996092,999.996574,999.997072,999.997586,999.998118,999.998668,999.999238,999.999825,1000.000430,1000.001053,1000.001697,1000.002361,1000.003045,1000.003744,1000.004444,1000.005121,1000.005728,1000.006188,1000.006380,1000.006184,1000.005583,1000.004673,1000.003563,1000.002307,0.000000,0.000000
0.000000,0.000000,1000.002353,1000.003596,1000.004703,1000.005607,1000.006201,1000.006393,1000.006201,1000.005745,1000.005144,1000.004474,1000.003779,1000.003087,1000.002408,1000.001745,1000.001099,1000.000471,999.999860,999.999265,999.998688,999.998131,999.997593,999.997075,999.996575,999.996094,999.995633,999.995191,999.994768,999.994364,999.993978,999.993610,999.993261,999.992930,999.992617,999.992321,999.992043,999.991782,999.991540,999.991314,999.991106,999.990915,999.990742,999.990587,999.990451,999.990333,999.990234,999.990154,999.990091,999.990046,999.990019,999.990009,999.990018,999.990044,999.990088,999.990151,999.990232,999.990331,999.990448,999.990583,999.990737,999.990908,999.991097,999.991304,999.991528,999.991772,999.992035,999.992317,999.992615,999.992932,999.993267,999.993621,999.993993,999.994384,999.994794,999.995224,999.995671,999.996136,999.996618,999.997115,999.997629,999.998161,999.998712,999.999282,999.999869,1000.000474,1000.001096,1000.001738,1000.002400,1000.003082,1000.003777,1000.004472,1000.005143,1000.005742,1000.006195,1000.006380,1000.006179,1000.005574,1000.004660,1000.003548,1000.002308,0.000000,0.000000
0.000000,0.000000,1000.002352,1000.003585,1000.004691,1000.005597,1000.006198,1000.006399,1000.006217,1000.005772,1000.005179,1000.004515,1000.003826,1000.003138,1000.002462,1000.001802,1000.001158,1000.000531,999.999920,999.999326,999.998750,999.998194,999.997657,999.997138,999.996638,999.996157,999.995695,999.995253,999.994830,999.994426,999.994040,999.993672,999.993323,999.992992,999.992679,999.992383,999.992105,999.991845,999.991602,999.991377,999.991169,999.990978,999.990805,999.990651,999.990514,999.990397,999.990298,999.990217,999.990154,999.990110,999.990082,999.990073,999.990081,999.990107,999.990151,999.990214,999.990295,999.990394,999.990511,999.990646,999.990800,999.990971,999.991160,999.991367,999.991592,999.991836,999.992098,999.992380,999.992678,999.992995,999.993331,999.993685,999.994057,999.994447,999.994857,999.995286,999.995733,999.996198,999.996678,999.997175,999.997689,999.998221,999.998773,999.999343,999.999931,1000.000535,1000.001156,1000.001796,1000.002456,1000.003135,1000.003825,1000.004514,1000.005176,1000.005766,1000.006207,1000.006383,1000.006172,1000.005561,1000.004643,1000.003527,1000.002290,0.000000,0.000000
0.000000,0.000000,1000.002340,1000.003562,1000.004665,1000.005577,1000.006190,1000.006405,1000.006239,1000.005808,1000.005227,1000.004572,1000.003889,1000.003205,1000.002533,1000.001876,1000.001234,1000.000609,999.999998,999.999404,999.998829,999.998274,999.997738,999.997219,999.996719,999.996237,999.995775,999.995333,999.994910,999.994506,999.994120,999.993753,999.993403,999.993072,999.992759,999.992464,999.992185,999.991925,999.991682,999.991457,999.991249,999.991059,999.990887,999.990732,999.990596,999.990478,999.990379,999.990298,999.990236,999.990191,999.990164,999.990154,999.990162,999.990188,999.990233,999.990296,999.990377,999.990476,999.990593,999.990728,999.990881,999.991053,999.991242,999.991449,999.991674,999.991917,999.992180,999.992461,999.992759,999.993076,999.993412,999.993767,999.994139,999.994529,999.994939,999.995367,999.995813,999.996276,999.996756,999.997253,999.997767,999.998299,999.998850,999.999421,1000.000008,1000.000612,1000.001233,1000.001871,1000.002529,1000.003205,1000.003889,1000.004570,1000.005222,1000.005799,1000.006226,1000.006387,1000.006163,1000.005538,1000.004611,1000.003492,1000.002254,0.000000,0.000000
0.000000,0.000000,1000.002309,1000.003513,1000.004618,1000.005542,1000.006174,1000.006412,1000.006267,1000.005855,1000.005291,1000.004647,1000.003971,1000.003291,1000.002622,1000.001967,1000.001328,1000.000703,1000.000093,999.999499,999.998925,999.998371,999.997835,999.997317,999.996818,999.996336,999.995874,999.995431,999.995008,999.994604,999.994219,999.993852,999.993502,999.993171,999.992857,999.992561,999.992283,999.992023,999.991780,999.991555,999.991348,999.991158,999.990986,999.990832,999.990695,999.990578,999.990478,999.990397,999.990335,999.990290,999.990263,999.990253,999.990261,999.990288,999.990332,999.990395,999.990476,999.990576,999.990693,999.990828,999.990981,999.991152,999.991341,999.991548,999.991774,999.992017,999.992280,999.992560,999.992859,999.993176,999.993512,999.993867,999.994239,999.994629,999.995038,999.995465,999.995909,999.996371,999.996851,999.997348,999.997862,999.998394,999.998945,999.999515,1000.000103,1000.000707,1000.001327,1000.001965,1000.002622,1000.003293,1000.003972,1000.004644,1000.005284,1000.005845,1000.006253,1000.006392,1000.006146,1000.005501,1000.004558,1000.003431,1000.002198,0.000000,0.000000
0.000000,0.000000,1000.002243,1000.003426,1000.004541,1000.005485,1000.006146,1000.006418,1000.006306,1000.005919,1000.005373,1000.004741,1000.004072,1000.003396,1000.002729,1000.002076,1000.001438,1000.000814,1000.000205,999.999612,999.999038,999.998484,999.997949,999.997433,999.996934,999.996453,999.995992,999.995549,999.995126,999.994722,999.994337,999.993969,999.993619,999.993287,999.992973,999.992677,999.992398,999.992138,999.991895,999.991671,999.991464,999.991275,999.991103,999.990949,999.990813,999.990695,999.990595,999.990514,999.990451,999.990406,999.990379,999.990370,999.990378,999.990405,999.990450,999.990513,999.990595,999.990694,999.990811,999.990946,999.991098,999.991269,999.991459,999.991666,999.991892,999.992136,999.992398,999.992678,999.992977,999.993294,999.993630,999.993984,999.994357,999.994747,999.995155,999.995580,999.996023,999.996484,999.996964,999.997461,999.997975,999.998507,999.999058,999.999627,1000.000215,1000.000819,1000.001440,1000.002078,1000.002733,1000.003401,1000.004074,1000.004737,1000.005363,1000.005905,1000.006289,1000.006396,1000.006116,1000.005442,1000.004477,1000.003333,1000.002112,0.000000,0.000000
0.000000,0.000000,1000.002113,1000.003299,1000.004427,1000.005399,1000.006099,1000.006421,1000.006356,1000.006001,1000.005474,1000.004855,1000.004194,1000.003522,1000.002857,1000.002205,1000.001567,1000.000944,1000.000335,999.999743,999.999169,999.998615,999.998081,999.997566,999.997068,999.996589,999.996128,999.995686,999.995263,999.994859,999.994473,999.994105,999.993754,999.993422,999.993107,999.992810,999.992531,999.992270,999.992028,999.991804,999.991597,999.991409,999.991237,999.991084,999.990948,999.990830,999.990730,999.990648,999.990585,999.990540,999.990513,999.990504,999.990513,999.990540,999.990586,999.990649,999.990731,999.990830,999.990947,999.991081,999.991233,999.991404,999.991594,999.991803,999.992029,999.992272,999.992534,999.992814,999.993113,999.993430,999.993766,999.994120,999.994491,999.994881,999.995288,999.995713,999.996155,999.996616,999.997096,999.997593,999.998107,999.998638,999.999188,999.999757,1000.000345,1000.000950,1000.001572,1000.002210,1000.002862,1000.003526,1000.004194,1000.004849,1000.005462,1000.005984,1000.006335,1000.006396,1000.006067,1000.005355,1000.004360,1000.003196,1000.001967,0.000000,0.000000
0.000000,0.000000,1000.001843,1000.003136,1000.004285,1000.005283,1000.006027,1000.006414,1000.006411,1000.006099,1000.005595,1000.004989,1000.004336,1000.003668,1000.003005,1000.002353,1000.001715,1000.001092,1000.000484,999.999892,999.999319,999.998766,999.998232,999.997717,999.997221,999.996742,999.996282,999.995840,999.995417,999.995013,999.994627,999.994258,999.993907,999.993574,999.993258,999.992961,999.992682,999.992421,999.992179,999.991955,999.991748,999.991560,999.991390,999.991237,999.991101,999.990983,999.990883,999.990801,999.990738,999.990693,999.990666,999.990657,999.990666,999.990694,999.990740,999.990804,999.990885,999.990984,999.991100,999.991234,999.991387,999.991558,999.991748,999.991957,999.992183,999.992427,999.992688,999.992969,999.993267,999.993584,999.993919,999.994273,999.994644,999.995033,999.995439,999.995863,999.996305,999.996766,999.997246,999.997742,999.998256,999.998786,999.999336,999.999905,1000.000493,1000.001100,1000.001722,1000.002359,1000.003009,1000.003669,1000.004331,1000.004979,1000.005579,1000.006078,1000.006387,1000.006387,1000.005994,1000.005239,1000.004216,1000.003024,1000.001683,0.000000,0.000000
0.000000,0.000000,0.000000,1000.002968,1000.004110,1000.005131,1000.005926,1000.006390,1000.006463,1000.006202,1000.005727,1000.005139,1000.004495,1000.003833,1000.003172,1000.002520,1000.001882,1000.001259,1000.000651,1000.000061,999.999488,999.998935,999.998402,999.997888,999.997392,999.996914,999.996454,999.996013,999.995590,999.995185,999.994799,999.994430,999.994079,999.993745,999.993428,999.993130,999.992851,999.992590,999.992347,999.992123,999.991917,999.991729,999.991559,999.991406,999.991271,999.991154,999.991054,999.990972,999.990908,999.990863,999.990836,999.990828,999.990837,999.990866,999.990912,999.990976,999.991057,999.991156,999.991272,999.991406,999.991558,999.991730,999.991920,999.992129,999.992356,999.992599,999.992861,999.993140,999.993439,999.993755,999.994090,999.994443,999.994814,999.995202,999.995608,999.996032,999.996474,999.996935,999.997414,999.997910,999.998423,999.998953,999.999503,1000.000072,1000.000661,1000.001267,1000.001890,1000.002526,1000.003173,1000.003829,1000.004486,1000.005125,1000.005709,1000.006179,1000.006435,1000.006359,1000.005893,1000.005087,1000.004042,1000.002856,0.000000,0.000000,0.000000
0.000000,0.000000,0.000000,1000.002773,1000.003922,1000.004950,1000.005794,1000.006337,1000.006497,1000.006302,1000.005867,1000.005301,1000.004671,1000.004015,1000.003356,1000.002705,1000.002067,1000.001444,1000.000837,1000.000248,999.999676,999.999124,999.998591,999.998078,999.997582,999.997105,999.996645,999.996203,999.995780,999.995375,999.994988,999.994620,999.994268,999.993933,999.993617,999.993318,999.993038,999.992777,999.992534,999.992309,999.992103,999.991915,999.991745,999.991593,999.991459,999.991342,999.991242,999.991161,999.991097,999.991052,999.991025,999.991017,999.991027,999.991055,999.991102,999.991166,999.991247,999.991346,999.991462,999.991596,999.991749,999.991920,999.992110,999.992319,999.992546,999.992789,999.993051,999.993331,999.993629,999.993945,999.994279,999.994632,999.995002,999.995390,999.995795,999.996219,999.996660,999.997121,999.997600,999.998096,999.998609,999.999140,999.999689,1000.000259,1000.000847,1000.001453,1000.002074,1000.002709,1000.003354,1000.004007,1000.004659,1000.005286,1000.005847,1000.006277,1000.006468,1000.006306,1000.005760,1000.004909,1000.003862,1000.002682,0.000000,0.000000,0.000000
0.000000,0.000000,0.000000,1000.002518,1000.003665,1000.004730,1000.005630,1000.006254,1000.006507,1000.006392,1000.006010,1000.005474,1000.004861,1000.004214,1000.003558,1000.002908,1000.002270,1000.001648,1000.001042,1000.000453,999.999883,999.999331,999.998799,999.998287,999.997792,999.997314,999.996854,999.996412,999.995988,999.995582,999.995195,999.994826,999.994475,999.994140,999.993823,999.993524,999.993244,999.992983,999.992739,999.992515,999.992308,999.992120,999.991950,999.991798,999.991664,999.991548,999.991449,999.991368,999.991305,999.991260,999.991233,999.991224,999.991235,999.991263,999.991310,999.991374,999.991455,999.991554,999.991670,999.991804,999.991957,999.992128,999.992318,999.992527,999.992753,999.992997,999.993259,999.993539,999.993837,999.994152,999.994486,999.994838,999.995208,999.995595,999.996001,999.996425,999.996866,999.997327,999.997805,999.998301,999.998814,999.999346,999.999895,1000.000464,1000.001052,1000.001657,1000.002276,1000.002909,1000.003553,1000.004203,1000.004847,1000.005458,1000.005990,1000.006368,1000.006479,1000.006224,1000.005599,1000.004693,1000.003614,1000.002454,0.000000,0.000000,0.000000
0.000000,0.000000,0.000000,1000.002190,1000.003374,1000.004471,1000.005426,1000.006132,1000.006489,1000.006468,1000.006152,1000.005655,1000.005064,1000.004428,1000.003778,1000.003129,1000.002492,1000.001870,1000.001265,1000.000677,1000.000107,999.999556,999.999026,999.998514,999.998020,999.997542,999.997082,999.996639,999.996214,999.995808,999.995420,999.995051,999.994699,999.994365,999.994049,999.993750,999.993470,999.993208,999.992964,999.992739,999.992532,999.992344,999.992173,999.992021,999.991888,999.991772,999.991673,999.991593,999.991530,999.991485,999.991459,999.991451,999.991461,999.991489,999.991536,999.991599,999.991681,999.991779,999.991896,999.992030,999.992182,999.992354,999.992544,999.992752,999.992979,999.993223,999.993485,999.993765,999.994062,999.994378,999.994711,999.995063,999.995432,999.995819,999.996225,999.996650,999.997091,999.997551,999.998028,999.998524,999.999038,999.999570,1000.000121,1000.000689,1000.001275,1000.001879,1000.002497,1000.003128,1000.003770,1000.004416,1000.005050,1000.005640,1000.006134,1000.006446,1000.006464,1000.006106,1000.005399,1000.004440,1000.003331,1000.002145,0.000000,0.000000,0.000000
0.000000,0.000000,0.000000,1000.001778,1000.003054,1000.004179,1000.005180,1000.005963,1000.006430,1000.006521,1000.006288,1000.005841,1000.005278,1000.004658,1000.004014,1000.003368,1000.002732,1000.002111,1000.001507,1000.000919,1000.000349,999.999799,999.999269,999.998759,999.998266,999.997789,999.997329,999.996886,999.996460,999.996053,999.995664,999.995294,999.994943,999.994609,999.994293,999.993994,999.993714,999.993452,999.993208,999.992983,999.992776,999.992587,999.992416,999.992264,999.992130,999.992014,999.991916,999.991836,999.991774,999.991729,999.991703,999.991694,999.991705,999.991733,999.991779,999.991843,999.991924,999.992023,999.992139,999.992273,999.992426,999.992597,999.992787,999.992995,999.993222,999.993467,999.993729,999.994008,999.994305,999.994620,999.994953,999.995304,999.995674,999.996062,999.996468,999.996893,999.997334,999.997793,999.998270,999.998766,999.999281,999.999814,1000.000364,1000.000932,1000.001517,1000.002119,1000.002736,1000.003366,1000.004005,1000.004644,1000.005263,1000.005826,1000.006270,1000.006502,1000.006409,1000.005942,1000.005159,1000.004154,1000.003019,1000.001731,0.000000,0.000000,0.000000
0.000000,0.000000,0.000000,0.000000,1000.002685,1000.003841,1000.004889,1000.005748,1000.006322,1000.006538,1000.006407,1000.006026,1000.005501,1000.004901,1000.004267,1000.003625,1000.002991,1000.002371,1000.001767,1000.001179,1000.000609,1000.000059,999.999530,999.999021,999.998529,999.998053,999.997594,999.997151,999.996725,999.996317,999.995928,999.995558,999.995206,999.994872,999.994556,999.994258,999.993977,999.993715,999.993471,999.993245,999.993038,999.992848,999.992677,999.992525,999.992391,999.992275,999.992177,999.992097,999.992035,999.991990,999.991964,999.991956,999.991966,999.991994,999.992040,999.992104,999.992185,999.992284,999.992400,999.992535,999.992688,999.992859,999.993049,999.993257,999.993484,999.993728,999.993989,999.994268,999.994565,999.994880,999.995213,999.995564,999.995934,999.996323,999.996730,999.997154,999.997595,999.998053,999.998530,999.999026,999.999542,1000.000075,1000.000626,1000.001193,1000.001777,1000.002378,1000.002994,1000.003622,1000.004257,1000.004887,1000.005485,1000.006010,1000.006390,1000.006522,1000.006308,1000.005734,1000.004875,1000.003826,1000.002677,0.000000,0.000000,0.000000,0.000000
0.000000,0.000000,0.000000,0.000000,1000.002310,1000.003488,1000.004549,1000.005478,1000.006160,1000.006508,1000.006499,1000.006204,1000.005728,1000.005156,1000.004535,1000.003899,1000.003268,1000.002649,1000.002045,1000.001458,1000.000888,1000.000338,999.999808,999.999299,999.998808,999.998335,999.997877,999.997434,999.997008,999.996600,999.996211,999.995841,999.995489,999.995154,999.994838,999.994539,999.994259,999.993997,999.993752,999.993526,999.993318,999.993129,999.992958,999.992805,999.992671,999.992554,999.992456,999.992376,999.992314,999.992269,999.992243,999.992235,999.992245,999.992273,999.992319,999.992383,999.992464,999.992562,999.992679,999.992814,999.992967,999.993139,999.993329,999.993537,999.993763,999.994007,999.994268,999.994546,999.994843,999.995158,999.995491,999.995843,999.996213,999.996602,999.997009,999.997433,999.997874,999.998332,999.998808,999.999305,999.999820,1000.000354,1000.000905,1000.001472,1000.002056,1000.002657,1000.003271,1000.003896,1000.004525,1000.005141,1000.005712,1000.006187,1000.006483,1000.006496,1000.006153,1000.005475,1000.004547,1000.003488,1000.002321,0.000000,0.000000,0.000000,0.000000
0.000000,0.000000,0.000000,0.000000,1000.001854,1000.003092,1000.004175,1000.005156,1000.005936,1000.006419,1000.006550,1000.006361,1000.005952,1000.005416,1000.004816,1000.004190,1000.003563,1000.002945,1000.002342,1000.001756,1000.001186,1000.000635,1000.000105,999.999595,999.999105,999.998632,999.998176,999.997734,999.997309,999.996900,999.996512,999.996142,999.995790,999.995455,999.995138,999.994839,999.994559,999.994296,999.994052,999.993826,999.993617,999.993428,999.993256,999.993103,999.992969,999.992852,999.992753,999.992673,999.992611,999.992566,999.992540,999.992532,999.992543,999.992570,999.992616,999.992679,999.992760,999.992859,999.992976,999.993112,999.993265,999.993437,999.993627,999.993834,999.994060,999.994303,999.994564,999.994842,999.995139,999.995454,999.995788,999.996140,999.996511,999.996900,999.997307,999.997730,999.998171,999.998629,999.999106,999.999602,1000.000118,1000.000652,1000.001203,1000.001770,1000.002354,1000.002953,1000.003566,1000.004187,1000.004807,1000.005402,1000.005936,1000.006344,1000.006535,1000.006413,1000.005940,1000.005166,1000.004185,1000.003101,1000.001864,0.000000,0.000000,0.000000,0.000000
0.000000,0.000000,0.000000,0.000000,0.000000,1000.002619,1000.003760,1000.004780,1000.005649,1000.006260,1000.006541,1000.006483,1000.006161,1000.005675,1000.005104,1000.004495,1000.003875,1000.003260,1000.002659,1000.002073,1000.001504,1000.000953,1000.000421,999.999909,999.999418,999.998946,999.998492,999.998052,999.997627,999.997219,999.996830,999.996460,999.996108,999.995774,999.995456,999.995157,999.994877,999.994614,999.994370,999.994143,999.993935,999.993745,999.993573,999.993420,999.993285,999.993168,999.993069,999.992988,999.992926,999.992882,999.992857,999.992849,999.992859,999.992886,999.992931,999.992994,999.993075,999.993175,999.993292,999.993428,999.993581,999.993753,999.993942,999.994149,999.994374,999.994617,999.994878,999.995157,999.995454,999.995769,999.996104,999.996456,999.996828,999.997217,999.997623,999.998046,999.998486,999.998945,999.999423,999.999918,1000.000433,1000.000967,1000.001519,1000.002086,1000.002670,1000.003268,1000.003877,1000.004492,1000.005097,1000.005664,1000.006147,1000.006468,1000.006531,1000.006262,1000.005664,1000.004800,1000.003781,1000.002643,0.000000,0.000000,0.000000,0.000000,0.000000
0.000000,0.000000,0.000000,0.000000,0.000000,1000.002103,1000.003322,1000.004365,1000.005300,1000.006027,1000.006460,1000.006553,1000.006342,1000.005925,1000.005394,1000.004808,1000.004200,1000.003591,1000.002993,1000.002409,1000.001841,1000.001290,1000.000757,1000.000243,999.999750,999.999278,999.998824,999.998386,999.997962,999.997555,999.997165,999.996795,999.996443,999.996109,999.995791,999.995493,999.995212,999.994950,999.994706,999.994479,999.994270,999.994080,999.993908,999.993755,999.993619,999.993503,999.993404,999.993323,999.993260,999.993217,999.993192,999.993184,999.993194,999.993221,999.993266,999.993328,999.993409,999.993508,999.993626,999.993761,999.993914,999.994085,999.994274,999.994481,999.994706,999.994949,999.995210,999.995489,999.995787,999.996103,999.996439,999.996792,999.997163,999.997551,999.997956,999.998379,999.998820,999.999280,999.999757,1000.000253,1000.000767,1000.001301,1000.001852,1000.002419,1000.003003,1000.003599,1000.004203,1000.004807,1000.005390,1000.005918,1000.006331,1000.006541,1000.006455,1000.006036,1000.005322,1000.004394,1000.003352,1000.002124,0.000000,0.000000,0.000000,0.000000,0.000000
0.000000,0.000000,0.000000,0.000000,0.000000,0.000000,1000.002785,1000.003904,1000.004892,1000.005724,1000.006299,1000.006552,1000.006479,1000.006155,1000.005678,1000.005124,1000.004536,1000.003937,1000.003344,1000.002763,1000.002196,1000.001645,1000.001112,1000.000597,1000.000102,999.999628,999.999174,999.998737,999.998315,999.997908,999.997519,999.997148,999.996796,999.996461,999.996143,999.995845,999.995565,999.995303,999.995059,999.994832,999.994624,999.994433,999.994262,999.994108,999.993973,999.993856,999.993757,999.993676,999.993613,999.993569,999.993544,999.993537,999.993547,999.993575,999.993619,999.993681,999.993761,999.993860,999.993977,999.994111,999.994264,999.994435,999.994624,999.994831,999.995056,999.995299,999.995560,999.995840,999.996138,999.996456,999.996791,999.997145,999.997516,999.997903,999.998308,999.998730,999.999172,999.999632,1000.000110,1000.000605,1000.001119,1000.001652,1000.002203,1000.002771,1000.003354,1000.003946,1000.004542,1000.005127,1000.005678,1000.006151,1000.006470,1000.006543,1000.006298,1000.005737,1000.004917,1000.003938,1000.002831,0.000000,0.000000,0.000000,0.000000,0.000000,0.000000
0.000000,0.000000,0.000000,0.000000,0.000000,0.000000,1000.002207,1000.003417,1000.004439,1000.005348,1000.006052,1000.006466,1000.006553,1000.006349,1000.005949,1000.005440,1000.004879,1000.004295,1000.003710,1000.003133,1000.002568,1000.002019,1000.001485,1000.000970,1000.000474,999.999998,999.999542,999.999104,999.998684,999.998279,999.997890,999.997520,999.997166,999.996831,999.996513,999.996214,999.995934,999.995673,999.995430,999.995204,999.994996,999.994806,999.994634,999.994480,999.994344,999.994227,999.994128,999.994047,999.993984,999.993940,999.993914,999.993907,999.993918,999.993945,999.993989,999.994051,999.994132,999.994230,999.994346,999.994480,999.994631,999.994802,999.994991,999.995199,999.995425,999.995668,999.995929,999.996209,999.996508,999.996826,999.997162,999.997515,999.997886,999.998273,999.998677,999.999100,999.999542,1000.000002,1000.000480,1000.000975,1000.001490,1000.002023,1000.002574,1000.003141,1000.003721,1000.004307,1000.004888,1000.005446,1000.005950,1000.006346,1000.006546,1000.006460,1000.006052,1000.005362,1000.004467,1000.003459,1000.002265,0.000000,0.000000,0.000000,0.000000,0.000000,0.000000
0.000000,0.000000,0.000000,0.000000,0.000000,0.000000,0.000000,1000.002831,1000.003934,1000.004905,1000.005721,1000.006286,1000.006543,1000.006488,1000.006192,1000.005747,1000.005224,1000.004664,1000.004090,1000.003518,1000.002957,1000.002409,1000.001876,1000.001361,1000.000864,1000.000386,999.999928,999.999490,999.999069,999.998666,999.998279,999.997909,999.997555,999.997219,999.996901,999.996602,999.996322,999.996061,999.995818,999.995593,999.995385,999.995195,999.995024,999.994870,999.994734,999.994616,999.994517,999.994436,999.994373,999.994329,999.994303,999.994295,999.994305,999.994332,999.994376,999.994439,999.994520,999.994618,999.994733,999.994866,999.995018,999.995189,999.995378,999.995587,999.995813,999.996056,999.996317,999.996597,999.996896,999.997214,999.997550,999.997903,999.998274,999.998661,999.999065,999.999488,999.999930,1000.000390,1000.000868,1000.001364,1000.001879,1000.002412,1000.002962,1000.003528,1000.004103,1000.004678,1000.005236,1000.005754,1000.006193,1000.006485,1000.006537,1000.006281,1000.005723,1000.004919,1000.003966,1000.002886,0.000000,0.000000,0.000000,0.000000,0.000000,0.000000,0.000000
0.000000,0.000000,0.000000,0.000000,0.000000,0.000000,0.000000,1000.002200,1000.003401,1000.004409,1000.005306,1000.006006,1000.006433,1000.006549,1000.006388,1000.006035,1000.005566,1000.005038,1000.004482,1000.003919,1000.003361,1000.002815,1000.002284,1000.001769,1000.001272,1000.000793,1000.000333,999.999894,999.999473,999.999071,999.998685,999.998316,999.997963,999.997626,999.997307,999.997008,999.996727,999.996466,999.996224,999.995999,999.995792,999.995602,999.995430,999.995276,999.995140,999.995022,999.994923,999.994842,999.994780,999.994735,999.994709,999.994700,999.994709,999.994736,999.994780,999.994844,999.994925,999.995023,999.995138,999.995271,999.995423,999.995594,999.995784,999.995993,999.996219,999.996462,999.996723,999.997003,999.997302,999.997620,999.997956,999.998309,999.998679,999.999066,999.999471,999.999894,1000.000336,1000.000797,1000.001275,1000.001772,1000.002288,1000.002821,1000.003368,1000.003930,1000.004496,1000.005053,1000.005578,1000.006042,1000.006390,1000.006547,1000.006428,1000.006003,1000.005309,1000.004428,1000.003441,1000.002270,0.000000,0.000000,0.000000,0.000000,0.000000,0.000000,0.000000
0.000000,0.000000,0.000000,0.000000,0.000000,0.000000,0.000000,0.000000,1000.002770,1000.003858,1000.004814,1000.005629,1000.006212,1000.006509,1000.006515,1000.006285,1000.005895,1000.005411,1000.004881,1000.004332,1000.003781,1000.003238,1000.002709,1000.002194,1000.001697,1000.001218,1000.000758,1000.000317,999.999896,999.999494,999.999110,999.998741,999.998388,999.998052,999.997733,999.997433,999.997152,999.996890,999.996648,999.996423,999.996216,999.996026,999.995854,999.995700,999.995563,999.995445,999.995346,999.995266,999.995204,999.995160,999.995134,999.995124,999.995132,999.995158,999.995202,999.995266,999.995347,999.995445,999.995561,999.995695,999.995847,999.996018,999.996208,999.996417,999.996643,999.996886,999.997147,999.997426,999.997724,999.998042,999.998378,999.998732,999.999101,999.999489,999.999895,1000.000319,1000.000762,1000.001222,1000.001702,1000.002200,1000.002715,1000.003246,1000.003789,1000.004343,1000.004894,1000.005424,1000.005906,1000.006292,1000.006517,1000.006507,1000.006208,1000.005626,1000.004819,1000.003880,1000.002818,0.000000,0.000000,0.000000,0.000000,0.000000,0.000000,0.000000,0.000000
0.000000,0.000000,0.000000,0.000000,0.000000,0.000000,0.000000,0.000000,1000.002090,1000.003272,1000.004265,1000.005154,1000.005872,1000.006345,1000.006540,1000.006469,1000.006189,1000.005771,1000.005278,1000.004753,1000.004214,1000.003678,1000.003151,1000.002638,1000.002141,1000.001662,1000.001202,1000.000760,1000.000338,999.999935,999.999551,999.999183,999.998831,999.998494,999.998175,999.997875,999.997594,999.997332,999.997090,999.996865,999.996657,999.996467,999.996295,999.996141,999.996005,999.995887,999.995788,999.995708,999.995647,999.995603,999.995576,999.995566,999.995573,999.995598,999.995643,999.995705,999.995786,999.995885,999.996001,999.996135,999.996288,999.996459,999.996649,999.996858,999.997084,999.997327,999.997587,999.997866,999.998164,999.998482,999.998819,999.999172,999.999542,999.999930,1000.000337,1000.000762,1000.001205,1000.001667,1000.002147,1000.002645,1000.003158,1000.003685,1000.004222,1000.004762,1000.005289,1000.005781,1000.006197,1000.006474,1000.006542,1000.006343,1000.005868,1000.005152,1000.004273,1000.003301,1000.002154,0.000000,0.000000,0.000000,0.000000,0.000000,0.000000,0.000000,0.000000
0.000000,0.000000,0.000000,0.000000,0.000000,0.000000,0.000000,0.000000,0.000000,1000.002573,1000.003648,1000.004592,1000.005418,1000.006045,1000.006429,1000.006546,1000.006413,1000.006094,1000.005661,1000.005171,1000.004655,1000.004131,1000.003610,1000.003100,1000.002604,1000.002125,1000.001665,1000.001222,1000.000799,1000.000395,1000.000010,999.999642,999.999289,999.998953,999.998634,999.998335,999.998054,999.997792,999.997549,999.997323,999.997116,999.996926,999.996754,999.996601,999.996465,999.996348,999.996250,999.996170,999.996108,999.996064,999.996036,999.996025,999.996032,999.996057,999.996101,999.996163,999.996243,999.996342,999.996458,999.996592,999.996745,999.996917,999.997107,999.997316,999.997542,999.997785,999.998045,999.998324,999.998623,999.998941,999.999277,999.999630,1000.000001,1000.000390,1000.000798,1000.001224,1000.001668,1000.002130,1000.002610,1000.003106,1000.003616,1000.004137,1000.004662,1000.005178,1000.005669,1000.006101,1000.006419,1000.006551,1000.006432,1000.006045,1000.005417,1000.004594,1000.003663,1000.002612,0.000000,0.000000,0.000000,0.000000,0.000000,0.000000,0.000000,0.000000,0.000000
0.000000,0.000000,0.000000,0.000000,0.000000,0.000000,0.000000,0.000000,0.000000,1000.001827,1000.002987,1000.003981,1000.004857,1000.005613,1000.006168,1000.006482,1000.006531,1000.006349,1000.006009,1000.005574,1000.005094,1000.004591,1000.004082,1000.003577,1000.003084,1000.002606,1000.002144,1000.001701,1000.001277,1000.000872,1000.000485,1000.000116,999.999764,999.999428,999.999110,999.998812,999.998531,999.998269,999.998024,999.997798,999.997590,999.997401,999.997230,999.997078,999.996944,999.996828,999.996730,999.996650,999.996587,999.996542,999.996513,999.996502,999.996509,999.996534,999.996577,999.996639,999.996720,999.996818,999.996934,999.997068,999.997221,999.997393,999.997583,999.997793,999.998019,999.998262,999.998522,999.998801,999.999100,999.999417,999.999753,1000.000106,1000.000478,1000.000868,1000.001277,1000.001704,1000.002149,1000.002611,1000.003090,1000.003583,1000.004088,1000.004598,1000.005100,1000.005581,1000.006014,1000.006354,1000.006536,1000.006489,1000.006175,1000.005618,1000.004861,1000.003987,1000.003008,1000.001880,0.000000,0.000000,0.000000,0.000000,0.000000,0.000000,0.000000,0.000000,0.000000
0.000000,0.000000,0.000000,0.000000,0.000000,0.000000,0.000000,0.000000,0.000000,0.000000,1000.002191,1000.003305,1000.004233,1000.005070,1000.005767,1000.006261,1000.006510,1000.006505,1000.006296,1000.005948,1000.005519,1000.005049,1000.004560,1000.004067,1000.003578,1000.003102,1000.002641,1000.002197,1000.001773,1000.001367,1000.000979,1000.000610,1000.000257,999.999921,999.999603,999.999305,999.999025,999.998762,999.998517,999.998291,999.998082,999.997893,999.997723,999.997572,999.997439,999.997324,999.997227,999.997146,999.997083,999.997038,999.997009,999.996998,999.997005,999.997031,999.997075,999.997137,999.997217,999.997315,999.997430,999.997564,999.997716,999.997888,999.998079,999.998288,999.998514,999.998757,999.999017,999.999296,999.999594,999.999911,1000.000247,1000.000601,1000.000974,1000.001365,1000.001775,1000.002202,1000.002647,1000.003109,1000.003585,1000.004074,1000.004568,1000.005058,1000.005527,1000.005954,1000.006300,1000.006510,1000.006518,1000.006273,1000.005779,1000.005079,1000.004239,1000.003314,1000.002213,0.000000,0.000000,0.000000,0.000000,0.000000,0.000000,0.000000,0.000000,0.000000,0.000000
0.000000,0.000000,0.000000,0.000000,0.000000,0.000000,0.000000,0.000000,0.000000,0.000000,0.000000,1000.002511,1000.003535,1000.004434,1000.005240,1000.005888,1000.006326,1000.006522,1000.006484,1000.006261,1000.005913,1000.005492,1000.005035,1000.004561,1000.004083,1000.003611,1000.003153,1000.002710,1000.002286,1000.001880,1000.001492,1000.001122,1000.000768,1000.000431,1000.000113,999.999814,999.999535,999.999273,999.999028,999.998802,999.998594,999.998406,999.998236,999.998086,999.997953,999.997838,999.997741,999.997660,999.997598,999.997552,999.997525,999.997514,999.997522,999.997548,999.997592,999.997654,999.997734,999.997832,999.997947,999.998080,999.998232,999.998404,999.998595,999.998803,999.999029,999.999271,999.999531,999.999809,1000.000106,1000.000423,1000.000759,1000.001114,1000.001488,1000.001879,1000.002289,1000.002716,1000.003160,1000.003619,1000.004091,1000.004571,1000.005046,1000.005504,1000.005923,1000.006268,1000.006489,1000.006529,1000.006339,1000.005907,1000.005258,1000.004447,1000.003544,1000.002520,0.000000,0.000000,0.000000,0.000000,0.000000,0.000000,0.000000,0.000000,0.000000,0.000000,0.000000
0.000000,0.000000,0.000000,0.000000,0.000000,0.000000,0.000000,0.000000,0.000000,0.000000,0.000000,1000.001681,1000.002789,1000.003744,1000.004600,1000.005365,1000.005968,1000.006363,1000.006526,1000.006471,1000.006245,1000.005902,1000.005492,1000.005050,1000.004593,1000.004132,1000.003679,1000.003239,1000.002817,1000.002412,1000.002024,1000.001652,1000.001298,1000.000960,1000.000641,1000.000341,1000.000061,999.999800,999.999557,999.999332,999.999125,999.998938,999.998769,999.998619,999.998487,999.998371,999.998273,999.998193,999.998131,999.998087,999.998060,999.998051,999.998059,999.998085,999.998129,999.998191,999.998270,999.998367,999.998482,999.998615,999.998768,999.998939,999.999129,999.999337,999.999561,999.999803,1000.000061,1000.000339,1000.000636,1000.000952,1000.001289,1000.001644,1000.002018,1000.002410,1000.002819,1000.003245,1000.003686,1000.004141,1000.004603,1000.005062,1000.005506,1000.005915,1000.006255,1000.006478,1000.006534,1000.006375,1000.005989,1000.005389,1000.004621,1000.003759,1000.002799,1000.001686,0.000000,0.000000,0.000000,0.000000,0.000000,0.000000,0.000000,0.000000,0.000000,0.000000,0.000000
0.000000,0.000000,0.000000,0.000000,0.000000,0.000000,0.000000,0.000000,0.000000,0.000000,0.000000,0.000000,1000.001910,1000.002986,1000.003903,1000.004719,1000.005446,1000.006014,1000.006381,1000.006527,1000.006465,1000.006243,1000.005912,1000.005519,1000.005096,1000.004657,1000.004216,1000.003783,1000.003364,1000.002961,1000.002573,1000.002202,1000.001847,1000.001509,1000.001189,1000.000888,1000.000608,1000.000347,1000.000105,999.999881,999.999675,999.999488,999.999321,999.999171,999.999038,999.998923,999.998825,999.998745,999.998684,999.998641,999.998616,999.998607,999.998615,999.998640,999.998684,999.998744,999.998823,999.998919,999.999034,999.999167,999.999320,999.999491,999.999680,999.999887,1000.000111,1000.000351,1000.000609,1000.000886,1000.001184,1000.001501,1000.001838,1000.002194,1000.002567,1000.002958,1000.003365,1000.003788,1000.004223,1000.004667,1000.005107,1000.005533,1000.005927,1000.006257,1000.006476,1000.006535,1000.006391,1000.006032,1000.005471,1000.004746,1000.003924,1000.003001,1000.001918,0.000000,0.000000,0.000000,0.000000,0.000000,0.000000,0.000000,0.000000,0.000000,0.000000,0.000000,0.000000
0.000000,0.000000,0.000000,0.000000,0.000000,0.000000,0.000000,0.000000,0.000000,0.000000,0.000000,0.000000,0.000000,1000.002099,1000.003129,1000.004006,1000.004790,1000.005489,1000.006034,1000.006385,1000.006524,1000.006466,1000.006256,1000.005945,1000.005575,1000.005173,1000.004757,1000.004337,1000.003925,1000.003525,1000.003141,1000.002771,1000.002417,1000.002078,1000.001758,1000.001457,1000.001176,1000.000915,1000.000672,1000.000448,1000.000243,1000.000057,999.999889,999.999740,999.999608,999.999493,999.999395,999.999316,999.999256,999.999214,999.999189,999.999182,999.999190,999.999215,999.999257,999.999316,999.999393,999.999489,999.999603,999.999736,999.999888,1000.000058,1000.000247,1000.000453,1000.000676,1000.000915,1000.001174,1000.001452,1000.001751,1000.002069,1000.002407,1000.002762,1000.003134,1000.003522,1000.003924,1000.004341,1000.004764,1000.005184,1000.005589,1000.005962,1000.006274,1000.006482,1000.006536,1000.006396,1000.006049,1000.005512,1000.004819,1000.004034,1000.003150,1000.002112,0.000000,0.000000,0.000000,0.000000,0.000000,0.000000,0.000000,0.000000,0.000000,0.000000,0.000000,0.000000,0.000000
0.000000,0.000000,0.000000,0.000000,0.000000,0.000000,0.000000,0.000000,0.000000,0.000000,0.000000,0.000000,0.000000,0.000000,1000.002224,1000.003212,1000.004060,1000.004821,1000.005500,1000.006031,1000.006374,1000.006516,1000.006473,1000.006287,1000.006005,1000.005662,1000.005284,1000.004890,1000.004494,1000.004102,1000.003722,1000.003356,1000.003004,1000.002667,1000.002347,1000.002045,1000.001763,1000.001502,1000.001259,1000.001035,1000.000830,1000.000643,1000.000476,1000.000327,1000.000195,1000.000081,999.999984,999.999906,999.999847,999.999805,999.999782,999.999774,999.999783,999.999808,999.999849,999.999907,999.999982,1000.000076,1000.000189,1000.000322,1000.000473,1000.000643,1000.000831,1000.001036,1000.001258,1000.001498,1000.001758,1000.002039,1000.002339,1000.002658,1000.002995,1000.003348,1000.003715,1000.004097,1000.004491,1000.004892,1000.005292,1000.005675,1000.006023,1000.006309,1000.006495,1000.006536,1000.006390,1000.006046,1000.005520,1000.004847,1000.004089,1000.003239,1000.002243,0.000000,0.000000,0.000000,0.000000,0.000000,0.000000,0.000000,0.000000,0.000000,0.000000,0.000000,0.000000,0.000000,0.000000
0.000000,0.000000,0.000000,0.000000,0.000000,0.000000,0.000000,0.000000,0.000000,0.000000,0.000000,0.000000,0.000000,0.000000,0.000000,1000.002277,1000.003242,1000.004071,1000.004816,1000.005482,1000.006003,1000.006347,1000.006504,1000.006489,1000.006339,1000.006090,1000.005775,1000.005422,1000.005053,1000.004681,1000.004313,1000.003953,1000.003606,1000.003272,1000.002953,1000.002652,1000.002369,1000.002107,1000.001864,1000.001640,1000.001435,1000.001248,1000.001081,1000.000932,1000.000801,1000.000688,1000.000593,1000.000516,1000.000457,1000.000416,1000.000393,1000.000386,1000.000395,1000.000419,1000.000459,1000.000516,1000.000591,1000.000683,1000.000795,1000.000926,1000.001076,1000.001245,1000.001431,1000.001636,1000.001858,1000.002100,1000.002362,1000.002645,1000.002946,1000.003264,1000.003598,1000.003945,1000.004304,1000.004674,1000.005049,1000.005424,1000.005786,1000.006109,1000.006363,1000.006517,1000.006532,1000.006372,1000.006024,1000.005501,1000.004840,1000.004100,1000.003272,1000.002302,0.000000,0.000000,0.000000,0.000000,0.000000,0.000000,0.000000,0.000000,0.000000,0.000000,0.000000,0.000000,0.000000,0.000000,0.000000
0.000000,0.000000,0.000000,0.000000,0.000000,0.000000,0.000000,0.000000,0.000000,0.000000,0.000000,0.000000,0.000000,0.000000,0.000000,0.000000,1000.002279,1000.003232,1000.004046,1000.004777,1000.005430,1000.005948,1000.006302,1000.006486,1000.006512,1000.006402,1000.006188,1000.005903,1000.005580,1000.005242,1000.004897,1000.004553,1000.004215,1000.003888,1000.003573,1000.003273,1000.002992,1000.002729,1000.002486,1000.002263,1000.002058,1000.001871,1000.001704,1000.001555,1000.001426,1000.001314,1000.001220,1000.001144,1000.001085,1000.001045,1000.001022,1000.001015,1000.001024,1000.001049,1000.001089,1000.001145,1000.001218,1000.001310,1000.001420,1000.001549,1000.001697,1000.001864,1000.002050,1000.002254,1000.002477,1000.002720,1000.002983,1000.003265,1000.003566,1000.003881,1000.004209,1000.004547,1000.004890,1000.005236,1000.005579,1000.005910,1000.006204,1000.006427,1000.006543,1000.006521,1000.006336,1000.005979,1000.005456,1000.004801,1000.004074,1000.003262,1000.002306,0.000000,0.000000,0.000000,0.000000,0.000000,0.000000,0.000000,0.000000,0.000000,0.000000,0.000000,0.000000,0.000000,0.000000,0.000000,0.000000
0.000000,0.000000,0.000000,0.000000,0.000000,0.000000,0.000000,0.000000,0.000000,0.000000,0.000000,0.000000,0.000000,0.000000,0.000000,0.000000,0.000000,1000.002249,1000.003188,1000.003986,1000.004699,1000.005341,1000.005860,1000.006231,1000.006454,1000.006525,1000.006458,1000.006284,1000.006042,1000.005759,1000.005455,1000.005139,1000.004821,1000.004507,1000.004201,1000.003906,1000.003628,1000.003367,1000.003125,1000.002902,1000.002697,1000.002511,1000.002344,1000.002196,1000.002068,1000.001958,1000.001865,1000.001790,1000.001733,1000.001693,1000.001670,1000.001663,1000.001672,1000.001697,1000.001737,1000.001793,1000.001865,1000.001955,1000.002063,1000.002190,1000.002336,1000.002501,1000.002686,1000.002890,1000.003113,1000.003355,1000.003617,1000.003897,1000.004193,1000.004502,1000.004818,1000.005137,1000.005453,1000.005760,1000.006049,1000.006300,1000.006482,1000.006558,1000.006493,1000.006273,1000.005900,1000.005376,1000.004728,1000.004012,1000.003214,1000.002278,0.000000,0.000000,0.000000,0.000000,0.000000,0.000000,0.000000,0.000000,0.000000,0.000000,0.000000,0.000000,0.000000,0.000000,0.000000,0.000000,0.000000
0.000000,0.000000,0.000000,0.000000,0.000000,0.000000,0.000000,0.000000,0.000000,0.000000,0.000000,0.000000,0.000000,0.000000,0.000000,0.000000,0.000000,0.000000,1000.002188,1000.003105,1000.003882,1000.004576,1000.005210,1000.005733,1000.006134,1000.006399,1000.006519,1000.006503,1000.006384,1000.006194,1000.005956,1000.005688,1000.005404,1000.005113,1000.004824,1000.004542,1000.004271,1000.004016,1000.003777,1000.003557,1000.003353,1000.003168,1000.003001,1000.002854,1000.002727,1000.002619,1000.002528,1000.002455,1000.002399,1000.002360,1000.002337,1000.002331,1000.002340,1000.002364,1000.002403,1000.002457,1000.002528,1000.002616,1000.002722,1000.002846,1000.002990,1000.003155,1000.003338,1000.003541,1000.003763,1000.004002,1000.004260,1000.004533,1000.004818,1000.005112,1000.005406,1000.005693,1000.005964,1000.006207,1000.006403,1000.006529,1000.006553,1000.006441,1000.006180,1000.005780,1000.005254,1000.004612,1000.003909,1000.003127,1000.002208,0.000000,0.000000,0.000000,0.000000,0.000000,0.000000,0.000000,0.000000,0.000000,0.000000,0.000000,0.000000,0.000000,0.000000,0.000000,0.000000,0.000000,0.000000
0.000000,0.000000,0.000000,0.000000,0.000000,0.000000,0.000000,0.000000,0.000000,0.000000,0.000000,0.000000,0.000000,0.000000,0.000000,0.000000,0.000000,0.000000,0.000000,1000.002077,1000.002969,1000.003723,1000.004404,1000.005034,1000.005574,1000.006007,1000.006314,1000.006486,1000.006534,1000.006480,1000.006347,1000.006157,1000.005929,1000.005679,1000.005420,1000.005160,1000.004906,1000.004662,1000.004432,1000.004218,1000.004019,1000.003837,1000.003672,1000.003527,1000.003401,1000.003295,1000.003207,1000.003136,1000.003082,1000.003045,1000.003024,1000.003019,1000.003028,1000.003050,1000.003086,1000.003137,1000.003204,1000.003289,1000.003392,1000.003514,1000.003657,1000.003819,1000.004001,1000.004200,1000.004417,1000.004650,1000.004897,1000.005155,1000.005420,1000.005685,1000.005940,1000.006172,1000.006365,1000.006503,1000.006564,1000.006523,1000.006359,1000.006060,1000.005629,1000.005087,1000.004453,1000.003762,1000.002996,1000.002090,0.000000,0.000000,0.000000,0.000000,0.000000,0.000000,0.000000,0.000000,0.000000,0.000000,0.000000,0.000000,0.000000,0.000000,0.000000,0.000000,0.000000,0.000000,0.000000
0.000000,0.000000,0.000000,0.000000,0.000000,0.000000,0.000000,0.000000,0.000000,0.000000,0.000000,0.000000,0.000000,0.000000,0.000000,0.000000,0.000000,0.000000,0.000000,0.000000,1000.001903,1000.002773,1000.003507,1000.004195,1000.004814,1000.005374,1000.005833,1000.006181,1000.006411,1000.006529,1000.006545,1000.006475,1000.006341,1000.006161,1000.005954,1000.005732,1000.005507,1000.005286,1000.005073,1000.004871,1000.004682,1000.004507,1000.004347,1000.004205,1000.004081,1000.003978,1000.003894,1000.003828,1000.003779,1000.003745,1000.003726,1000.003722,1000.003730,1000.003749,1000.003781,1000.003827,1000.003890,1000.003969,1000.004068,1000.004187,1000.004327,1000.004486,1000.004662,1000.004854,1000.005059,1000.005276,1000.005502,1000.005733,1000.005961,1000.006175,1000.006359,1000.006496,1000.006568,1000.006558,1000.006447,1000.006227,1000.005889,1000.005438,1000.004882,1000.004262,1000.003566,1000.002818,1000.001933,0.000000,0.000000,0.000000,0.000000,0.000000,0.000000,0.000000,0.000000,0.000000,0.000000,0.000000,0.000000,0.000000,0.000000,0.000000,0.000000,0.000000,0.000000,0.000000,0.000000
0.000000,0.000000,0.000000,0.000000,0.000000,0.000000,0.000000,0.000000,0.000000,0.000000,0.000000,0.000000,0.000000,0.000000,0.000000,0.000000,0.000000,0.000000,0.000000,0.000000,0.000000,1000.001675,1000.002491,1000.003268,1000.003936,1000.004546,1000.005110,1000.005594,1000.005981,1000.006270,1000.006456,1000.006546,1000.006550,1000.006482,1000.006363,1000.006208,1000.006033,1000.005851,1000.005668,1000.005489,1000.005319,1000.005157,1000.005006,1000.004870,1000.004753,1000.004655,1000.004578,1000.004519,1000.004476,1000.004447,1000.004432,1000.004428,1000.004434,1000.004451,1000.004478,1000.004518,1000.004573,1000.004646,1000.004739,1000.004852,1000.004985,1000.005136,1000.005299,1000.005474,1000.005657,1000.005845,1000.006033,1000.006215,1000.006376,1000.006502,1000.006572,1000.006569,1000.006481,1000.006300,1000.006021,1000.005647,1000.005178,1000.004626,1000.004026,1000.003359,1000.002559,1000.001731,0.000000,0.000000,0.000000,0.000000,0.000000,0.000000,0.000000,0.000000,0.000000,0.000000,0.000000,0.000000,0.000000,0.000000,0.000000,0.000000,0.000000,0.000000,0.000000,0.000000,0.000000
0.000000,0.000000,0.000000,0.000000,0.000000,0.000000,0.000000,0.000000,0.000000,0.000000,0.000000,0.000000,0.000000,0.000000,0.000000,0.000000,0.000000,0.000000,0.000000,0.000000,0.000000,0.000000,0.000000,1000.002163,1000.002949,1000.003605,1000.004222,1000.004778,1000.005280,1000.005706,1000.006045,1000.006298,1000.006462,1000.006545,1000.006555,1000.006506,1000.006416,1000.006299,1000.006167,1000.006028,1000.005889,1000.005751,1000.005617,1000.005494,1000.005388,1000.005301,1000.005234,1000.005185,1000.005151,1000.005129,1000.005117,1000.005114,1000.005118,1000.005131,1000.005152,1000.005185,1000.005232,1000.005295,1000.005377,1000.005479,1000.005601,1000.005734,1000.005873,1000.006016,1000.006159,1000.006297,1000.006420,1000.006517,1000.006572,1000.006566,1000.006484,1000.006319,1000.006068,1000.005738,1000.005326,1000.004842,1000.004305,1000.003706,1000.003064,1000.002292,0.000000,0.000000,0.000000,0.000000,0.000000,0.000000,0.000000,0.000000,0.000000,0.000000,0.000000,0.000000,0.000000,0.000000,0.000000,0.000000,0.000000,0.000000,0.000000,0.000000,0.000000,0.000000,0.000000
0.000000,0.000000,0.000000,0.000000,0.000000,0.000000,0.000000,0.000000,0.000000,0.000000,0.000000,0.000000,0.000000,0.000000,0.000000,0.000000,0.000000,0.000000,0.000000,0.000000,0.000000,0.000000,0.000000,0.000000,1000.001810,1000.002540,1000.003237,1000.003827,1000.004387,1000.004894,1000.005347,1000.005732,1000.006040,1000.006275,1000.006434,1000.006522,1000.006552,1000.006535,1000.006484,1000.006411,1000.006325,1000.006228,1000.006126,1000.006026,1000.005940,1000.005872,1000.005820,1000.005783,1000.005759,1000.005744,1000.005737,1000.005734,1000.005737,1000.005746,1000.005762,1000.005786,1000.005821,1000.005870,1000.005936,1000.006020,1000.006117,1000.006219,1000.006317,1000.006405,1000.006481,1000.006537,1000.006559,1000.006535,1000.006451,1000.006294,1000.006060,1000.005752,1000.005373,1000.004931,1000.004444,1000.003906,1000.003340,1000.002669,1000.001953,0.000000,0.000000,0.000000,0.000000,0.000000,0.000000,0.000000,0.000000,0.000000,0.000000,0.000000,0.000000,0.000000,0.000000,0.000000,0.000000,0.000000,0.000000,0.000000,0.000000,0.000000,0.000000,0.000000,0.000000
0.000000,0.000000,0.000000,0.000000,0.000000,0.000000,0.000000,0.000000,0.000000,0.000000,0.000000,0.000000,0.000000,0.000000,0.000000,0.000000,0.000000,0.000000,0.000000,0.000000,0.000000,0.000000,0.000000,0.000000,0.000000,0.000000,1000.002080,1000.002745,1000.003387,1000.003931,1000.004447,1000.004909,1000.005324,1000.005677,1000.005963,1000.006184,1000.006343,1000.006447,1000.006506,1000.006527,1000.006520,1000.006490,1000.006441,1000.006385,1000.006334,1000.006292,1000.006260,1000.006238,1000.006223,1000.006215,1000.006211,1000.006211,1000.006213,1000.006219,1000.006228,1000.006242,1000.006264,1000.006296,1000.006338,1000.006389,1000.006444,1000.006493,1000.006524,1000.006531,1000.006513,1000.006457,1000.006356,1000.006201,1000.005982,1000.005696,1000.005343,1000.004931,1000.004476,1000.003977,1000.003457,1000.002849,1000.002200,0.000000,0.000000,0.000000,0.000000,0.000000,0.000000,0.000000,0.000000,0.000000,0.000000,0.000000,0.000000,0.000000,0.000000,0.000000,0.000000,0.000000,0.000000,0.000000,0.000000,0.000000,0.000000,0.000000,0.000000,0.000000,0.000000
0.000000,0.000000,0.000000,0.000000,0.000000,0.000000,0.000000,0.000000,0.000000,0.000000,0.000000,0.000000,0.000000,0.000000,0.000000,0.000000,0.000000,0.000000,0.000000,0.000000,0.000000,0.000000,0.000000,0.000000,0.000000,0.000000,0.000000,0.000000,1000.002199,1000.002825,1000.003431,1000.003927,1000.004395,1000.004814,1000.005191,1000.005511,1000.005776,1000.005987,1000.006153,1000.006276,1000.006362,1000.006418,1000.006446,1000.006455,1000.006452,1000.006445,1000.006438,1000.006430,1000.006424,1000.006421,1000.006419,1000.006421,1000.006423,1000.006425,1000.006428,1000.006433,1000.006441,1000.006452,1000.006462,1000.006468,1000.006461,1000.006435,1000.006380,1000.006296,1000.006176,1000.006011,1000.005802,1000.005538,1000.005218,1000.004841,1000.004419,1000.003952,1000.003465,1000.002893,1000.002285,0.000000,0.000000,0.000000,0.000000,0.000000,0.000000,0.000000,0.000000,0.000000,0.000000,0.000000,0.000000,0.000000,0.000000,0.000000,0.000000,0.000000,0.000000,0.000000,0.000000,0.000000,0.000000,0.000000,0.000000,0.000000,0.000000,0.000000,0.000000
0.000000,0.000000,0.000000,0.000000,0.000000,0.000000,0.000000,0.000000,0.000000,0.000000,0.000000,0.000000,0.000000,0.000000,0.000000,0.000000,0.000000,0.000000,0.000000,0.000000,0.000000,0.000000,0.000000,0.000000,0.000000,0.000000,0.000000,0.000000,0.000000,0.000000,1000.002224,1000.002797,1000.003346,1000.003790,1000.004207,1000.004582,1000.004920,1000.005208,1000.005451,1000.005654,1000.005820,1000.005956,1000.006061,1000.006136,1000.006186,1000.006216,1000.006232,1000.006240,1000.006242,1000.006242,1000.006241,1000.006241,1000.006242,1000.006242,1000.006241,1000.006238,1000.006232,1000.006221,1000.006198,1000.006156,1000.006088,1000.005988,1000.005857,1000.005696,1000.005497,1000.005256,1000.004969,1000.004631,1000.004254,1000.003832,1000.003381,1000.002833,1000.002267,0.000000,0.000000,0.000000,0.000000,0.000000,0.000000,0.000000,0.000000,0.000000,0.000000,0.000000,0.000000,0.000000,0.000000,0.000000,0.000000,0.000000,0.000000,0.000000,0.000000,0.000000,0.000000,0.000000,0.000000,0.000000,0.000000,0.000000,0.000000,0.000000,0.000000
0.000000,0.000000,0.000000,0.000000,0.000000,0.000000,0.000000,0.000000,0.000000,0.000000,0.000000,0.000000,0.000000,0.000000,0.000000,0.000000,0.000000,0.000000,0.000000,0.000000,0.000000,0.000000,0.000000,0.000000,0.000000,0.000000,0.000000,0.000000,0.000000,0.000000,0.000000,0.000000,1000.002105,1000.002626,1000.003113,1000.003514,1000.003867,1000.004203,1000.004493,1000.004751,1000.004972,1000.005159,1000.005317,1000.005440,1000.005531,1000.005591,1000.005628,1000.005648,1000.005657,1000.005658,1000.005657,1000.005653,1000.005654,1000.005652,1000.005649,1000.005641,1000.005624,1000.005593,1000.005543,1000.005463,1000.005354,1000.005207,1000.005033,1000.004820,1000.004571,1000.004285,1000.003949,1000.003592,1000.003186,1000.002683,1000.002156,0.000000,0.000000,0.000000,0.000000,0.000000,0.000000,0.000000,0.000000,0.000000,0.000000,0.000000,0.000000,0.000000,0.000000,0.000000,0.000000,0.000000,0.000000,0.000000,0.000000,0.000000,0.000000,0.000000,0.000000,0.000000,0.000000,0.000000,0.000000,0.000000,0.000000,0.000000,0.000000
0.000000,0.000000,0.000000,0.000000,0.000000,0.000000,0.000000,0.000000,0.000000,0.000000,0.000000,0.000000,0.000000,0.000000,0.000000,0.000000,0.000000,0.000000,0.000000,0.000000,0.000000,0.000000,0.000000,0.000000,0.000000,0.000000,0.000000,0.000000,0.000000,0.000000,0.000000,0.000000,0.000000,0.000000,1000.001858,1000.002321,1000.002700,1000.003065,1000.003380,1000.003668,1000.003927,1000.004126,1000.004314,1000.004467,1000.004590,1000.004672,1000.004721,1000.004748,1000.004757,1000.004759,1000.004755,1000.004746,1000.004747,1000.004744,1000.004741,1000.004734,1000.004713,1000.004672,1000.004601,1000.004493,1000.004356,1000.004189,1000.004015,1000.003773,1000.003499,1000.003191,1000.002821,1000.002428,1000.001962,0.000000,0.000000,0.000000,0.000000,0.000000,0.000000,0.000000,0.000000,0.000000,0.000000,0.000000,0.000000,0.000000,0.000000,0.000000,0.000000,0.000000,0.000000,0.000000,0.000000,0.000000,0.000000,0.000000,0.000000,0.000000,0.000000,0.000000,0.000000,0.000000,0.000000,0.000000,0.000000,0.000000,0.000000
0.000000,0.000000,0.000000,0.000000,0.000000,0.000000,0.000000,0.000000,0.000000,0.000000,0.000000,0.000000,0.000000,0.000000,0.000000,0.000000,0.000000,0.000000,0.000000,0.000000,0.000000,0.000000,0.000000,0.000000,0.000000,0.000000,0.000000,0.000000,0.000000,0.000000,0.000000,0.000000,0.000000,0.000000,0.000000,0.000000,0.000000,1000.001760,1000.002171,1000.002492,1000.002745,1000.002952,1000.003152,1000.003331,1000.003473,1000.003571,1000.003625,1000.003649,1000.003653,1000.003648,1000.003627,1000.003628,1000.003614,1000.003622,1000.003626,1000.003628,1000.003615,1000.003573,1000.003488,1000.003358,1000.003194,1000.003036,1000.002868,1000.002643,1000.002335,1000.001937,0.000000,0.000000,0.000000,0.000000,0.000000,0.000000,0.000000,0.000000,0.000000,0.000000,0.000000,0.000000,0.000000,0.000000,0.000000,0.000000,0.000000,0.000000,0.000000,0.000000,0.000000,0.000000,0.000000,0.000000,0.000000,0.000000,0.000000,0.000000,0.000000,0.000000,0.000000,0.000000,0.000000,0.000000,0.000000,0.000000,0.000000
0.000000,0.000000,0.000000,0.000000,0.000000,0.000000,0.000000,0.000000,0.000000,0.000000,0.000000,0.000000,0.000000,0.000000,0.000000,0.000000,0.000000,0.000000,0.000000,0.000000,0.000000,0.000000,0.000000,0.000000,0.000000,0.000000,0.000000,0.000000,0.000000,0.000000,0.000000,0.000000,0.000000,0.000000,0.000000,0.000000,0.000000,0.000000,0.000000,0.000000,0.000000,0.000000,1000.001843,1000.002122,1000.002278,1000.002370,1000.002419,1000.002429,1000.002414,1000.002378,1000.002350,1000.002398,1000.002324,1000.002335,1000.002371,1000.002399,1000.002408,1000.002382,1000.002308,1000.002165,1000.001881,0.000000,0.000000,0.000000,0.000000,0.000000,0.000000,0.000000,0.000000,0.000000,0.000000,0.000000,0.000000,0.000000,0.000000,0.000000,0.000000,0.000000,0.000000,0.000000,0.000000,0.000000,0.000000,0.000000,0.000000,0.000000,0.000000,0.000000,0.000000,0.000000,0.000000,0.000000,0.000000,0.000000,0.000000,0.000000,0.000000,0.000000,0.000000,0.000000,0.000000,0.000000,0.000000
0.000000,0.000000,0.000000,0.000000,0.000000,0.000000,0.000000,0.000000,0.000000,0.000000,0.000000,0.000000,0.000000,0.000000,0.000000,0.000000,0.000000,0.000000,0.000000,0.000000,0.000000,0.000000,0.000000,0.000000,0.000000,0.000000,0.000000,0.000000,0.000000,0.000000,0.000000,0.000000,0.000000,0.000000,0.000000,0.000000,0.000000,0.000000,0.000000,0.000000,0.000000,0.000000,0.000000,0.000000,0.000000,0.000000,0.000000,0.000000,0.000000,0.000000,0.000000,1000.001029,0.000000,0.000000,0.000000,0.000000,0.000000,0.000000,0.000000,0.000000,0.000000,0.000000,0.000000,0.000000,0.000000,0.000000,0.000000,0.000000,0.000000,0.000000,0.000000,0.000000,0.000000,0.000000,0.000000,0.000000,0.000000,0.000000,0.000000,0.000000,0.000000,0.000000,0.000000,0.000000,0.000000,0.000000,0.000000,0.000000,0.000000,0.000000,0.000000,0.000000,0.000000,0.000000,0.000000,0.000000,0.000000,0.000000,0.000000,0.000000,0.000000,0.000000,0.000000
0.000000,0.000000,0.000000,0.000000,0.000000,0.000000,0.000000,0.000000,0.000000,0.000000,0.000000,0.000000,0.000000,0.000000,0.000000,0.000000,0.000000,0.000000,0.000000,0.000000,0.000000,0.000000,0.000000,0.000000,0.000000,0.000000,0.000000,0.000000,0.000000,0.000000,0.000000,0.000000,0.000000,0.000000,0.000000,0.000000,0.000000,0.000000,0.000000,0.000000,0.000000,0.000000,0.000000,0.000000,0.000000,0.000000,0.000000,0.000000,0.000000,0.000000,0.000000,0.000000,0.000000,0.000000,0.000000,0.000000,0.000000,0.000000,0.000000,0.000000,0.000000,0.000000,0.000000,0.000000,0.000000,0.000000,0.000000,0.000000,0.000000,0.000000,0.000000,0.000000,0.000000,0.000000,0.000000,0.000000,0.000000,0.000000,0.000000,0.000000,0.000000,0.000000,0.000000,0.000000,0.000000,0.000000,0.000000,0.000000,0.000000,0.000000,0.000000,0.000000,0.000000,0.000000,0.000000,0.000000,0.000000,0.000000,0.000000,0.000000,0.000000,0.000000,0.000000
