0.000000,0.000000,0.000000,0.000000,0.000000,0.000000,0.000000,0.000000,0.000000,0.000000,0.000000,0.000000,0.000000,0.000000,0.000000,0.000000,0.000000,0.000000,0.000000,0.000000,0.000000,0.000000,0.000000,0.000000,0.000000,0.000000,0.000000,0.000000,0.000000,0.000000,0.000000,0.000000,0.000000,0.000000,0.000000,0.000000,0.000000,0.000000,0.000000,0.000000,0.000000,0.000000,0.000000,0.000000,0.000000,0.000000,0.000000,0.000000,0.000000,0.000000,0.000000,0.000000,0.000000,0.000000,0.000000,0.000000,0.000000,0.000000,0.000000,0.000000,0.000000,0.000000,0.000000,0.000000,0.000000,0.000000,0.000000,0.000000,0.000000,0.000000,0.000000,0.000000,0.000000,0.000000,0.000000,0.000000,0.000000,0.000000,0.000000,0.000000,0.000000,0.000000,0.000000,0.000000,0.000000,0.000000,0.000000,0.000000,0.000000,0.000000,0.000000,0.000000,0.000000,0.000000,0.000000,0.000000,0.000000,0.000000,0.000000,0.000000,0.000000,0.000000,0.000000
0.000000,0.000000,0.000000,0.000000,0.000000,0.000000,0.000000,0.000000,0.000000,0.000000,0.000000,0.000000,0.000000,0.000000,0.000000,0.000000,0.000000,0.000000,0.000000,0.000000,0.000000,0.000000,0.000000,0.000000,0.000000,0.000000,0.000000,0.000000,0.000000,0.000000,0.000000,0.000000,0.000000,0.000000,0.000000,0.000000,0.000000,0.000000,0.000000,0.000000,0.000000,0.000000,0.000000,0.000000,0.000000,0.000000,0.000000,0.000000,0.000000,0.000000,0.000000,1000.001547,0.000000,0.000000,0.000000,0.000000,0.000000,0.000000,0.000000,0.000000,0.000000,0.000000,0.000000,0.000000,0.000000,0.000000,0.000000,0.000000,0.000000,0.000000,0.000000,0.000000,0.000000,0.000000,0.000000,0.000000,0.000000,0.000000,0.000000,0.000000,0.000000,0.000000,0.000000,0.000000,0.000000,0.000000,0.000000,0.000000,0.000000,0.000000,0.000000,0.000000,0.000000,0.000000,0.000000,0.000000,0.000000,0.000000,0.000000,0.000000,0.000000,0.000000,0.000000
0.000000,0.000000,0.000000,0.000000,0.000000,0.000000,0.000000,0.000000,0.000000,0.000000,0.000000,0.000000,0.000000,0.000000,0.000000,0.000000,0.000000,0.000000,0.000000,0.000000,0.000000,0.000000,0.000000,0.000000,0.000000,0.000000,0.000000,0.000000,0.000000,0.000000,0.000000,0.000000,0.000000,0.000000,0.000000,0.000000,0.000000,0.000000,0.000000,0.000000,0.000000,0.000000,1000.001605,1000.001580,1000.001551,1000.001519,1000.001484,1000.001450,1000.001421,1000.001400,1000.001386,1000.001373,1000.001378,1000.001375,1000.001376,1000.001386,1000.001401,1000.001422,1000.001450,1000.001483,1000.001521,0.000000,0.000000,0.000000,0.000000,0.000000,0.000000,0.000000,0.000000,0.000000,0.000000,0.000000,0.000000,0.000000,0.000000,0.000000,0.000000,0.000000,0.000000,0.000000,0.000000,0.000000,0.000000,0.000000,0.000000,0.000000,0.000000,0.000000,0.000000,0.000000,0.000000,0.000000,0.000000,0.000000,0.000000,0.000000,0.000000,0.000000,0.000000,0.000000,0.000000,0.000000,0.000000
0.000000,0.000000,0.000000,0.000000,0.000000,0.000000,0.000000,0.000000,0.000000,0.000000,0.000000,0.000000,0.000000,0.000000,0.000000,0.000000,0.000000,0.000000,0.000000,0.000000,0.000000,0.000000,0.000000,0.000000,0.000000,0.000000,0.000000,0.000000,0.000000,0.000000,0.000000,0.000000,0.000000,0.000000,0.000000,0.000000,0.000000,1000.001660,1000.001609,1000.001561,1000.001517,1000.001475,1000.001425,1000.001398,1000.001370,1000.001341,1000.001312,1000.001286,1000.001263,1000.001244,1000.001229,1000.001221,1000.001220,1000.001216,1000.001219,1000.001227,1000.001241,1000.001261,1000.001287,1000.001317,1000.001352,1000.001398,1000.001438,1000.001478,1000.001522,1000.001573,0.000000,0.000000,0.000000,0.000000,0.000000,0.000000,0.000000,0.000000,0.000000,0.000000,0.000000,0.000000,0.000000,0.000000,0.000000,0.000000,0.000000,0.000000,0.000000,0.000000,0.000000,0.000000,0.000000,0.000000,0.000000,0.000000,0.000000,0.000000,0.000000,0.000000,0.000000,0.000000,0.000000,0.000000,0.000000,0.000000,0.000000
0.000000,0.000000,0.000000,0.000000,0.000000,0.000000,0.000000,0.000000,0.000000,0.000000,0.000000,0.000000,0.000000,0.000000,0.000000,0.000000,0.000000,0.000000,0.000000,0.000000,0.000000,0.000000,0.000000,0.000000,0.000000,0.000000,0.000000,0.000000,0.000000,0.000000,0.000000,0.000000,0.000000,0.000000,1000.001636,1000.001585,1000.001536,1000.001475,1000.001430,1000.001386,1000.001343,1000.001300,1000.001261,1000.001229,1000.001199,1000.001171,1000.001146,1000.001124,1000.001106,1000.001090,1000.001077,1000.001069,1000.001064,1000.001063,1000.001066,1000.001073,1000.001085,1000.001103,1000.001128,1000.001159,1000.001193,1000.001234,1000.001276,1000.001320,1000.001363,1000.001409,1000.001467,1000.001526,1000.001591,0.000000,0.000000,0.000000,0.000000,0.000000,0.000000,0.000000,0.000000,0.000000,0.000000,0.000000,0.000000,0.000000,0.000000,0.000000,0.000000,0.000000,0.000000,0.000000,0.000000,0.000000,0.000000,0.000000,0.000000,0.000000,0.000000,0.000000,0.000000,0.000000,0.000000,0.000000,0.000000,0.000000,0.000000
0.000000,0.000000,0.000000,0.000000,0.000000,0.000000,0.000000,0.000000,0.000000,0.000000,0.000000,0.000000,0.000000,0.000000,0.000000,0.000000,0.000000,0.000000,0.000000,0.000000,0.000000,0.000000,0.000000,0.000000,0.000000,0.000000,0.000000,0.000000,0.000000,0.000000,0.000000,0.000000,1000.001581,1000.001525,1000.001460,1000.001409,1000.001357,1000.001306,1000.001260,1000.001215,1000.001174,1000.001133,1000.001097,1000.001063,1000.001034,1000.001007,1000.000984,1000.000965,1000.000949,1000.000936,1000.000926,1000.000918,1000.000914,1000.000913,1000.000915,1000.000923,1000.000935,1000.000952,1000.000975,1000.001003,1000.001037,1000.001075,1000.001118,1000.001162,1000.001209,1000.001257,1000.001311,1000.001368,1000.001430,1000.001509,1000.001587,0.000000,0.000000,0.000000,0.000000,0.000000,0.000000,0.000000,0.000000,0.000000,0.000000,0.000000,0.000000,0.000000,0.000000,0.000000,0.000000,0.000000,0.000000,0.000000,0.000000,0.000000,0.000000,0.000000,0.000000,0.000000,0.000000,0.000000,0.000000,0.000000,0.000000,0.000000,0.000000
0.000000,0.000000,0.000000,0.000000,0.000000,0.000000,0.000000,0.000000,0.000000,0.000000,0.000000,0.000000,0.000000,0.000000,0.000000,0.000000,0.000000,0.000000,0.000000,0.000000,0.000000,0.000000,0.000000,0.000000,0.000000,0.000000,0.000000,0.000000,0.000000,0.000000,1000.001566,1000.001500,1000.001418,1000.001359,1000.001301,1000.001246,1000.001191,1000.001140,1000.001093,1000.001050,1000.001009,1000.000970,1000.000934,1000.000901,1000.000872,1000.000846,1000.000825,1000.000808,1000.000795,1000.000784,1000.000776,1000.000770,1000.000766,1000.000766,1000.000769,1000.000777,1000.000789,1000.000805,1000.000826,1000.000852,1000.000884,1000.000921,1000.000962,1000.001007,1000.001054,1000.001103,1000.001157,1000.001216,1000.001278,1000.001346,1000.001418,1000.001506,1000.001597,0.000000,0.000000,0.000000,0.000000,0.000000,0.000000,0.000000,0.000000,0.000000,0.000000,0.000000,0.000000,0.000000,0.000000,0.000000,0.000000,0.000000,0.000000,0.000000,0.000000,0.000000,0.000000,0.000000,0.000000,0.000000,0.000000,0.000000,0.000000,0.000000,0.000000
0.000000,0.000000,0.000000,0.000000,0.000000,0.000000,0.000000,0.000000,0.000000,0.000000,0.000000,0.000000,0.000000,0.000000,0.000000,0.000000,0.000000,0.000000,0.000000,0.000000,0.000000,0.000000,0.000000,0.000000,0.000000,0.000000,0.000000,0.000000,1000.001596,1000.001517,1000.001414,1000.001340,1000.001272,1000.001209,1000.001147,1000.001088,1000.001033,1000.000982,1000.000934,1000.000890,1000.000849,1000.000810,1000.000774,1000.000741,1000.000712,1000.000687,1000.000667,1000.000653,1000.000642,1000.000634,1000.000628,1000.000623,1000.000622,1000.000622,1000.000626,1000.000634,1000.000646,1000.000661,1000.000681,1000.000706,1000.000735,1000.000770,1000.000810,1000.000853,1000.000900,1000.000950,1000.001002,1000.001059,1000.001122,1000.001189,1000.001261,1000.001339,1000.001419,1000.001509,1000.001606,0.000000,0.000000,0.000000,0.000000,0.000000,0.000000,0.000000,0.000000,0.000000,0.000000,0.000000,0.000000,0.000000,0.000000,0.000000,0.000000,0.000000,0.000000,0.000000,0.000000,0.000000,0.000000,0.000000,0.000000,0.000000,0.000000,0.000000,0.000000
0.000000,0.000000,0.000000,0.000000,0.000000,0.000000,0.000000,0.000000,0.000000,0.000000,0.000000,0.000000,0.000000,0.000000,0.000000,0.000000,0.000000,0.000000,0.000000,0.000000,0.000000,0.000000,0.000000,0.000000,0.000000,0.000000,1000.001654,1000.001562,1000.001445,1000.001356,1000.001275,1000.001199,1000.001128,1000.001061,1000.000998,1000.000939,1000.000884,1000.000831,1000.000782,1000.000736,1000.000694,1000.000655,1000.000619,1000.000585,1000.000556,1000.000532,1000.000513,1000.000500,1000.000490,1000.000484,1000.000480,1000.000478,1000.000478,1000.000480,1000.000486,1000.000494,1000.000505,1000.000520,1000.000539,1000.000562,1000.000589,1000.000622,1000.000660,1000.000702,1000.000748,1000.000797,1000.000849,1000.000905,1000.000966,1000.001032,1000.001103,1000.001179,1000.001260,1000.001344,1000.001426,1000.001506,1000.001601,0.000000,0.000000,0.000000,0.000000,0.000000,0.000000,0.000000,0.000000,0.000000,0.000000,0.000000,0.000000,0.000000,0.000000,0.000000,0.000000,0.000000,0.000000,0.000000,0.000000,0.000000,0.000000,0.000000,0.000000,0.000000,0.000000
0.000000,0.000000,0.000000,0.000000,0.000000,0.000000,0.000000,0.000000,0.000000,0.000000,0.000000,0.000000,0.000000,0.000000,0.000000,0.000000,0.000000,0.000000,0.000000,0.000000,0.000000,0.000000,0.000000,0.000000,1000.001737,1000.001628,1000.001502,1000.001401,1000.001307,1000.001219,1000.001136,1000.001058,1000.000986,1000.000919,1000.000856,1000.000796,1000.000740,1000.000686,1000.000636,1000.000588,1000.000545,1000.000505,1000.000468,1000.000435,1000.000406,1000.000382,1000.000364,1000.000350,1000.000341,1000.000335,1000.000332,1000.000332,1000.000334,1000.000338,1000.000345,1000.000354,1000.000366,1000.000380,1000.000398,1000.000420,1000.000446,1000.000477,1000.000514,1000.000554,1000.000599,1000.000647,1000.000698,1000.000753,1000.000813,1000.000878,1000.000948,1000.001022,1000.001100,1000.001182,1000.001266,1000.001349,1000.001426,1000.001500,1000.001594,0.000000,0.000000,0.000000,0.000000,0.000000,0.000000,0.000000,0.000000,0.000000,0.000000,0.000000,0.000000,0.000000,0.000000,0.000000,0.000000,0.000000,0.000000,0.000000,0.000000,0.000000,0.000000,0.000000,0.000000
0.000000,0.000000,0.000000,0.000000,0.000000,0.000000,0.000000,0.000000,0.000000,0.000000,0.000000,0.000000,0.000000,0.000000,0.000000,0.000000,0.000000,0.000000,0.000000,0.000000,0.000000,0.000000,0.000000,1000.001690,1000.001571,1000.001463,1000.001360,1000.001262,1000.001169,1000.001080,1000.000998,1000.000921,1000.000849,1000.000782,1000.000718,1000.000657,1000.000600,1000.000545,1000.000493,1000.000445,1000.000400,1000.000359,1000.000322,1000.000288,1000.000260,1000.000237,1000.000219,1000.000205,1000.000195,1000.000188,1000.000185,1000.000185,1000.000189,1000.000194,1000.000202,1000.000213,1000.000225,1000.000240,1000.000258,1000.000279,1000.000305,1000.000335,1000.000370,1000.000409,1000.000453,1000.000500,1000.000550,1000.000604,1000.000663,1000.000727,1000.000795,1000.000867,1000.000944,1000.001025,1000.001108,1000.001192,1000.001274,1000.001356,1000.001438,1000.001539,0.000000,0.000000,0.000000,0.000000,0.000000,0.000000,0.000000,0.000000,0.000000,0.000000,0.000000,0.000000,0.000000,0.000000,0.000000,0.000000,0.000000,0.000000,0.000000,0.000000,0.000000,0.000000,0.000000
0.000000,0.000000,0.000000,0.000000,0.000000,0.000000,0.000000,0.000000,0.000000,0.000000,0.000000,0.000000,0.000000,0.000000,0.000000,0.000000,0.000000,0.000000,0.000000,0.000000,0.000000,1000.001758,1000.001647,1000.001527,1000.001421,1000.001318,1000.001218,1000.001121,1000.001030,1000.000943,1000.000862,1000.000786,1000.000714,1000.000647,1000.000583,1000.000521,1000.000462,1000.000406,1000.000353,1000.000305,1000.000259,1000.000217,1000.000179,1000.000146,1000.000118,1000.000096,1000.000078,1000.000064,1000.000053,1000.000045,1000.000041,1000.000041,1000.000044,1000.000050,1000.000059,1000.000070,1000.000084,1000.000100,1000.000118,1000.000139,1000.000164,1000.000193,1000.000228,1000.000267,1000.000309,1000.000355,1000.000405,1000.000458,1000.000516,1000.000578,1000.000645,1000.000717,1000.000793,1000.000873,1000.000956,1000.001040,1000.001125,1000.001212,1000.001296,1000.001385,1000.001481,1000.001597,0.000000,0.000000,0.000000,0.000000,0.000000,0.000000,0.000000,0.000000,0.000000,0.000000,0.000000,0.000000,0.000000,0.000000,0.000000,0.000000,0.000000,0.000000,0.000000,0.000000,0.000000
0.000000,0.000000,0.000000,0.000000,0.000000,0.000000,0.000000,0.000000,0.000000,0.000000,0.000000,0.000000,0.000000,0.000000,0.000000,0.000000,0.000000,0.000000,0.000000,0.000000,1000.001725,1000.001600,1000.001491,1000.001384,1000.001279,1000.001176,1000.001077,1000.000982,1000.000892,1000.000807,1000.000727,1000.000652,1000.000581,1000.000514,1000.000449,1000.000387,1000.000327,1000.000270,1000.000217,1000.000167,1000.000121,1000.000078,1000.000040,1000.000007,999.999981,999.999959,999.999941,999.999926,999.999915,999.999906,999.999900,999.999898,999.999901,999.999907,999.999916,999.999928,999.999942,999.999959,999.999978,999.999999,1000.000024,1000.000054,1000.000088,1000.000127,1000.000169,1000.000214,1000.000263,1000.000315,1000.000372,1000.000433,1000.000499,1000.000570,1000.000646,1000.000726,1000.000809,1000.000894,1000.000980,1000.001067,1000.001156,1000.001247,1000.001345,1000.001450,1000.001574,0.000000,0.000000,0.000000,0.000000,0.000000,0.000000,0.000000,0.000000,0.000000,0.000000,0.000000,0.000000,0.000000,0.000000,0.000000,0.000000,0.000000,0.000000,0.000000,0.000000
0.000000,0.000000,0.000000,0.000000,0.000000,0.000000,0.000000,0.000000,0.000000,0.000000,0.000000,0.000000,0.000000,0.000000,0.000000,0.000000,0.000000,0.000000,0.000000,1000.001695,1000.001566,1000.001455,1000.001348,1000.001242,1000.001137,1000.001036,1000.000938,1000.000844,1000.000755,1000.000671,1000.000593,1000.000519,1000.000448,1000.000381,1000.000316,1000.000254,1000.000195,1000.000138,1000.000084,1000.000034,999.999986,999.999943,999.999906,999.999874,999.999848,999.999826,999.999808,999.999792,999.999780,999.999770,999.999763,999.999759,999.999760,999.999765,999.999774,999.999786,999.999800,999.999817,999.999837,999.999860,999.999886,999.999916,999.999951,999.999989,1000.000031,1000.000076,1000.000124,1000.000176,1000.000232,1000.000293,1000.000358,1000.000429,1000.000505,1000.000585,1000.000668,1000.000753,1000.000840,1000.000927,1000.001017,1000.001111,1000.001212,1000.001316,1000.001431,1000.001565,0.000000,0.000000,0.000000,0.000000,0.000000,0.000000,0.000000,0.000000,0.000000,0.000000,0.000000,0.000000,0.000000,0.000000,0.000000,0.000000,0.000000,0.000000,0.000000
0.000000,0.000000,0.000000,0.000000,0.000000,0.000000,0.000000,0.000000,0.000000,0.000000,0.000000,0.000000,0.000000,0.000000,0.000000,0.000000,0.000000,0.000000,1000.001667,1000.001537,1000.001423,1000.001315,1000.001206,1000.001101,1000.000999,1000.000899,1000.000801,1000.000708,1000.000620,1000.000537,1000.000459,1000.000386,1000.000316,1000.000249,1000.000185,1000.000123,1000.000064,1000.000007,999.999953,999.999902,999.999855,999.999813,999.999776,999.999745,999.999719,999.999697,999.999678,999.999662,999.999648,999.999637,999.999628,999.999623,999.999622,999.999626,999.999634,999.999646,999.999660,999.999678,999.999698,999.999722,999.999750,999.999780,999.999815,999.999854,999.999897,999.999942,999.999990,1000.000042,1000.000098,1000.000158,1000.000223,1000.000294,1000.000369,1000.000449,1000.000532,1000.000617,1000.000704,1000.000793,1000.000883,1000.000977,1000.001077,1000.001185,1000.001297,1000.001419,1000.001561,0.000000,0.000000,0.000000,0.000000,0.000000,0.000000,0.000000,0.000000,0.000000,0.000000,0.000000,0.000000,0.000000,0.000000,0.000000,0.000000,0.000000,0.000000
0.000000,0.000000,0.000000,0.000000,0.000000,0.000000,0.000000,0.000000,0.000000,0.000000,0.000000,0.000000,0.000000,0.000000,0.000000,0.000000,0.000000,1000.001643,1000.001513,1000.001398,1000.001287,1000.001176,1000.001069,1000.000965,1000.000863,1000.000764,1000.000667,1000.000575,1000.000487,1000.000405,1000.000327,1000.000254,1000.000184,1000.000117,1000.000053,999.999992,999.999933,999.999876,999.999823,999.999773,999.999727,999.999686,999.999650,999.999620,999.999594,999.999571,999.999552,999.999534,999.999519,999.999506,999.999496,999.999490,999.999488,999.999491,999.999498,999.999509,999.999523,999.999541,999.999563,999.999588,999.999616,999.999647,999.999683,999.999722,999.999765,999.999811,999.999861,999.999913,999.999969,1000.000029,1000.000093,1000.000163,1000.000238,1000.000317,1000.000400,1000.000486,1000.000573,1000.000662,1000.000752,1000.000847,1000.000946,1000.001053,1000.001167,1000.001285,1000.001411,1000.001555,0.000000,0.000000,0.000000,0.000000,0.000000,0.000000,0.000000,0.000000,0.000000,0.000000,0.000000,0.000000,0.000000,0.000000,0.000000,0.000000,0.000000
0.000000,0.000000,0.000000,0.000000,0.000000,0.000000,0.000000,0.000000,0.000000,0.000000,0.000000,0.000000,0.000000,0.000000,0.000000,0.000000,1000.001628,1000.001496,1000.001379,1000.001266,1000.001153,1000.001043,1000.000937,1000.000834,1000.000733,1000.000634,1000.000538,1000.000445,1000.000357,1000.000275,1000.000197,1000.000123,1000.000052,999.999985,999.999921,999.999859,999.999800,999.999745,999.999693,999.999644,999.999601,999.999562,999.999527,999.999497,999.999471,999.999447,999.999427,999.999408,999.999392,999.999378,999.999368,999.999361,999.999359,999.999361,999.999367,999.999377,999.999391,999.999409,999.999431,999.999456,999.999485,999.999517,999.999553,999.999593,999.999637,999.999684,999.999734,999.999788,999.999844,999.999904,999.999968,1000.000037,1000.000111,1000.000190,1000.000272,1000.000358,1000.000446,1000.000535,1000.000626,1000.000720,1000.000819,1000.000923,1000.001036,1000.001155,1000.001276,1000.001403,1000.001544,0.000000,0.000000,0.000000,0.000000,0.000000,0.000000,0.000000,0.000000,0.000000,0.000000,0.000000,0.000000,0.000000,0.000000,0.000000,0.000000
0.000000,0.000000,0.000000,0.000000,0.000000,0.000000,0.000000,0.000000,0.000000,0.000000,0.000000,0.000000,0.000000,0.000000,0.000000,1000.001627,1000.001488,1000.001366,1000.001251,1000.001135,1000.001024,1000.000916,1000.000810,1000.000707,1000.000606,1000.000507,1000.000411,1000.000318,1000.000230,1000.000147,1000.000069,999.999994,999.999923,999.999855,999.999790,999.999728,999.999670,999.999615,999.999565,999.999519,999.999477,999.999440,999.999406,999.999376,999.999349,999.999325,999.999304,999.999284,999.999268,999.999254,999.999244,999.999238,999.999235,999.999236,999.999242,999.999251,999.999264,999.999282,999.999303,999.999329,999.999358,999.999390,999.999427,999.999467,999.999511,999.999559,999.999610,999.999664,999.999721,999.999781,999.999845,999.999914,999.999988,1000.000066,1000.000148,1000.000234,1000.000322,1000.000412,1000.000503,1000.000598,1000.000696,1000.000799,1000.000909,1000.001025,1000.001147,1000.001269,1000.001393,1000.001528,0.000000,0.000000,0.000000,0.000000,0.000000,0.000000,0.000000,0.000000,0.000000,0.000000,0.000000,0.000000,0.000000,0.000000,0.000000
0.000000,0.000000,0.000000,0.000000,0.000000,0.000000,0.000000,0.000000,0.000000,0.000000,0.000000,0.000000,0.000000,0.000000,1000.001632,1000.001487,1000.001361,1000.001241,1000.001124,1000.001010,1000.000900,1000.000792,1000.000686,1000.000583,1000.000482,1000.000383,1000.000286,1000.000193,1000.000104,1000.000021,999.999943,999.999867,999.999796,999.999728,999.999663,999.999601,999.999544,999.999491,999.999442,999.999397,999.999357,999.999320,999.999287,999.999257,999.999231,999.999207,999.999185,999.999165,999.999148,999.999135,999.999125,999.999119,999.999117,999.999118,999.999123,999.999131,999.999144,999.999161,999.999181,999.999206,999.999235,999.999268,999.999305,999.999346,999.999390,999.999437,999.999488,999.999542,999.999599,999.999660,999.999725,999.999794,999.999868,999.999946,1000.000028,1000.000114,1000.000202,1000.000292,1000.000384,1000.000479,1000.000578,1000.000681,1000.000789,1000.000903,1000.001022,1000.001144,1000.001265,1000.001387,1000.001516,0.000000,0.000000,0.000000,0.000000,0.000000,0.000000,0.000000,0.000000,0.000000,0.000000,0.000000,0.000000,0.000000,0.000000
0.000000,0.000000,0.000000,0.000000,0.000000,0.000000,0.000000,0.000000,0.000000,0.000000,0.000000,0.000000,0.000000,1000.001637,1000.001491,1000.001362,1000.001240,1000.001118,1000.001002,1000.000890,1000.000780,1000.000672,1000.000566,1000.000462,1000.000360,1000.000261,1000.000163,1000.000070,999.999981,999.999898,999.999819,999.999744,999.999673,999.999605,999.999541,999.999480,999.999424,999.999372,999.999324,999.999280,999.999240,999.999204,999.999172,999.999143,999.999117,999.999093,999.999072,999.999052,999.999036,999.999023,999.999014,999.999009,999.999006,999.999007,999.999012,999.999020,999.999032,999.999048,999.999067,999.999091,999.999120,999.999152,999.999189,999.999228,999.999272,999.999319,999.999369,999.999423,999.999481,999.999542,999.999608,999.999677,999.999751,999.999829,999.999911,999.999997,1000.000085,1000.000176,1000.000269,1000.000365,1000.000464,1000.000567,1000.000675,1000.000788,1000.000904,1000.001025,1000.001148,1000.001269,1000.001390,1000.001522,0.000000,0.000000,0.000000,0.000000,0.000000,0.000000,0.000000,0.000000,0.000000,0.000000,0.000000,0.000000,0.000000
0.000000,0.000000,0.000000,0.000000,0.000000,0.000000,0.000000,0.000000,0.000000,0.000000,0.000000,0.000000,1000.001648,1000.001502,1000.001370,1000.001245,1000.001121,1000.001001,1000.000886,1000.000774,1000.000664,1000.000555,1000.000448,1000.000343,1000.000241,1000.000140,1000.000043,999.999950,999.999862,999.999779,999.999700,999.999625,999.999555,999.999488,999.999424,999.999365,999.999310,999.999258,999.999211,999.999167,999.999128,999.999093,999.999062,999.999035,999.999010,999.998987,999.998966,999.998948,999.998933,999.998921,999.998912,999.998907,999.998905,999.998906,999.998911,999.998918,999.998930,999.998944,999.998963,999.998985,999.999012,999.999043,999.999079,999.999118,999.999160,999.999206,999.999256,999.999309,999.999366,999.999428,999.999494,999.999563,999.999637,999.999715,999.999798,999.999883,999.999972,1000.000063,1000.000156,1000.000253,1000.000353,1000.000457,1000.000565,1000.000678,1000.000794,1000.000912,1000.001035,1000.001159,1000.001280,1000.001404,1000.001544,0.000000,0.000000,0.000000,0.000000,0.000000,0.000000,0.000000,0.000000,0.000000,0.000000,0.000000,0.000000
0.000000,0.000000,0.000000,0.000000,0.000000,0.000000,0.000000,0.000000,0.000000,0.000000,0.000000,1000.001670,1000.001522,1000.001387,1000.001258,1000.001131,1000.001008,1000.000890,1000.000775,1000.000663,1000.000552,1000.000442,1000.000334,1000.000228,1000.000125,1000.000024,999.999928,999.999836,999.999748,999.999665,999.999587,999.999512,999.999442,999.999376,999.999313,999.999256,999.999201,999.999150,999.999104,999.999061,999.999023,999.998989,999.998960,999.998934,999.998910,999.998889,999.998871,999.998854,999.998841,999.998830,999.998822,999.998818,999.998817,999.998818,999.998822,999.998829,999.998840,999.998853,999.998870,999.998890,999.998914,999.998943,999.998977,999.999014,999.999055,999.999099,999.999148,999.999200,999.999256,999.999317,999.999383,999.999453,999.999527,999.999605,999.999687,999.999773,999.999861,999.999953,1000.000047,1000.000144,1000.000245,1000.000350,1000.000458,1000.000571,1000.000686,1000.000805,1000.000926,1000.001049,1000.001174,1000.001298,1000.001426,1000.001571,0.000000,0.000000,0.000000,0.000000,0.000000,0.000000,0.000000,0.000000,0.000000,0.000000,0.000000
0.000000,0.000000,0.000000,0.000000,0.000000,0.000000,0.000000,0.000000,0.000000,0.000000,0.000000,1000.001558,1000.001413,1000.001279,1000.001147,1000.001022,1000.000901,1000.000783,1000.000668,1000.000555,1000.000444,1000.000333,1000.000224,1000.000118,1000.000014,999.999915,999.999819,999.999728,999.999640,999.999557,999.999479,999.999404,999.999335,999.999270,999.999209,999.999152,999.999099,999.999049,999.999004,999.998963,999.998926,999.998894,999.998867,999.998843,999.998822,999.998804,999.998788,999.998774,999.998763,999.998755,999.998748,999.998745,999.998744,999.998745,999.998749,999.998755,999.998764,999.998775,999.998789,999.998807,999.998828,999.998854,999.998885,999.998919,999.998957,999.999000,999.999046,999.999096,999.999151,999.999211,999.999276,999.999345,999.999419,999.999498,999.999580,999.999665,999.999754,999.999846,999.999941,1000.000039,1000.000140,1000.000245,1000.000353,1000.000466,1000.000581,1000.000700,1000.000820,1000.000943,1000.001068,1000.001195,1000.001323,1000.001458,0.000000,0.000000,0.000000,0.000000,0.000000,0.000000,0.000000,0.000000,0.000000,0.000000,0.000000
0.000000,0.000000,0.000000,0.000000,0.000000,0.000000,0.000000,0.000000,0.000000,0.000000,1000.001602,1000.001443,1000.001307,1000.001173,1000.001042,1000.000918,1000.000798,1000.000680,1000.000565,1000.000451,1000.000339,1000.000227,1000.000118,1000.000012,999.999909,999.999810,999.999716,999.999625,999.999537,999.999454,999.999376,999.999302,999.999233,999.999169,999.999110,999.999054,999.999003,999.998955,999.998913,999.998875,999.998842,999.998813,999.998788,999.998768,999.998750,999.998735,999.998723,999.998714,999.998706,999.998699,999.998695,999.998692,999.998692,999.998693,999.998695,999.998700,999.998705,999.998713,999.998723,999.998737,999.998754,999.998776,999.998803,999.998834,999.998868,999.998907,999.998951,999.998999,999.999052,999.999110,999.999173,999.999242,999.999315,999.999393,999.999475,999.999561,999.999650,999.999743,999.999838,999.999937,1000.000039,1000.000144,1000.000252,1000.000364,1000.000479,1000.000598,1000.000719,1000.000842,1000.000967,1000.001094,1000.001223,1000.001351,1000.001495,0.000000,0.000000,0.000000,0.000000,0.000000,0.000000,0.000000,0.000000,0.000000,0.000000
0.000000,0.000000,0.000000,0.000000,0.000000,0.000000,0.000000,0.000000,0.000000,1000.001660,1000.001492,1000.001345,1000.001207,1000.001072,1000.000943,1000.000819,1000.000699,1000.000581,1000.000466,1000.000351,1000.000237,1000.000125,1000.000016,999.999910,999.999808,999.999711,999.999617,999.999526,999.999439,999.999356,999.999277,999.999205,999.999137,999.999074,999.999017,999.998963,999.998915,999.998871,999.998833,999.998800,999.998771,999.998747,999.998727,999.998711,999.998699,999.998690,999.998683,999.998678,999.998674,999.998670,999.998667,999.998666,999.998665,999.998665,999.998666,999.998666,999.998668,999.998670,999.998675,999.998683,999.998696,999.998712,999.998734,999.998760,999.998790,999.998825,999.998864,999.998909,999.998959,999.999015,999.999076,999.999143,999.999215,999.999293,999.999375,999.999461,999.999550,999.999643,999.999739,999.999838,999.999941,1000.000046,1000.000154,1000.000266,1000.000381,1000.000500,1000.000621,1000.000745,1000.000871,1000.000999,1000.001129,1000.001258,1000.001389,1000.001531,0.000000,0.000000,0.000000,0.000000,0.000000,0.000000,0.000000,0.000000,0.000000
0.000000,0.000000,0.000000,0.000000,0.000000,0.000000,0.000000,0.000000,0.000000,1000.001555,1000.001399,1000.001253,1000.001110,1000.000976,1000.000848,1000.000725,1000.000605,1000.000487,1000.000371,1000.000255,1000.000140,1000.000028,999.999919,999.999814,999.999713,999.999615,999.999522,999.999431,999.999344,999.999261,999.999184,999.999113,999.999047,999.998986,999.998931,999.998881,999.998836,999.998798,999.998766,999.998739,999.998718,999.998701,999.998688,999.998679,999.998674,999.998672,999.998673,999.998673,999.998674,999.998674,999.998674,999.998673,999.998672,999.998670,999.998667,999.998663,999.998658,999.998653,999.998651,999.998652,999.998657,999.998666,999.998681,999.998700,999.998724,999.998753,999.998788,999.998829,999.998875,999.998926,999.998985,999.999049,999.999120,999.999196,999.999278,999.999364,999.999453,999.999546,999.999643,999.999743,999.999846,999.999952,1000.000061,1000.000173,1000.000288,1000.000407,1000.000528,1000.000652,1000.000780,1000.000909,1000.001040,1000.001174,1000.001305,1000.001435,0.000000,0.000000,0.000000,0.000000,0.000000,0.000000,0.000000,0.000000,0.000000
0.000000,0.000000,0.000000,0.000000,0.000000,0.000000,0.000000,0.000000,1000.001632,1000.001461,1000.001310,1000.001162,1000.001020,1000.000887,1000.000759,1000.000636,1000.000516,1000.000397,1000.000280,1000.000163,1000.000048,999.999935,999.999827,999.999722,999.999621,999.999524,999.999430,999.999339,999.999253,999.999171,999.999095,999.999026,999.998963,999.998906,999.998855,999.998809,999.998770,999.998739,999.998715,999.998698,999.998686,999.998679,999.998676,999.998678,999.998683,999.998692,999.998701,999.998709,999.998715,999.998720,999.998723,999.998723,999.998721,999.998717,999.998709,999.998699,999.998686,999.998672,999.998659,999.998649,999.998643,999.998643,999.998647,999.998658,999.998674,999.998696,999.998724,999.998759,999.998799,999.998846,999.998900,999.998961,999.999029,999.999104,999.999185,999.999271,999.999360,999.999453,999.999550,999.999650,999.999754,999.999861,999.999971,1000.000084,1000.000199,1000.000318,1000.000439,1000.000564,1000.000693,1000.000825,1000.000958,1000.001092,1000.001227,1000.001362,1000.001516,0.000000,0.000000,0.000000,0.000000,0.000000,0.000000,0.000000,0.000000
0.000000,0.000000,0.000000,0.000000,0.000000,0.000000,0.000000,0.000000,1000.001537,1000.001380,1000.001226,1000.001077,1000.000936,1000.000802,1000.000675,1000.000552,1000.000431,1000.000312,1000.000193,1000.000076,999.999960,999.999848,999.999740,999.999635,999.999534,999.999436,999.999342,999.999251,999.999165,999.999085,999.999012,999.998946,999.998886,999.998834,999.998787,999.998749,999.998719,999.998698,999.998685,999.998680,999.998681,999.998688,999.998700,999.998716,999.998735,999.998756,999.998774,999.998790,999.998803,999.998812,999.998819,999.998821,999.998818,999.998811,999.998799,999.998781,999.998760,999.998735,999.998710,999.998685,999.998664,999.998649,999.998640,999.998637,999.998642,999.998654,999.998673,999.998700,999.998734,999.998775,999.998823,999.998880,999.998944,999.999016,999.999096,999.999182,999.999271,999.999364,999.999461,999.999561,999.999665,999.999773,999.999884,999.999998,1000.000114,1000.000233,1000.000355,1000.000480,1000.000610,1000.000743,1000.000879,1000.001016,1000.001157,1000.001299,1000.001433,0.000000,0.000000,0.000000,0.000000,0.000000,0.000000,0.000000,0.000000
0.000000,0.000000,0.000000,0.000000,0.000000,0.000000,0.000000,1000.001630,1000.001455,1000.001299,1000.001144,1000.000996,1000.000856,1000.000722,1000.000594,1000.000471,1000.000350,1000.000230,1000.000110,999.999992,999.999877,999.999764,999.999655,999.999550,999.999448,999.999350,999.999255,999.999165,999.999081,999.999004,999.998935,999.998872,999.998817,999.998771,999.998732,999.998703,999.998685,999.998677,999.998679,999.998690,999.998709,999.998733,999.998763,999.998796,999.998830,999.998862,999.998890,999.998913,999.998932,999.998946,999.998956,999.998960,999.998958,999.998948,999.998931,999.998908,999.998879,999.998844,999.998805,999.998764,999.998725,999.998691,999.998664,999.998645,999.998634,999.998631,999.998639,999.998655,999.998680,999.998713,999.998755,999.998806,999.998866,999.998934,999.999012,999.999096,999.999186,999.999279,999.999376,999.999476,999.999580,999.999688,999.999800,999.999914,1000.000031,1000.000150,1000.000273,1000.000399,1000.000529,1000.000664,1000.000802,1000.000943,1000.001086,1000.001234,1000.001384,1000.001558,0.000000,0.000000,0.000000,0.000000,0.000000,0.000000,0.000000
0.000000,0.000000,0.000000,0.000000,0.000000,0.000000,0.000000,1000.001543,1000.001380,1000.001221,1000.001067,1000.000920,1000.000779,1000.000645,1000.000517,1000.000393,1000.000271,1000.000150,1000.000030,999.999911,999.999795,999.999682,999.999573,999.999467,999.999365,999.999267,999.999173,999.999084,999.999003,999.998929,999.998864,999.998806,999.998758,999.998720,999.998692,999.998676,999.998673,999.998683,999.998703,999.998734,999.998772,999.998815,999.998863,999.998912,999.998959,999.999002,999.999037,999.999067,999.999091,999.999110,999.999123,999.999128,999.999126,999.999115,999.999094,999.999066,999.999031,999.998988,999.998937,999.998882,999.998825,999.998771,999.998724,999.998685,999.998654,999.998634,999.998624,999.998626,999.998639,999.998663,999.998697,999.998741,999.998795,999.998860,999.998934,999.999016,999.999105,999.999198,999.999295,999.999396,999.999499,999.999606,999.999718,999.999833,999.999950,1000.000070,1000.000193,1000.000319,1000.000450,1000.000585,1000.000726,1000.000870,1000.001018,1000.001171,1000.001328,1000.001475,0.000000,0.000000,0.000000,0.000000,0.000000,0.000000,0.000000
0.000000,0.000000,0.000000,0.000000,0.000000,0.000000,1000.001645,1000.001465,1000.001304,1000.001146,1000.000993,1000.000847,1000.000706,1000.000571,1000.000442,1000.000317,1000.000195,1000.000073,999.999951,999.999832,999.999715,999.999602,999.999492,999.999386,999.999284,999.999187,999.999095,999.999009,999.998931,999.998861,999.998801,999.998750,999.998711,999.998684,999.998671,999.998672,999.998689,999.998719,999.998761,999.998812,999.998870,999.998931,999.998993,999.999055,999.999112,999.999162,999.999205,999.999241,999.999270,999.999292,999.999307,999.999314,999.999310,999.999297,999.999274,999.999242,999.999202,999.999152,999.999094,999.999028,999.998958,999.998887,999.998821,999.998761,999.998709,999.998667,999.998636,999.998619,999.998616,999.998627,999.998651,999.998687,999.998735,999.998793,999.998863,999.998942,999.999029,999.999122,999.999219,999.999319,999.999422,999.999528,999.999639,999.999753,999.999871,999.999991,1000.000115,1000.000241,1000.000372,1000.000509,1000.000651,1000.000798,1000.000950,1000.001104,1000.001266,1000.001430,1000.001619,0.000000,0.000000,0.000000,0.000000,0.000000,0.000000
0.000000,0.000000,0.000000,0.000000,0.000000,0.000000,1000.001562,1000.001392,1000.001230,1000.001073,1000.000922,1000.000776,1000.000635,1000.000499,1000.000370,1000.000244,1000.000120,999.999996,999.999874,999.999754,999.999637,999.999524,999.999414,999.999308,999.999207,999.999111,999.999022,999.998939,999.998865,999.998802,999.998748,999.998707,999.998679,999.998667,999.998672,999.998696,999.998736,999.998789,999.998852,999.998923,999.998996,999.999071,999.999145,999.999216,999.999280,999.999337,999.999385,999.999426,999.999460,999.999485,999.999501,999.999507,999.999502,999.999487,999.999462,999.999427,999.999383,999.999329,999.999265,999.999193,999.999113,999.999030,999.998948,999.998870,999.998798,999.998733,999.998680,999.998639,999.998615,999.998609,999.998619,999.998645,999.998684,999.998736,999.998800,999.998874,999.998958,999.999049,999.999145,999.999245,999.999348,999.999454,999.999564,999.999677,999.999794,999.999915,1000.000039,1000.000166,1000.000297,1000.000435,1000.000578,1000.000727,1000.000882,1000.001040,1000.001204,1000.001374,1000.001534,0.000000,0.000000,0.000000,0.000000,0.000000,0.000000
0.000000,0.000000,0.000000,0.000000,0.000000,1000.001654,1000.001478,1000.001318,1000.001159,1000.001005,1000.000854,1000.000708,1000.000566,1000.000430,1000.000300,1000.000172,1000.000046,999.999922,999.999798,999.999678,999.999562,999.999449,999.999339,999.999234,999.999134,999.999041,999.998955,999.998877,999.998809,999.998752,999.998708,999.998679,999.998666,999.998673,999.998700,999.998748,999.998812,999.998887,999.998969,999.999055,999.999142,999.999227,999.999309,999.999386,999.999456,999.999518,999.999571,999.999616,999.999652,999.999679,999.999695,999.999701,999.999696,999.999679,999.999653,999.999616,999.999568,999.999512,999.999445,999.999369,999.999284,999.999192,999.999098,999.999005,999.998915,999.998832,999.998755,999.998690,999.998641,999.998612,999.998605,999.998617,999.998645,999.998688,999.998745,999.998814,999.998893,999.998981,999.999076,999.999176,999.999278,999.999383,999.999492,999.999605,999.999721,999.999842,999.999966,1000.000093,1000.000226,1000.000364,1000.000508,1000.000659,1000.000814,1000.000975,1000.001139,1000.001311,1000.001485,1000.001683,0.000000,0.000000,0.000000,0.000000,0.000000
0.000000,0.000000,0.000000,0.000000,0.000000,1000.001573,1000.001406,1000.001248,1000.001092,1000.000939,1000.000788,1000.000642,1000.000500,1000.000364,1000.000233,1000.000103,999.999976,999.999850,999.999727,999.999607,999.999491,999.999379,999.999269,999.999165,999.999067,999.998977,999.998896,999.998824,999.998763,999.998715,999.998681,999.998667,999.998673,999.998703,999.998756,999.998828,999.998913,999.999006,999.999104,999.999202,999.999299,999.999392,999.999479,999.999560,999.999634,999.999699,999.999756,999.999804,999.999842,999.999869,999.999886,999.999892,999.999886,999.999869,999.999842,999.999803,999.999755,999.999696,999.999628,999.999549,999.999461,999.999364,999.999262,999.999157,999.999055,999.998955,999.998859,999.998770,999.998695,999.998641,999.998611,999.998604,999.998618,999.998651,999.998699,999.998761,999.998835,999.998919,999.999012,999.999110,999.999211,999.999316,999.999424,999.999536,999.999652,999.999772,999.999896,1000.000024,1000.000158,1000.000297,1000.000442,1000.000593,1000.000749,1000.000911,1000.001077,1000.001249,1000.001428,1000.001603,0.000000,0.000000,0.000000,0.000000,0.000000
0.000000,0.000000,0.000000,0.000000,1000.001652,1000.001491,1000.001338,1000.001183,1000.001029,1000.000876,1000.000726,1000.000580,1000.000438,1000.000301,1000.000168,1000.000038,999.999909,999.999784,999.999661,999.999541,999.999425,999.999313,999.999205,999.999102,999.999007,999.998921,999.998844,999.998779,999.998726,999.998688,999.998669,999.998672,999.998702,999.998757,999.998835,999.998928,999.999032,999.999140,999.999249,999.999357,999.999460,999.999558,999.999650,999.999733,999.999809,999.999877,999.999936,999.999985,1000.000024,1000.000052,1000.000069,1000.000075,1000.000069,1000.000053,1000.000026,999.999987,999.999937,999.999878,999.999808,999.999728,999.999638,999.999538,999.999431,999.999319,999.999206,999.999093,999.998982,999.998874,999.998776,999.998696,999.998640,999.998610,999.998606,999.998625,999.998663,999.998716,999.998784,999.998863,999.998952,999.999048,999.999149,999.999253,999.999361,999.999472,999.999587,999.999707,999.999831,999.999960,1000.000094,1000.000234,1000.000380,1000.000531,1000.000687,1000.000848,1000.001016,1000.001188,1000.001368,1000.001551,1000.001755,0.000000,0.000000,0.000000,0.000000
0.000000,0.000000,0.000000,0.000000,1000.001590,1000.001429,1000.001276,1000.001122,1000.000969,1000.000816,1000.000666,1000.000521,1000.000379,1000.000242,1000.000108,999.999976,999.999848,999.999722,999.999600,999.999480,999.999365,999.999253,999.999146,999.999046,999.998954,999.998872,999.998801,999.998743,999.998699,999.998674,999.998671,999.998696,999.998751,999.998831,999.998931,999.999043,999.999161,999.999280,999.999398,999.999512,999.999620,999.999722,999.999816,999.999902,999.999980,1000.000049,1000.000109,1000.000159,1000.000198,1000.000225,1000.000242,1000.000248,1000.000243,1000.000227,1000.000201,1000.000163,1000.000113,1000.000054,999.999983,999.999902,999.999810,999.999708,999.999598,999.999481,999.999360,999.999238,999.999115,999.998992,999.998876,999.998773,999.998691,999.998636,999.998610,999.998611,999.998636,999.998680,999.998740,999.998813,999.998898,999.998991,999.999090,999.999194,999.999301,999.999411,999.999526,999.999645,999.999770,999.999899,1000.000034,1000.000175,1000.000321,1000.000472,1000.000627,1000.000789,1000.000957,1000.001130,1000.001309,1000.001492,1000.001679,0.000000,0.000000,0.000000,0.000000
0.000000,0.000000,0.000000,0.000000,1000.001532,1000.001373,1000.001218,1000.001064,1000.000912,1000.000760,1000.000610,1000.000465,1000.000323,1000.000186,1000.000051,999.999920,999.999791,999.999666,999.999543,999.999424,999.999309,999.999198,999.999093,999.998995,999.998907,999.998830,999.998765,999.998714,999.998682,999.998672,999.998689,999.998738,999.998818,999.998921,999.999039,999.999165,999.999294,999.999422,999.999546,999.999665,999.999777,999.999881,999.999977,1000.000065,1000.000145,1000.000215,1000.000275,1000.000324,1000.000361,1000.000388,1000.000404,1000.000410,1000.000405,1000.000391,1000.000365,1000.000328,1000.000280,1000.000220,1000.000150,1000.000069,999.999976,999.999873,999.999760,999.999639,999.999513,999.999383,999.999251,999.999117,999.998986,999.998864,999.998760,999.998679,999.998629,999.998610,999.998620,999.998651,999.998702,999.998769,999.998849,999.998939,999.999036,999.999138,999.999245,999.999355,999.999469,999.999588,999.999713,999.999843,999.999979,1000.000120,1000.000266,1000.000416,1000.000571,1000.000732,1000.000900,1000.001074,1000.001253,1000.001440,1000.001630,0.000000,0.000000,0.000000,0.000000
0.000000,0.000000,0.000000,1000.001646,1000.001475,1000.001319,1000.001164,1000.001011,1000.000858,1000.000706,1000.000557,1000.000412,1000.000271,1000.000134,1000.000000,999.999868,999.999740,999.999614,999.999492,999.999373,999.999258,999.999148,999.999045,999.998950,999.998866,999.998793,999.998735,999.998694,999.998675,999.998682,999.998722,999.998796,999.998899,999.999021,999.999154,999.999290,999.999427,999.999562,999.999691,999.999813,999.999927,1000.000033,1000.000131,1000.000221,1000.000301,1000.000370,1000.000429,1000.000477,1000.000514,1000.000540,1000.000556,1000.000562,1000.000558,1000.000544,1000.000519,1000.000483,1000.000436,1000.000377,1000.000307,1000.000226,1000.000133,1000.000028,999.999913,999.999790,999.999659,999.999523,999.999384,999.999242,999.999101,999.998965,999.998841,999.998737,999.998662,999.998622,999.998614,999.998632,999.998673,999.998731,999.998805,999.998891,999.998985,999.999086,999.999192,999.999301,999.999415,999.999535,999.999660,999.999791,999.999928,1000.000069,1000.000215,1000.000364,1000.000518,1000.000679,1000.000847,1000.001021,1000.001200,1000.001386,1000.001580,1000.001790,0.000000,0.000000,0.000000
0.000000,0.000000,0.000000,1000.001593,1000.001430,1000.001272,1000.001115,1000.000961,1000.000808,1000.000657,1000.000508,1000.000363,1000.000223,1000.000087,999.999953,999.999822,999.999693,999.999568,999.999445,999.999325,999.999211,999.999102,999.999001,999.998910,999.998829,999.998762,999.998712,999.998682,999.998678,999.998705,999.998768,999.998865,999.998988,999.999125,999.999268,999.999413,999.999556,999.999696,999.999830,999.999955,1000.000071,1000.000178,1000.000277,1000.000366,1000.000446,1000.000514,1000.000572,1000.000619,1000.000656,1000.000682,1000.000698,1000.000705,1000.000701,1000.000688,1000.000664,1000.000629,1000.000582,1000.000524,1000.000454,1000.000373,1000.000279,1000.000175,1000.000059,999.999933,999.999798,999.999658,999.999513,999.999364,999.999215,999.999068,999.998929,999.998805,999.998708,999.998645,999.998617,999.998621,999.998650,999.998700,999.998766,999.998847,999.998938,999.999037,999.999142,999.999251,999.999365,999.999485,999.999611,999.999742,999.999880,1000.000022,1000.000167,1000.000316,1000.000469,1000.000629,1000.000798,1000.000972,1000.001150,1000.001334,1000.001524,1000.001718,0.000000,0.000000,0.000000
0.000000,0.000000,0.000000,1000.001549,1000.001389,1000.001229,1000.001071,1000.000916,1000.000762,1000.000611,1000.000463,1000.000319,1000.000180,1000.000044,999.999910,999.999779,999.999651,999.999525,999.999402,999.999283,999.999168,999.999061,999.998962,999.998873,999.998796,999.998735,999.998694,999.998677,999.998689,999.998737,999.998823,999.998940,999.999079,999.999227,999.999379,999.999530,999.999679,999.999823,999.999960,1000.000087,1000.000204,1000.000311,1000.000410,1000.000499,1000.000578,1000.000646,1000.000703,1000.000750,1000.000787,1000.000814,1000.000831,1000.000838,1000.000835,1000.000822,1000.000799,1000.000766,1000.000721,1000.000663,1000.000593,1000.000510,1000.000416,1000.000311,1000.000194,1000.000067,999.999930,999.999786,999.999636,999.999482,999.999327,999.999172,999.999020,999.998880,999.998762,999.998677,999.998629,999.998616,999.998634,999.998674,999.998733,999.998808,999.998895,999.998992,999.999095,999.999204,999.999319,999.999439,999.999565,999.999697,999.999835,999.999977,1000.000123,1000.000271,1000.000424,1000.000585,1000.000752,1000.000926,1000.001103,1000.001284,1000.001471,1000.001661,0.000000,0.000000,0.000000
0.000000,0.000000,0.000000,1000.001516,1000.001352,1000.001191,1000.001032,1000.000875,1000.000720,1000.000569,1000.000422,1000.000279,1000.000140,1000.000004,999.999870,999.999740,999.999611,999.999485,999.999362,999.999244,999.999130,999.999024,999.998927,999.998841,999.998768,999.998714,999.998682,999.998679,999.998709,999.998777,999.998883,999.999017,999.999168,999.999325,999.999483,999.999640,999.999793,999.999941,1000.000079,1000.000207,1000.000324,1000.000432,1000.000530,1000.000620,1000.000699,1000.000767,1000.000825,1000.000872,1000.000910,1000.000938,1000.000956,1000.000963,1000.000961,1000.000948,1000.000926,1000.000894,1000.000850,1000.000793,1000.000723,1000.000639,1000.000544,1000.000437,1000.000319,1000.000190,1000.000053,999.999907,999.999754,999.999596,999.999435,999.999273,999.999112,999.998959,999.998824,999.998717,999.998648,999.998618,999.998622,999.998653,999.998705,999.998774,999.998857,999.998951,999.999052,999.999161,999.999276,999.999396,999.999523,999.999656,999.999794,999.999936,1000.000082,1000.000231,1000.000384,1000.000544,1000.000712,1000.000884,1000.001060,1000.001239,1000.001421,1000.001610,0.000000,0.000000,0.000000
0.000000,0.000000,0.000000,1000.001492,1000.001324,1000.001158,1000.000997,1000.000839,1000.000683,1000.000531,1000.000385,1000.000243,1000.000104,999.999968,999.999834,999.999702,999.999574,999.999449,999.999327,999.999209,999.999096,999.998991,999.998895,999.998811,999.998744,999.998697,999.998677,999.998688,999.998736,999.998823,999.998946,999.999093,999.999252,999.999416,999.999580,999.999742,999.999899,1000.000048,1000.000187,1000.000315,1000.000433,1000.000540,1000.000639,1000.000729,1000.000809,1000.000878,1000.000937,1000.000985,1000.001023,1000.001052,1000.001070,1000.001078,1000.001076,1000.001064,1000.001042,1000.001010,1000.000968,1000.000912,1000.000842,1000.000759,1000.000663,1000.000554,1000.000435,1000.000304,1000.000165,1000.000018,999.999864,999.999703,999.999538,999.999371,999.999203,999.999039,999.998890,999.998765,999.998674,999.998626,999.998616,999.998637,999.998683,999.998746,999.998824,999.998914,999.999014,999.999121,999.999236,999.999358,999.999485,999.999618,999.999756,999.999898,1000.000044,1000.000194,1000.000349,1000.000509,1000.000675,1000.000846,1000.001020,1000.001198,1000.001379,1000.001564,0.000000,0.000000,0.000000
0.000000,0.000000,1000.001653,1000.001468,1000.001296,1000.001128,1000.000966,1000.000807,1000.000650,1000.000498,1000.000351,1000.000210,1000.000072,999.999935,999.999800,999.999668,999.999540,999.999415,999.999294,999.999177,999.999065,999.998961,999.998867,999.998787,999.998725,999.998686,999.998676,999.998702,999.998768,999.998873,999.999009,999.999165,999.999331,999.999500,999.999669,999.999835,999.999994,1000.000145,1000.000284,1000.000413,1000.000531,1000.000639,1000.000737,1000.000827,1000.000908,1000.000979,1000.001038,1000.001087,1000.001127,1000.001155,1000.001174,1000.001182,1000.001180,1000.001168,1000.001147,1000.001115,1000.001073,1000.001018,1000.000950,1000.000867,1000.000771,1000.000661,1000.000540,1000.000409,1000.000269,1000.000121,999.999965,999.999802,999.999634,999.999462,999.999289,999.999117,999.998956,999.998816,999.998707,999.998640,999.998615,999.998626,999.998664,999.998722,999.998796,999.998883,999.998980,999.999086,999.999201,999.999323,999.999450,999.999583,999.999721,999.999863,1000.000010,1000.000161,1000.000316,1000.000477,1000.000642,1000.000812,1000.000985,1000.001161,1000.001340,1000.001517,1000.001701,0.000000,0.000000
0.000000,0.000000,1000.001616,1000.001444,1000.001271,1000.001102,1000.000939,1000.000778,1000.000621,1000.000469,1000.000322,1000.000181,1000.000042,999.999905,999.999769,999.999637,999.999509,999.999385,999.999265,999.999149,999.999038,999.998935,999.998844,999.998767,999.998710,999.998679,999.998680,999.998720,999.998803,999.998922,999.999069,999.999232,999.999403,999.999576,999.999749,999.999918,1000.000080,1000.000231,1000.000372,1000.000501,1000.000619,1000.000727,1000.000826,1000.000917,1000.000998,1000.001069,1000.001129,1000.001179,1000.001218,1000.001247,1000.001266,1000.001274,1000.001272,1000.001260,1000.001239,1000.001208,1000.001166,1000.001111,1000.001044,1000.000962,1000.000866,1000.000757,1000.000636,1000.000504,1000.000362,1000.000213,1000.000056,999.999891,999.999720,999.999545,999.999368,999.999190,999.999021,999.998868,999.998744,999.998659,999.998619,999.998619,999.998649,999.998702,999.998772,999.998857,999.998952,999.999057,999.999171,999.999292,999.999420,999.999552,999.999690,999.999832,999.999979,1000.000130,1000.000286,1000.000447,1000.000612,1000.000781,1000.000953,1000.001129,1000.001306,1000.001483,1000.001662,0.000000,0.000000
0.000000,0.000000,1000.001595,1000.001421,1000.001248,1000.001079,1000.000915,1000.000754,1000.000597,1000.000444,1000.000298,1000.000156,1000.000016,999.999878,999.999741,999.999609,999.999481,999.999358,999.999239,999.999124,999.999015,999.998914,999.998824,999.998752,999.998701,999.998677,999.998688,999.998741,999.998838,999.998970,999.999125,999.999293,999.999468,999.999645,999.999821,999.999992,1000.000156,1000.000309,1000.000450,1000.000579,1000.000697,1000.000805,1000.000905,1000.000996,1000.001078,1000.001149,1000.001209,1000.001259,1000.001298,1000.001327,1000.001345,1000.001353,1000.001351,1000.001339,1000.001318,1000.001288,1000.001246,1000.001192,1000.001125,1000.001044,1000.000949,1000.000841,1000.000720,1000.000588,1000.000447,1000.000297,1000.000138,999.999972,999.999798,999.999620,999.999439,999.999256,999.999080,999.998917,999.998781,999.998682,999.998628,999.998616,999.998639,999.998686,999.998753,999.998834,999.998928,999.999032,999.999145,999.999266,999.999394,999.999526,999.999663,999.999805,999.999952,1000.000103,1000.000259,1000.000419,1000.000584,1000.000753,1000.000925,1000.001099,1000.001276,1000.001454,1000.001633,0.000000,0.000000
0.000000,0.000000,1000.001579,1000.001401,1000.001228,1000.001059,1000.000894,1000.000733,1000.000577,1000.000425,1000.000278,1000.000135,999.999994,999.999855,999.999717,999.999584,999.999456,999.999334,999.999216,999.999102,999.998994,999.998895,999.998809,999.998740,999.998695,999.998678,999.998698,999.998763,999.998871,999.999012,999.999174,999.999347,999.999526,999.999707,999.999885,1000.000057,1000.000222,1000.000376,1000.000517,1000.000647,1000.000766,1000.000875,1000.000975,1000.001066,1000.001147,1000.001218,1000.001278,1000.001327,1000.001367,1000.001395,1000.001413,1000.001421,1000.001418,1000.001407,1000.001385,1000.001354,1000.001313,1000.001260,1000.001193,1000.001113,1000.001019,1000.000911,1000.000792,1000.000661,1000.000521,1000.000371,1000.000212,1000.000043,999.999867,999.999686,999.999502,999.999315,999.999132,999.998962,999.998816,999.998705,999.998639,999.998617,999.998632,999.998674,999.998736,999.998815,999.998908,999.999011,999.999124,999.999245,999.999373,999.999505,999.999642,999.999784,999.999930,1000.000080,1000.000234,1000.000394,1000.000558,1000.000727,1000.000899,1000.001073,1000.001250,1000.001430,1000.001611,0.000000,0.000000
0.000000,0.000000,1000.001565,1000.001384,1000.001210,1000.001041,1000.000876,1000.000716,1000.000561,1000.000410,1000.000263,1000.000119,999.999976,999.999835,999.999696,999.999563,999.999435,999.999313,999.999196,999.999083,999.998977,999.998880,999.998796,999.998732,999.998691,999.998681,999.998709,999.998783,999.998900,999.999049,999.999217,999.999395,999.999577,999.999760,999.999939,1000.000112,1000.000277,1000.000432,1000.000575,1000.000705,1000.000825,1000.000935,1000.001036,1000.001126,1000.001207,1000.001277,1000.001336,1000.001385,1000.001424,1000.001452,1000.001469,1000.001477,1000.001475,1000.001462,1000.001441,1000.001409,1000.001368,1000.001315,1000.001249,1000.001170,1000.001076,1000.000970,1000.000852,1000.000723,1000.000584,1000.000434,1000.000275,1000.000105,999.999928,999.999744,999.999556,999.999366,999.999177,999.999000,999.998846,999.998726,999.998650,999.998619,999.998627,999.998664,999.998723,999.998800,999.998891,999.998994,999.999107,999.999228,999.999356,999.999489,999.999626,999.999767,999.999911,1000.000060,1000.000213,1000.000371,1000.000536,1000.000704,1000.000875,1000.001049,1000.001227,1000.001410,1000.001594,0.000000,0.000000
0.000000,0.000000,1000.001550,1000.001369,1000.001195,1000.001026,1000.000862,1000.000704,1000.000550,1000.000399,1000.000252,1000.000106,999.999962,999.999819,999.999679,999.999545,999.999417,999.999296,999.999179,999.999067,999.998962,999.998867,999.998786,999.998725,999.998689,999.998685,999.998721,999.998801,999.998925,999.999080,999.999253,999.999435,999.999619,999.999803,999.999983,1000.000156,1000.000322,1000.000478,1000.000621,1000.000754,1000.000875,1000.000986,1000.001086,1000.001176,1000.001256,1000.001325,1000.001384,1000.001433,1000.001471,1000.001498,1000.001516,1000.001523,1000.001520,1000.001508,1000.001485,1000.001453,1000.001411,1000.001358,1000.001293,1000.001214,1000.001122,1000.001016,1000.000899,1000.000772,1000.000635,1000.000486,1000.000326,1000.000157,999.999979,999.999794,999.999603,999.999409,999.999216,999.999033,999.998871,999.998744,999.998660,999.998623,999.998624,999.998656,999.998712,999.998787,999.998877,999.998980,999.999094,999.999215,999.999343,999.999476,999.999613,999.999754,999.999897,1000.000043,1000.000195,1000.000353,1000.000516,1000.000683,1000.000854,1000.001029,1000.001209,1000.001393,1000.001582,0.000000,0.000000
0.000000,0.000000,1000.001536,1000.001356,1000.001182,1000.001015,1000.000853,1000.000695,1000.000542,1000.000391,1000.000243,1000.000097,999.999951,999.999807,999.999666,999.999532,999.999404,999.999283,999.999166,999.999054,999.998950,999.998856,999.998778,999.998720,999.998688,999.998689,999.998730,999.998817,999.998946,999.999106,999.999283,999.999466,999.999652,999.999836,1000.000016,1000.000190,1000.000355,1000.000512,1000.000658,1000.000791,1000.000914,1000.001025,1000.001126,1000.001216,1000.001295,1000.001364,1000.001422,1000.001470,1000.001508,1000.001535,1000.001552,1000.001558,1000.001555,1000.001542,1000.001520,1000.001488,1000.001445,1000.001391,1000.001325,1000.001247,1000.001155,1000.001051,1000.000936,1000.000810,1000.000673,1000.000525,1000.000365,1000.000197,1000.000020,999.999834,999.999642,999.999445,999.999248,999.999060,999.998892,999.998759,999.998669,999.998626,999.998622,999.998650,999.998703,999.998777,999.998867,999.998970,999.999084,999.999207,999.999335,999.999468,999.999605,999.999744,999.999886,1000.000031,1000.000182,1000.000338,1000.000499,1000.000666,1000.000837,1000.001012,1000.001193,1000.001380,1000.001572,0.000000,0.000000
0.000000,0.000000,1000.001523,1000.001345,1000.001173,1000.001007,1000.000846,1000.000690,1000.000537,1000.000385,1000.000237,1000.000090,999.999944,999.999800,999.999659,999.999523,999.999396,999.999274,999.999157,999.999045,999.998940,999.998848,999.998772,999.998717,999.998688,999.998692,999.998738,999.998829,999.998963,999.999126,999.999305,999.999489,999.999675,999.999860,1000.000040,1000.000213,1000.000378,1000.000535,1000.000682,1000.000817,1000.000941,1000.001053,1000.001154,1000.001245,1000.001324,1000.001392,1000.001450,1000.001497,1000.001534,1000.001561,1000.001577,1000.001584,1000.001580,1000.001567,1000.001545,1000.001512,1000.001468,1000.001414,1000.001347,1000.001269,1000.001178,1000.001075,1000.000961,1000.000836,1000.000700,1000.000552,1000.000393,1000.000225,1000.000048,999.999863,999.999670,999.999472,999.999273,999.999081,999.998909,999.998771,999.998676,999.998628,999.998620,999.998646,999.998698,999.998770,999.998860,999.998964,999.999079,999.999202,999.999330,999.999463,999.999599,999.999737,999.999879,1000.000023,1000.000172,1000.000326,1000.000486,1000.000652,1000.000823,1000.000998,1000.001180,1000.001367,1000.001562,0.000000,0.000000
0.000000,0.000000,1000.001511,1000.001338,1000.001168,1000.001003,1000.000843,1000.000687,1000.000533,1000.000381,1000.000232,1000.000085,999.999940,999.999796,999.999655,999.999520,999.999391,999.999269,999.999151,999.999039,999.998935,999.998843,999.998768,999.998714,999.998687,999.998694,999.998743,999.998838,999.998975,999.999140,999.999320,999.999505,999.999691,999.999875,1000.000054,1000.000226,1000.000390,1000.000547,1000.000694,1000.000830,1000.000955,1000.001068,1000.001170,1000.001262,1000.001341,1000.001409,1000.001466,1000.001513,1000.001550,1000.001577,1000.001593,1000.001599,1000.001596,1000.001582,1000.001559,1000.001526,1000.001482,1000.001426,1000.001360,1000.001281,1000.001190,1000.001088,1000.000975,1000.000851,1000.000716,1000.000568,1000.000409,1000.000241,1000.000065,999.999881,999.999689,999.999490,999.999290,999.999096,999.998921,999.998779,999.998681,999.998629,999.998619,999.998644,999.998695,999.998767,999.998856,999.998961,999.999076,999.999200,999.999329,999.999461,999.999596,999.999734,999.999875,1000.000019,1000.000167,1000.000319,1000.000477,1000.000642,1000.000812,1000.000988,1000.001169,1000.001356,1000.001551,0.000000,0.000000
0.000000,1000.001672,1000.001496,1000.001334,1000.001167,1000.001002,1000.000842,1000.000686,1000.000532,1000.000379,1000.000230,1000.000084,999.999940,999.999797,999.999656,999.999521,999.999392,999.999268,999.999150,999.999037,999.998932,999.998840,999.998765,999.998712,999.998686,999.998694,999.998745,999.998843,999.998981,999.999148,999.999328,999.999512,999.999698,999.999881,1000.000058,1000.000229,1000.000393,1000.000548,1000.000694,1000.000831,1000.000956,1000.001071,1000.001174,1000.001267,1000.001347,1000.001415,1000.001472,1000.001519,1000.001555,1000.001582,1000.001598,1000.001605,1000.001601,1000.001587,1000.001564,1000.001530,1000.001485,1000.001429,1000.001362,1000.001282,1000.001192,1000.001090,1000.000978,1000.000855,1000.000721,1000.000574,1000.000415,1000.000247,1000.000070,999.999887,999.999695,999.999498,999.999298,999.999104,999.998928,999.998784,999.998683,999.998629,999.998619,999.998644,999.998695,999.998767,999.998856,999.998961,999.999078,999.999202,999.999331,999.999463,999.999597,999.999734,999.999875,1000.000018,1000.000165,1000.000316,1000.000473,1000.000636,1000.000805,1000.000980,1000.001161,1000.001347,1000.001533,1000.001738,0.000000
0.000000,0.000000,1000.001502,1000.001335,1000.001168,1000.001005,1000.000844,1000.000687,1000.000532,1000.000380,1000.000231,1000.000085,999.999942,999.999800,999.999661,999.999526,999.999396,999.999272,999.999153,999.999039,999.998934,999.998841,999.998766,999.998712,999.998686,999.998694,999.998746,999.998843,999.998982,999.999147,999.999327,999.999511,999.999696,999.999878,1000.000054,1000.000224,1000.000385,1000.000539,1000.000684,1000.000820,1000.000946,1000.001062,1000.001167,1000.001260,1000.001341,1000.001410,1000.001467,1000.001514,1000.001550,1000.001576,1000.001593,1000.001599,1000.001595,1000.001582,1000.001558,1000.001524,1000.001478,1000.001421,1000.001353,1000.001274,1000.001184,1000.001082,1000.000970,1000.000848,1000.000715,1000.000569,1000.000411,1000.000242,1000.000066,999.999882,999.999691,999.999494,999.999296,999.999105,999.998930,999.998785,999.998683,999.998630,999.998620,999.998646,999.998697,999.998770,999.998860,999.998966,999.999083,999.999208,999.999336,999.999467,999.999601,999.999737,999.999878,1000.000021,1000.000167,1000.000317,1000.000472,1000.000634,1000.000801,1000.000975,1000.001155,1000.001343,1000.001534,0.000000,0.000000
0.000000,0.000000,1000.001506,1000.001338,1000.001174,1000.001011,1000.000850,1000.000692,1000.000536,1000.000384,1000.000235,1000.000090,999.999947,999.999807,999.999669,999.999534,999.999404,999.999278,999.999158,999.999044,999.998938,999.998845,999.998769,999.998714,999.998686,999.998694,999.998743,999.998839,999.998975,999.999139,999.999318,999.999501,999.999685,999.999865,1000.000040,1000.000208,1000.000369,1000.000521,1000.000664,1000.000800,1000.000926,1000.001043,1000.001148,1000.001242,1000.001324,1000.001393,1000.001451,1000.001497,1000.001534,1000.001560,1000.001576,1000.001582,1000.001579,1000.001566,1000.001542,1000.001507,1000.001460,1000.001403,1000.001335,1000.001256,1000.001166,1000.001064,1000.000953,1000.000832,1000.000699,1000.000554,1000.000396,1000.000227,1000.000051,999.999867,999.999676,999.999480,999.999285,999.999096,999.998924,999.998781,999.998681,999.998630,999.998622,999.998649,999.998703,999.998776,999.998867,999.998973,999.999091,999.999216,999.999344,999.999475,999.999608,999.999744,999.999884,1000.000027,1000.000173,1000.000322,1000.000476,1000.000636,1000.000802,1000.000975,1000.001153,1000.001336,1000.001526,0.000000,0.000000
0.000000,0.000000,1000.001515,1000.001348,1000.001183,1000.001020,1000.000858,1000.000699,1000.000544,1000.000391,1000.000242,1000.000097,999.999955,999.999816,999.999679,999.999545,999.999414,999.999287,999.999166,999.999052,999.998946,999.998853,999.998775,999.998718,999.998688,999.998692,999.998738,999.998831,999.998963,999.999124,999.999300,999.999482,999.999665,999.999843,1000.000016,1000.000184,1000.000344,1000.000495,1000.000637,1000.000772,1000.000897,1000.001014,1000.001119,1000.001213,1000.001295,1000.001365,1000.001423,1000.001470,1000.001506,1000.001532,1000.001548,1000.001555,1000.001552,1000.001539,1000.001515,1000.001479,1000.001433,1000.001375,1000.001307,1000.001228,1000.001138,1000.001036,1000.000925,1000.000804,1000.000672,1000.000527,1000.000370,1000.000202,1000.000026,999.999842,999.999651,999.999457,999.999264,999.999080,999.998911,999.998772,999.998677,999.998630,999.998626,999.998655,999.998710,999.998786,999.998878,999.998985,999.999102,999.999226,999.999354,999.999485,999.999617,999.999753,999.999893,1000.000036,1000.000181,1000.000330,1000.000484,1000.000643,1000.000808,1000.000979,1000.001154,1000.001335,1000.001519,0.000000,0.000000
0.000000,0.000000,1000.001531,1000.001362,1000.001196,1000.001033,1000.000870,1000.000711,1000.000555,1000.000402,1000.000252,1000.000107,999.999966,999.999828,999.999692,999.999558,999.999427,999.999299,999.999177,999.999062,999.998956,999.998862,999.998783,999.998723,999.998689,999.998689,999.998731,999.998819,999.998946,999.999102,999.999274,999.999454,999.999634,999.999811,999.999984,1000.000150,1000.000309,1000.000460,1000.000602,1000.000735,1000.000860,1000.000975,1000.001080,1000.001174,1000.001256,1000.001326,1000.001384,1000.001431,1000.001467,1000.001493,1000.001509,1000.001516,1000.001514,1000.001501,1000.001477,1000.001441,1000.001394,1000.001337,1000.001269,1000.001190,1000.001099,1000.000998,1000.000887,1000.000766,1000.000634,1000.000489,1000.000332,1000.000165,999.999990,999.999807,999.999617,999.999424,999.999234,999.999054,999.998892,999.998759,999.998670,999.998629,999.998629,999.998663,999.998721,999.998799,999.998893,999.998999,999.999116,999.999239,999.999367,999.999497,999.999630,999.999766,999.999905,1000.000048,1000.000194,1000.000343,1000.000497,1000.000655,1000.000819,1000.000987,1000.001159,1000.001336,1000.001517,0.000000,0.000000
0.000000,0.000000,1000.001552,1000.001380,1000.001213,1000.001049,1000.000886,1000.000727,1000.000570,1000.000417,1000.000267,1000.000121,999.999980,999.999843,999.999707,999.999574,999.999442,999.999314,999.999192,999.999076,999.998970,999.998875,999.998794,999.998731,999.998693,999.998687,999.998722,999.998802,999.998924,999.999073,999.999240,999.999416,999.999595,999.999771,999.999942,1000.000107,1000.000266,1000.000416,1000.000558,1000.000690,1000.000813,1000.000927,1000.001031,1000.001125,1000.001207,1000.001277,1000.001336,1000.001382,1000.001418,1000.001444,1000.001461,1000.001468,1000.001465,1000.001452,1000.001428,1000.001392,1000.001345,1000.001288,1000.001220,1000.001140,1000.001050,1000.000949,1000.000838,1000.000717,1000.000584,1000.000440,1000.000284,1000.000118,999.999943,999.999762,999.999573,999.999382,999.999195,999.999021,999.998865,999.998741,999.998661,999.998628,999.998634,999.998672,999.998734,999.998814,999.998909,999.999016,999.999132,999.999255,999.999382,999.999512,999.999645,999.999782,999.999921,1000.000064,1000.000211,1000.000361,1000.000514,1000.000672,1000.000833,1000.000999,1000.001169,1000.001342,1000.001519,0.000000,0.000000
0.000000,0.000000,1000.001578,1000.001402,1000.001233,1000.001068,1000.000906,1000.000747,1000.000590,1000.000436,1000.000286,1000.000140,999.999999,999.999860,999.999725,999.999591,999.999460,999.999332,999.999210,999.999094,999.998986,999.998890,999.998807,999.998741,999.998698,999.998685,999.998712,999.998783,999.998895,999.999037,999.999198,999.999370,999.999546,999.999720,999.999891,1000.000056,1000.000214,1000.000364,1000.000504,1000.000636,1000.000758,1000.000871,1000.000974,1000.001066,1000.001149,1000.001219,1000.001278,1000.001325,1000.001361,1000.001386,1000.001403,1000.001410,1000.001407,1000.001393,1000.001368,1000.001332,1000.001285,1000.001227,1000.001159,1000.001080,1000.000990,1000.000890,1000.000778,1000.000656,1000.000523,1000.000379,1000.000224,1000.000059,999.999886,999.999705,999.999519,999.999330,999.999148,999.998980,999.998833,999.998720,999.998651,999.998627,999.998640,999.998683,999.998749,999.998832,999.998928,999.999035,999.999151,999.999273,999.999399,999.999530,999.999664,999.999801,999.999941,1000.000084,1000.000231,1000.000382,1000.000536,1000.000693,1000.000853,1000.001016,1000.001183,1000.001354,1000.001525,0.000000,0.000000
0.000000,0.000000,1000.001605,1000.001428,1000.001256,1000.001090,1000.000928,1000.000770,1000.000613,1000.000459,1000.000308,1000.000162,1000.000021,999.999882,999.999746,999.999613,999.999481,999.999353,999.999231,999.999115,999.999007,999.998909,999.998823,999.998754,999.998706,999.998686,999.998702,999.998761,999.998862,999.998995,999.999149,999.999315,999.999488,999.999661,999.999831,999.999996,1000.000154,1000.000303,1000.000442,1000.000573,1000.000694,1000.000805,1000.000907,1000.000999,1000.001080,1000.001151,1000.001210,1000.001257,1000.001293,1000.001319,1000.001335,1000.001342,1000.001338,1000.001323,1000.001297,1000.001260,1000.001213,1000.001155,1000.001086,1000.001008,1000.000919,1000.000819,1000.000707,1000.000584,1000.000451,1000.000307,1000.000153,999.999988,999.999816,999.999638,999.999454,999.999270,999.999094,999.998934,999.998798,999.998698,999.998642,999.998628,999.998649,999.998696,999.998766,999.998851,999.998949,999.999057,999.999173,999.999294,999.999420,999.999552,999.999687,999.999824,999.999965,1000.000108,1000.000256,1000.000408,1000.000561,1000.000717,1000.000876,1000.001037,1000.001202,1000.001370,1000.001539,0.000000,0.000000
0.000000,0.000000,1000.001635,1000.001456,1000.001285,1000.001117,1000.000954,1000.000796,1000.000640,1000.000486,1000.000334,1000.000188,1000.000046,999.999907,999.999771,999.999638,999.999506,999.999378,999.999256,999.999141,999.999032,999.998932,999.998843,999.998770,999.998717,999.998690,999.998695,999.998740,999.998826,999.998946,999.999092,999.999253,999.999422,999.999593,999.999762,999.999927,1000.000085,1000.000233,1000.000372,1000.000501,1000.000620,1000.000730,1000.000830,1000.000921,1000.001002,1000.001072,1000.001131,1000.001179,1000.001216,1000.001242,1000.001258,1000.001263,1000.001258,1000.001242,1000.001215,1000.001178,1000.001130,1000.001071,1000.001004,1000.000926,1000.000838,1000.000738,1000.000625,1000.000501,1000.000367,1000.000224,1000.000071,999.999908,999.999737,999.999560,999.999381,999.999203,999.999035,999.998884,999.998761,999.998676,999.998634,999.998631,999.998659,999.998712,999.998785,999.998873,999.998973,999.999082,999.999198,999.999319,999.999446,999.999578,999.999714,999.999852,999.999993,1000.000137,1000.000286,1000.000437,1000.000590,1000.000745,1000.000903,1000.001064,1000.001227,1000.001391,1000.001561,0.000000,0.000000
0.000000,0.000000,1000.001672,1000.001488,1000.001316,1000.001148,1000.000984,1000.000825,1000.000669,1000.000515,1000.000363,1000.000216,1000.000074,999.999936,999.999800,999.999666,999.999535,999.999407,999.999285,999.999169,999.999059,999.998957,999.998866,999.998790,999.998731,999.998696,999.998690,999.998721,999.998790,999.998895,999.999030,999.999183,999.999348,999.999516,999.999685,999.999849,1000.000006,1000.000153,1000.000292,1000.000420,1000.000538,1000.000646,1000.000744,1000.000833,1000.000913,1000.000983,1000.001043,1000.001091,1000.001128,1000.001154,1000.001170,1000.001174,1000.001168,1000.001151,1000.001122,1000.001084,1000.001036,1000.000978,1000.000911,1000.000834,1000.000746,1000.000646,1000.000533,1000.000408,1000.000274,1000.000131,999.999979,999.999817,999.999649,999.999476,999.999301,999.999131,999.998972,999.998833,999.998725,999.998657,999.998630,999.998638,999.998674,999.998732,999.998809,999.998899,999.999001,999.999111,999.999227,999.999349,999.999476,999.999608,999.999745,999.999884,1000.000026,1000.000171,1000.000320,1000.000471,1000.000624,1000.000778,1000.000935,1000.001095,1000.001255,1000.001415,1000.001589,0.000000,0.000000
0.000000,0.000000,0.000000,1000.001528,1000.001352,1000.001183,1000.001019,1000.000859,1000.000702,1000.000547,1000.000395,1000.000248,1000.000106,999.999967,999.999831,999.999698,999.999567,999.999440,999.999318,999.999201,999.999090,999.998986,999.998893,999.998813,999.998749,999.998706,999.998689,999.998705,999.998756,999.998845,999.998965,999.999108,999.999266,999.999431,999.999598,999.999761,999.999916,1000.000064,1000.000202,1000.000330,1000.000447,1000.000554,1000.000651,1000.000738,1000.000816,1000.000885,1000.000944,1000.000992,1000.001030,1000.001056,1000.001071,1000.001075,1000.001067,1000.001048,1000.001019,1000.000980,1000.000931,1000.000874,1000.000807,1000.000731,1000.000643,1000.000542,1000.000429,1000.000304,1000.000170,1000.000028,999.999877,999.999718,999.999553,999.999384,999.999216,999.999055,999.998907,999.998783,999.998693,999.998643,999.998631,999.998649,999.998693,999.998756,999.998837,999.998929,999.999032,999.999144,999.999261,999.999384,999.999511,999.999643,999.999781,999.999921,1000.000064,1000.000210,1000.000359,1000.000510,1000.000662,1000.000814,1000.000970,1000.001129,1000.001290,1000.001456,0.000000,0.000000,0.000000
0.000000,0.000000,0.000000,1000.001565,1000.001392,1000.001223,1000.001058,1000.000896,1000.000737,1000.000582,1000.000429,1000.000282,1000.000140,1000.000002,999.999866,999.999733,999.999603,999.999477,999.999354,999.999236,999.999123,999.999018,999.998923,999.998839,999.998770,999.998719,999.998692,999.998693,999.998727,999.998796,999.998900,999.999030,999.999179,999.999339,999.999502,999.999663,999.999817,999.999964,1000.000102,1000.000229,1000.000346,1000.000452,1000.000548,1000.000634,1000.000710,1000.000777,1000.000835,1000.000883,1000.000920,1000.000946,1000.000960,1000.000964,1000.000955,1000.000936,1000.000905,1000.000866,1000.000817,1000.000760,1000.000693,1000.000617,1000.000528,1000.000428,1000.000315,1000.000191,1000.000057,999.999916,999.999768,999.999612,999.999450,999.999288,999.999127,999.998977,999.998843,999.998738,999.998667,999.998636,999.998638,999.998667,999.998718,999.998786,999.998870,999.998965,999.999069,999.999182,999.999300,999.999423,999.999551,999.999684,999.999821,999.999962,1000.000106,1000.000253,1000.000402,1000.000553,1000.000703,1000.000855,1000.001010,1000.001167,1000.001329,1000.001496,0.000000,0.000000,0.000000
0.000000,0.000000,0.000000,1000.001608,1000.001437,1000.001268,1000.001101,1000.000938,1000.000777,1000.000620,1000.000468,1000.000320,1000.000178,1000.000040,999.999905,999.999773,999.999643,999.999517,999.999394,999.999275,999.999161,999.999054,999.998957,999.998870,999.998795,999.998737,999.998700,999.998687,999.998703,999.998753,999.998838,999.998953,999.999090,999.999241,999.999399,999.999556,999.999708,999.999853,999.999990,1000.000117,1000.000234,1000.000340,1000.000435,1000.000520,1000.000595,1000.000660,1000.000717,1000.000763,1000.000799,1000.000824,1000.000838,1000.000841,1000.000832,1000.000812,1000.000781,1000.000741,1000.000692,1000.000635,1000.000568,1000.000492,1000.000404,1000.000304,1000.000192,1000.000069,999.999937,999.999797,999.999650,999.999497,999.999342,999.999187,999.999037,999.998900,999.998784,999.998700,999.998651,999.998637,999.998652,999.998691,999.998748,999.998822,999.998909,999.999006,999.999111,999.999224,999.999343,999.999467,999.999595,999.999728,999.999866,1000.000007,1000.000152,1000.000300,1000.000449,1000.000598,1000.000748,1000.000899,1000.001052,1000.001209,1000.001371,1000.001539,0.000000,0.000000,0.000000
0.000000,0.000000,0.000000,1000.001659,1000.001486,1000.001316,1000.001149,1000.000984,1000.000822,1000.000664,1000.000510,1000.000362,1000.000219,1000.000081,999.999947,999.999815,999.999687,999.999561,999.999438,999.999318,999.999203,999.999095,999.998995,999.998905,999.998825,999.998760,999.998712,999.998686,999.998686,999.998716,999.998781,999.998879,999.999001,999.999141,999.999289,999.999440,999.999589,999.999731,999.999867,999.999993,1000.000109,1000.000215,1000.000310,1000.000394,1000.000468,1000.000532,1000.000587,1000.000631,1000.000666,1000.000690,1000.000704,1000.000706,1000.000697,1000.000677,1000.000646,1000.000607,1000.000558,1000.000500,1000.000434,1000.000357,1000.000270,1000.000171,1000.000060,999.999938,999.999808,999.999670,999.999526,999.999379,999.999231,999.999086,999.998949,999.998829,999.998734,999.998672,999.998644,999.998646,999.998673,999.998721,999.998785,999.998863,999.998953,999.999052,999.999158,999.999271,999.999390,999.999514,999.999643,999.999777,999.999914,1000.000056,1000.000201,1000.000349,1000.000499,1000.000648,1000.000797,1000.000947,1000.001099,1000.001256,1000.001413,1000.001584,0.000000,0.000000,0.000000
0.000000,0.000000,0.000000,1000.001721,1000.001537,1000.001368,1000.001200,1000.001035,1000.000872,1000.000712,1000.000557,1000.000407,1000.000264,1000.000126,999.999992,999.999861,999.999733,999.999608,999.999485,999.999365,999.999250,999.999140,999.999038,999.998945,999.998861,999.998788,999.998731,999.998693,999.998677,999.998689,999.998732,999.998809,999.998914,999.999039,999.999176,999.999318,999.999461,999.999600,999.999732,999.999857,999.999971,1000.000077,1000.000172,1000.000256,1000.000329,1000.000393,1000.000446,1000.000489,1000.000523,1000.000547,1000.000560,1000.000562,1000.000552,1000.000532,1000.000502,1000.000463,1000.000414,1000.000357,1000.000290,1000.000214,1000.000127,1000.000028,999.999919,999.999800,999.999672,999.999537,999.999398,999.999258,999.999120,999.998988,999.998867,999.998767,999.998696,999.998656,999.998647,999.998664,999.998702,999.998757,999.998828,999.998911,999.999003,999.999103,999.999209,999.999322,999.999441,999.999566,999.999695,999.999828,999.999966,1000.000107,1000.000253,1000.000402,1000.000552,1000.000700,1000.000848,1000.000998,1000.001151,1000.001305,1000.001458,1000.001626,0.000000,0.000000,0.000000
0.000000,0.000000,0.000000,0.000000,1000.001597,1000.001425,1000.001256,1000.001090,1000.000927,1000.000765,1000.000608,1000.000458,1000.000313,1000.000175,1000.000041,999.999910,999.999783,999.999658,999.999536,999.999416,999.999300,999.999190,999.999086,999.998990,999.998901,999.998823,999.998758,999.998709,999.998679,999.998673,999.998695,999.998748,999.998832,999.998939,999.999062,999.999194,999.999327,999.999460,999.999589,999.999710,999.999823,999.999927,1000.000022,1000.000106,1000.000179,1000.000242,1000.000294,1000.000337,1000.000370,1000.000394,1000.000407,1000.000408,1000.000399,1000.000378,1000.000349,1000.000310,1000.000262,1000.000205,1000.000138,1000.000062,999.999975,999.999877,999.999770,999.999653,999.999529,999.999400,999.999269,999.999139,999.999013,999.998896,999.998796,999.998718,999.998671,999.998653,999.998660,999.998690,999.998737,999.998800,999.998876,999.998962,999.999056,999.999157,999.999264,999.999377,999.999496,999.999620,999.999749,999.999883,1000.000020,1000.000163,1000.000309,1000.000459,1000.000608,1000.000756,1000.000903,1000.001052,1000.001205,1000.001362,1000.001527,0.000000,0.000000,0.000000,0.000000
0.000000,0.000000,0.000000,0.000000,1000.001653,1000.001482,1000.001316,1000.001150,1000.000986,1000.000824,1000.000666,1000.000513,1000.000367,1000.000227,1000.000093,999.999962,999.999835,999.999711,999.999589,999.999470,999.999355,999.999244,999.999139,999.999040,999.998948,999.998864,999.998792,999.998734,999.998692,999.998669,999.998672,999.998702,999.998761,999.998847,999.998952,999.999070,999.999193,999.999317,999.999439,999.999557,999.999667,999.999769,999.999862,999.999945,1000.000017,1000.000080,1000.000132,1000.000175,1000.000208,1000.000231,1000.000244,1000.000245,1000.000235,1000.000216,1000.000187,1000.000148,1000.000101,1000.000044,999.999978,999.999901,999.999815,999.999719,999.999614,999.999501,999.999384,999.999263,999.999142,999.999023,999.998912,999.998815,999.998737,999.998684,999.998659,999.998660,999.998683,999.998723,999.998779,999.998848,999.998928,999.999017,999.999113,999.999214,999.999321,999.999435,999.999554,999.999678,999.999807,999.999940,1000.000079,1000.000222,1000.000369,1000.000518,1000.000667,1000.000814,1000.000961,1000.001110,1000.001265,1000.001421,1000.001591,0.000000,0.000000,0.000000,0.000000
0.000000,0.000000,0.000000,0.000000,1000.001719,1000.001543,1000.001378,1000.001212,1000.001049,1000.000887,1000.000728,1000.000574,1000.000426,1000.000284,1000.000149,1000.000018,999.999890,999.999767,999.999646,999.999528,999.999413,999.999303,999.999196,999.999095,999.998999,999.998912,999.998834,999.998768,999.998716,999.998680,999.998665,999.998673,999.998708,999.998768,999.998852,999.998951,999.999061,999.999174,999.999287,999.999398,999.999504,999.999603,999.999693,999.999774,999.999846,999.999908,999.999961,1000.000003,1000.000036,1000.000058,1000.000070,1000.000071,1000.000062,1000.000044,1000.000016,999.999979,999.999932,999.999876,999.999809,999.999733,999.999648,999.999555,999.999454,999.999348,999.999239,999.999128,999.999018,999.998915,999.998822,999.998747,999.998693,999.998665,999.998661,999.998678,999.998714,999.998764,999.998827,999.998901,999.998984,999.999075,999.999171,999.999274,999.999382,999.999496,999.999615,999.999739,999.999868,1000.000002,1000.000142,1000.000286,1000.000433,1000.000580,1000.000728,1000.000875,1000.001022,1000.001173,1000.001326,1000.001481,1000.001649,0.000000,0.000000,0.000000,0.000000
0.000000,0.000000,0.000000,0.000000,0.000000,1000.001614,1000.001443,1000.001278,1000.001114,1000.000953,1000.000794,1000.000639,1000.000489,1000.000346,1000.000210,1000.000078,999.999950,999.999826,999.999706,999.999589,999.999475,999.999365,999.999257,999.999154,999.999056,999.998965,999.998883,999.998811,999.998750,999.998704,999.998674,999.998663,999.998674,999.998709,999.998767,999.998845,999.998936,999.999035,999.999137,999.999239,999.999338,999.999432,999.999519,999.999598,999.999668,999.999729,999.999780,999.999822,999.999854,999.999875,999.999886,999.999887,999.999879,999.999863,999.999837,999.999801,999.999755,999.999700,999.999634,999.999560,999.999478,999.999389,999.999295,999.999197,999.999098,999.998999,999.998904,999.998819,999.998748,999.998697,999.998668,999.998661,999.998675,999.998707,999.998753,999.998811,999.998880,999.998958,999.999044,999.999136,999.999234,999.999337,999.999446,999.999560,999.999679,999.999804,999.999933,1000.000068,1000.000208,1000.000352,1000.000498,1000.000645,1000.000792,1000.000939,1000.001087,1000.001239,1000.001393,1000.001564,0.000000,0.000000,0.000000,0.000000,0.000000
0.000000,0.000000,0.000000,0.000000,0.000000,1000.001695,1000.001512,1000.001348,1000.001184,1000.001022,1000.000863,1000.000707,1000.000557,1000.000413,1000.000275,1000.000142,1000.000014,999.999890,999.999770,999.999654,999.999541,999.999430,999.999322,999.999218,999.999118,999.999024,999.998938,999.998861,999.998794,999.998739,999.998697,999.998671,999.998663,999.998674,999.998706,999.998759,999.998828,999.998908,999.998994,999.999085,999.999175,999.999262,999.999343,999.999418,999.999485,999.999543,999.999593,999.999634,999.999665,999.999685,999.999695,999.999696,999.999688,999.999673,999.999649,999.999616,999.999573,999.999520,999.999457,999.999387,999.999310,999.999227,999.999140,999.999052,999.998965,999.998882,999.998806,999.998742,999.998695,999.998669,999.998662,999.998674,999.998703,999.998746,999.998801,999.998866,999.998940,999.999021,999.999109,999.999202,999.999301,999.999404,999.999513,999.999628,999.999747,999.999872,1000.000002,1000.000137,1000.000277,1000.000421,1000.000567,1000.000713,1000.000859,1000.001007,1000.001158,1000.001310,1000.001463,1000.001633,0.000000,0.000000,0.000000,0.000000,0.000000
0.000000,0.000000,0.000000,0.000000,0.000000,0.000000,1000.001593,1000.001424,1000.001258,1000.001095,1000.000936,1000.000780,1000.000629,1000.000484,1000.000345,1000.000211,1000.000082,999.999957,999.999837,999.999722,999.999610,999.999500,999.999391,999.999286,999.999185,999.999089,999.999000,999.998919,999.998846,999.998784,999.998733,999.998695,999.998670,999.998662,999.998671,999.998698,999.998742,999.998800,999.998867,999.998941,999.999019,999.999096,999.999170,999.999239,999.999301,999.999356,999.999402,999.999441,999.999471,999.999491,999.999501,999.999501,999.999494,999.999480,999.999458,999.999428,999.999388,999.999339,999.999281,999.999217,999.999147,999.999073,999.998997,999.998921,999.998849,999.998785,999.998730,999.998691,999.998668,999.998663,999.998675,999.998702,999.998743,999.998796,999.998858,999.998928,999.999006,999.999089,999.999179,999.999273,999.999372,999.999476,999.999585,999.999699,999.999819,999.999945,1000.000076,1000.000211,1000.000351,1000.000494,1000.000639,1000.000785,1000.000931,1000.001080,1000.001232,1000.001385,1000.001554,0.000000,0.000000,0.000000,0.000000,0.000000,0.000000
0.000000,0.000000,0.000000,0.000000,0.000000,0.000000,1000.001686,1000.001501,1000.001337,1000.001173,1000.001013,1000.000856,1000.000704,1000.000559,1000.000419,1000.000285,1000.000155,1000.000029,999.999908,999.999793,999.999681,999.999571,999.999464,999.999358,999.999257,999.999159,999.999068,999.998983,999.998906,999.998838,999.998779,999.998732,999.998695,999.998672,999.998662,999.998668,999.998687,999.998720,999.998764,999.998818,999.998879,999.998943,999.999006,999.999067,999.999123,999.999173,999.999215,999.999250,999.999279,999.999298,999.999308,999.999309,999.999302,999.999289,999.999270,999.999243,999.999207,999.999163,999.999113,999.999057,999.998997,999.998934,999.998870,999.998811,999.998758,999.998716,999.998685,999.998668,999.998666,999.998679,999.998705,999.998745,999.998795,999.998855,999.998922,999.998996,999.999076,999.999162,999.999253,999.999348,999.999448,999.999552,999.999661,999.999775,999.999895,1000.000022,1000.000153,1000.000289,1000.000428,1000.000571,1000.000715,1000.000861,1000.001008,1000.001158,1000.001310,1000.001462,1000.001630,0.000000,0.000000,0.000000,0.000000,0.000000,0.000000
0.000000,0.000000,0.000000,0.000000,0.000000,0.000000,0.000000,1000.001583,1000.001419,1000.001255,1000.001093,1000.000936,1000.000784,1000.000638,1000.000498,1000.000363,1000.000232,1000.000105,999.999983,999.999867,999.999755,999.999646,999.999539,999.999434,999.999332,999.999235,999.999142,999.999054,999.998974,999.998901,999.998837,999.998781,999.998735,999.998700,999.998677,999.998665,999.998664,999.998675,999.998696,999.998728,999.998768,999.998815,999.998864,999.998913,999.998960,999.999003,999.999039,999.999070,999.999095,999.999113,999.999124,999.999126,999.999121,999.999110,999.999093,999.999069,999.999038,999.999001,999.998959,999.998914,999.998865,999.998816,999.998770,999.998730,999.998699,999.998679,999.998669,999.998672,999.998686,999.998713,999.998752,999.998800,999.998857,999.998922,999.998992,999.999070,999.999152,999.999239,999.999331,999.999428,999.999528,999.999632,999.999741,999.999855,999.999975,1000.000102,1000.000234,1000.000370,1000.000509,1000.000651,1000.000795,1000.000940,1000.001088,1000.001239,1000.001390,1000.001554,0.000000,0.000000,0.000000,0.000000,0.000000,0.000000,0.000000
0.000000,0.000000,0.000000,0.000000,0.000000,0.000000,0.000000,1000.001676,1000.001497,1000.001337,1000.001176,1000.001019,1000.000867,1000.000721,1000.000581,1000.000445,1000.000313,1000.000186,1000.000063,999.999945,999.999832,999.999723,999.999616,999.999512,999.999412,999.999314,999.999220,999.999131,999.999049,999.998973,999.998904,999.998843,999.998790,999.998745,999.998711,999.998686,999.998670,999.998663,999.998665,999.998676,999.998696,999.998723,999.998755,999.998789,999.998825,999.998858,999.998886,999.998910,999.998930,999.998946,999.998956,999.998960,999.998958,999.998949,999.998935,999.998915,999.998890,999.998861,999.998829,999.998796,999.998762,999.998730,999.998704,999.998685,999.998675,999.998673,999.998680,999.998698,999.998726,999.998763,999.998810,999.998866,999.998928,999.998995,999.999069,999.999148,999.999233,999.999322,999.999415,999.999512,999.999612,999.999716,999.999824,999.999939,1000.000059,1000.000186,1000.000318,1000.000454,1000.000593,1000.000734,1000.000878,1000.001023,1000.001172,1000.001322,1000.001472,1000.001635,0.000000,0.000000,0.000000,0.000000,0.000000,0.000000,0.000000
0.000000,0.000000,0.000000,0.000000,0.000000,0.000000,0.000000,0.000000,1000.001577,1000.001422,1000.001262,1000.001105,1000.000953,1000.000807,1000.000666,1000.000530,1000.000398,1000.000270,1000.000146,1000.000027,999.999913,999.999804,999.999697,999.999594,999.999494,999.999397,999.999303,999.999214,999.999130,999.999052,999.998980,999.998915,999.998857,999.998805,999.998762,999.998727,999.998700,999.998680,999.998668,999.998663,999.998665,999.998674,999.998688,999.998707,999.998728,999.998749,999.998768,999.998784,999.998798,999.998809,999.998817,999.998822,999.998821,999.998816,999.998806,999.998791,999.998774,999.998754,999.998735,999.998715,999.998697,999.998683,999.998675,999.998674,999.998680,999.998692,999.998713,999.998742,999.998780,999.998826,999.998879,999.998940,999.999005,999.999076,999.999151,999.999232,999.999319,999.999409,999.999503,999.999600,999.999700,999.999803,999.999912,1000.000026,1000.000147,1000.000274,1000.000406,1000.000542,1000.000680,1000.000821,1000.000965,1000.001110,1000.001259,1000.001408,1000.001568,0.000000,0.000000,0.000000,0.000000,0.000000,0.000000,0.000000,0.000000
0.000000,0.000000,0.000000,0.000000,0.000000,0.000000,0.000000,0.000000,1000.001675,1000.001504,1000.001349,1000.001193,1000.001042,1000.000896,1000.000754,1000.000618,1000.000485,1000.000357,1000.000233,1000.000113,999.999998,999.999888,999.999782,999.999679,999.999579,999.999483,999.999390,999.999301,999.999216,999.999137,999.999064,999.998997,999.998934,999.998878,999.998828,999.998785,999.998749,999.998720,999.998697,999.998680,999.998670,999.998665,999.998665,999.998668,999.998676,999.998685,999.998694,999.998702,999.998709,999.998715,999.998720,999.998724,999.998725,999.998723,999.998717,999.998709,999.998700,999.998691,999.998683,999.998676,999.998671,999.998672,999.998679,999.998691,999.998709,999.998733,999.998763,999.998801,999.998847,999.998899,999.998957,999.999021,999.999089,999.999162,999.999239,999.999322,999.999410,999.999502,999.999596,999.999693,999.999792,999.999894,1000.000002,1000.000117,1000.000238,1000.000365,1000.000496,1000.000632,1000.000771,1000.000911,1000.001055,1000.001201,1000.001348,1000.001496,1000.001661,0.000000,0.000000,0.000000,0.000000,0.000000,0.000000,0.000000,0.000000
0.000000,0.000000,0.000000,0.000000,0.000000,0.000000,0.000000,0.000000,0.000000,1000.001593,1000.001440,1000.001287,1000.001135,1000.000988,1000.000847,1000.000709,1000.000576,1000.000448,1000.000324,1000.000203,1000.000088,999.999977,999.999871,999.999768,999.999668,999.999572,999.999480,999.999391,999.999305,999.999226,999.999152,999.999084,999.999021,999.998962,999.998907,999.998859,999.998816,999.998779,999.998748,999.998723,999.998703,999.998688,999.998677,999.998670,999.998666,999.998666,999.998667,999.998668,999.998669,999.998670,999.998672,999.998674,999.998676,999.998676,999.998674,999.998673,999.998671,999.998671,999.998672,999.998675,999.998682,999.998693,999.998710,999.998732,999.998759,999.998791,999.998829,999.998873,999.998924,999.998981,999.999043,999.999109,999.999179,999.999253,999.999333,999.999417,999.999507,999.999599,999.999693,999.999789,999.999887,999.999989,1000.000096,1000.000211,1000.000332,1000.000459,1000.000590,1000.000726,1000.000864,1000.001004,1000.001148,1000.001294,1000.001441,1000.001596,0.000000,0.000000,0.000000,0.000000,0.000000,0.000000,0.000000,0.000000,0.000000
0.000000,0.000000,0.000000,0.000000,0.000000,0.000000,0.000000,0.000000,0.000000,1000.001703,1000.001535,1000.001383,1000.001233,1000.001086,1000.000944,1000.000806,1000.000672,1000.000543,1000.000419,1000.000298,1000.000182,1000.000071,999.999964,999.999861,999.999761,999.999665,999.999572,999.999483,999.999398,999.999318,999.999244,999.999176,999.999112,999.999052,999.998996,999.998944,999.998896,999.998854,999.998817,999.998785,999.998758,999.998736,999.998718,999.998703,999.998692,999.998685,999.998679,999.998675,999.998672,999.998670,999.998669,999.998669,999.998670,999.998672,999.998674,999.998677,999.998681,999.998687,999.998695,999.998706,999.998721,999.998741,999.998765,999.998793,999.998826,999.998865,999.998908,999.998957,999.999012,999.999072,999.999135,999.999203,999.999274,999.999350,999.999431,999.999517,999.999608,999.999700,999.999793,999.999888,999.999985,1000.000087,1000.000194,1000.000309,1000.000430,1000.000557,1000.000688,1000.000822,1000.000959,1000.001100,1000.001244,1000.001388,1000.001535,1000.001696,0.000000,0.000000,0.000000,0.000000,0.000000,0.000000,0.000000,0.000000,0.000000
0.000000,0.000000,0.000000,0.000000,0.000000,0.000000,0.000000,0.000000,0.000000,0.000000,1000.001652,1000.001482,1000.001334,1000.001188,1000.001046,1000.000908,1000.000773,1000.000643,1000.000518,1000.000397,1000.000281,1000.000169,1000.000062,999.999959,999.999859,999.999762,999.999669,999.999580,999.999495,999.999415,999.999340,999.999272,999.999208,999.999148,999.999091,999.999038,999.998987,999.998941,999.998900,999.998863,999.998831,999.998804,999.998780,999.998761,999.998745,999.998733,999.998723,999.998715,999.998709,999.998705,999.998702,999.998701,999.998702,999.998705,999.998709,999.998715,999.998723,999.998733,999.998746,999.998763,999.998783,999.998808,999.998837,999.998871,999.998909,999.998952,999.998999,999.999052,999.999109,999.999170,999.999235,999.999303,999.999375,999.999453,999.999535,999.999621,999.999711,999.999803,999.999896,999.999989,1000.000086,1000.000188,1000.000296,1000.000410,1000.000531,1000.000657,1000.000788,1000.000921,1000.001058,1000.001199,1000.001342,1000.001486,1000.001646,0.000000,0.000000,0.000000,0.000000,0.000000,0.000000,0.000000,0.000000,0.000000,0.000000
0.000000,0.000000,0.000000,0.000000,0.000000,0.000000,0.000000,0.000000,0.000000,0.000000,0.000000,1000.001587,1000.001440,1000.001297,1000.001154,1000.001014,1000.000880,1000.000748,1000.000622,1000.000501,1000.000384,1000.000272,1000.000164,1000.000061,999.999962,999.999865,999.999772,999.999683,999.999597,999.999517,999.999442,999.999372,999.999308,999.999247,999.999190,999.999137,999.999085,999.999038,999.998994,999.998954,999.998919,999.998888,999.998861,999.998838,999.998819,999.998804,999.998791,999.998780,999.998772,999.998766,999.998763,999.998762,999.998763,999.998766,999.998772,999.998780,999.998790,999.998803,999.998820,999.998840,999.998864,999.998892,999.998924,999.998961,999.999003,999.999049,999.999100,999.999155,999.999214,999.999275,999.999340,999.999409,999.999482,999.999560,999.999642,999.999728,999.999818,999.999909,1000.000000,1000.000094,1000.000191,1000.000292,1000.000400,1000.000514,1000.000635,1000.000761,1000.000890,1000.001023,1000.001160,1000.001302,1000.001445,1000.001595,0.000000,0.000000,0.000000,0.000000,0.000000,0.000000,0.000000,0.000000,0.000000,0.000000,0.000000
0.000000,0.000000,0.000000,0.000000,0.000000,0.000000,0.000000,0.000000,0.000000,0.000000,0.000000,1000.001710,1000.001550,1000.001406,1000.001266,1000.001126,1000.000990,1000.000858,1000.000731,1000.000610,1000.000493,1000.000380,1000.000272,1000.000169,1000.000069,999.999973,999.999880,999.999791,999.999705,999.999624,999.999549,999.999478,999.999412,999.999351,999.999294,999.999240,999.999189,999.999140,999.999095,999.999054,999.999017,999.998984,999.998955,999.998930,999.998909,999.998892,999.998877,999.998865,999.998855,999.998848,999.998844,999.998843,999.998844,999.998848,999.998854,999.998863,999.998875,999.998890,999.998909,999.998932,999.998958,999.998989,999.999024,999.999063,999.999107,999.999156,999.999208,999.999265,999.999324,999.999386,999.999450,999.999520,999.999593,999.999671,999.999752,999.999838,999.999926,1000.000016,1000.000107,1000.000201,1000.000297,1000.000399,1000.000506,1000.000620,1000.000740,1000.000865,1000.000994,1000.001127,1000.001265,1000.001405,1000.001550,1000.001710,0.000000,0.000000,0.000000,0.000000,0.000000,0.000000,0.000000,0.000000,0.000000,0.000000,0.000000
0.000000,0.000000,0.000000,0.000000,0.000000,0.000000,0.000000,0.000000,0.000000,0.000000,0.000000,0.000000,1000.001682,1000.001522,1000.001379,1000.001242,1000.001105,1000.000972,1000.000845,1000.000723,1000.000606,1000.000493,1000.000384,1000.000280,1000.000181,1000.000085,999.999993,999.999903,999.999817,999.999736,999.999660,999.999589,999.999522,999.999460,999.999402,999.999348,999.999296,999.999248,999.999202,999.999161,999.999123,999.999088,999.999058,999.999033,999.999010,999.998992,999.998976,999.998963,999.998953,999.998945,999.998940,999.998938,999.998939,999.998943,999.998950,999.998960,999.998973,999.998990,999.999011,999.999035,999.999064,999.999097,999.999133,999.999174,999.999219,999.999269,999.999322,999.999379,999.999438,999.999499,999.999564,999.999634,999.999707,999.999784,999.999864,999.999949,1000.000036,1000.000125,1000.000216,1000.000309,1000.000405,1000.000507,1000.000614,1000.000728,1000.000847,1000.000971,1000.001100,1000.001233,1000.001369,1000.001511,1000.001670,0.000000,0.000000,0.000000,0.000000,0.000000,0.000000,0.000000,0.000000,0.000000,0.000000,0.000000,0.000000
0.000000,0.000000,0.000000,0.000000,0.000000,0.000000,0.000000,0.000000,0.000000,0.000000,0.000000,0.000000,0.000000,1000.001656,1000.001499,1000.001359,1000.001225,1000.001092,1000.000963,1000.000840,1000.000723,1000.000609,1000.000501,1000.000396,1000.000297,1000.000201,1000.000109,1000.000020,999.999934,999.999853,999.999776,999.999704,999.999637,999.999574,999.999515,999.999460,999.999408,999.999359,999.999314,999.999273,999.999235,999.999200,999.999170,999.999143,999.999120,999.999101,999.999085,999.999072,999.999061,999.999053,999.999047,999.999045,999.999045,999.999049,999.999056,999.999066,999.999080,999.999098,999.999121,999.999148,999.999178,999.999213,999.999250,999.999292,999.999338,999.999388,999.999440,999.999496,999.999554,999.999616,999.999682,999.999751,999.999823,999.999899,999.999978,1000.000061,1000.000147,1000.000235,1000.000326,1000.000418,1000.000515,1000.000616,1000.000724,1000.000837,1000.000955,1000.001079,1000.001207,1000.001337,1000.001474,1000.001629,0.000000,0.000000,0.000000,0.000000,0.000000,0.000000,0.000000,0.000000,0.000000,0.000000,0.000000,0.000000,0.000000
0.000000,0.000000,0.000000,0.000000,0.000000,0.000000,0.000000,0.000000,0.000000,0.000000,0.000000,0.000000,0.000000,0.000000,1000.001636,1000.001483,1000.001346,1000.001215,1000.001086,1000.000961,1000.000843,1000.000730,1000.000621,1000.000516,1000.000416,1000.000321,1000.000229,1000.000140,1000.000054,999.999973,999.999896,999.999823,999.999755,999.999691,999.999632,999.999575,999.999523,999.999475,999.999430,999.999389,999.999352,999.999318,999.999287,999.999260,999.999237,999.999217,999.999201,999.999188,999.999178,999.999169,999.999162,999.999158,999.999158,999.999162,999.999169,999.999180,999.999195,999.999215,999.999238,999.999267,999.999299,999.999334,999.999373,999.999415,999.999461,999.999510,999.999561,999.999616,999.999674,999.999736,999.999802,999.999870,999.999942,1000.000017,1000.000095,1000.000177,1000.000262,1000.000349,1000.000438,1000.000530,1000.000627,1000.000729,1000.000837,1000.000949,1000.001066,1000.001188,1000.001311,1000.001442,1000.001591,0.000000,0.000000,0.000000,0.000000,0.000000,0.000000,0.000000,0.000000,0.000000,0.000000,0.000000,0.000000,0.000000,0.000000
0.000000,0.000000,0.000000,0.000000,0.000000,0.000000,0.000000,0.000000,0.000000,0.000000,0.000000,0.000000,0.000000,0.000000,0.000000,1000.001621,1000.001470,1000.001337,1000.001211,1000.001086,1000.000967,1000.000853,1000.000744,1000.000639,1000.000539,1000.000443,1000.000352,1000.000263,1000.000177,1000.000096,1000.000018,999.999945,999.999876,999.999812,999.999752,999.999695,999.999642,999.999594,999.999550,999.999509,999.999472,999.999439,999.999408,999.999381,999.999358,999.999339,999.999323,999.999310,999.999299,999.999290,999.999282,999.999278,999.999278,999.999281,999.999289,999.999301,999.999317,999.999337,999.999361,999.999390,999.999423,999.999459,999.999498,999.999540,999.999586,999.999634,999.999685,999.999739,999.999797,999.999859,999.999924,999.999993,1000.000064,1000.000138,1000.000216,1000.000296,1000.000380,1000.000466,1000.000555,1000.000647,1000.000744,1000.000846,1000.000952,1000.001063,1000.001177,1000.001293,1000.001416,1000.001559,0.000000,0.000000,0.000000,0.000000,0.000000,0.000000,0.000000,0.000000,0.000000,0.000000,0.000000,0.000000,0.000000,0.000000,0.000000
0.000000,0.000000,0.000000,0.000000,0.000000,0.000000,0.000000,0.000000,0.000000,0.000000,0.000000,0.000000,0.000000,0.000000,0.000000,0.000000,1000.001607,1000.001462,1000.001335,1000.001214,1000.001094,1000.000979,1000.000870,1000.000764,1000.000664,1000.000568,1000.000476,1000.000388,1000.000303,1000.000222,1000.000144,1000.000070,1000.000001,999.999936,999.999875,999.999818,999.999765,999.999716,999.999672,999.999632,999.999596,999.999562,999.999532,999.999506,999.999483,999.999464,999.999448,999.999434,999.999424,999.999415,999.999408,999.999403,999.999403,999.999406,999.999414,999.999427,999.999443,999.999464,999.999489,999.999517,999.999550,999.999586,999.999625,999.999668,999.999713,999.999761,999.999811,999.999865,999.999922,999.999984,1000.000050,1000.000118,1000.000189,1000.000262,1000.000339,1000.000419,1000.000502,1000.000587,1000.000676,1000.000769,1000.000865,1000.000966,1000.001070,1000.001178,1000.001286,1000.001400,1000.001531,0.000000,0.000000,0.000000,0.000000,0.000000,0.000000,0.000000,0.000000,0.000000,0.000000,0.000000,0.000000,0.000000,0.000000,0.000000,0.000000
0.000000,0.000000,0.000000,0.000000,0.000000,0.000000,0.000000,0.000000,0.000000,0.000000,0.000000,0.000000,0.000000,0.000000,0.000000,0.000000,0.000000,1000.001597,1000.001460,1000.001339,1000.001223,1000.001107,1000.000997,1000.000891,1000.000790,1000.000694,1000.000603,1000.000515,1000.000431,1000.000351,1000.000274,1000.000200,1000.000130,1000.000064,1000.000003,999.999945,999.999892,999.999843,999.999798,999.999758,999.999722,999.999689,999.999659,999.999632,999.999610,999.999590,999.999574,999.999561,999.999551,999.999543,999.999538,999.999535,999.999534,999.999537,999.999545,999.999558,999.999574,999.999595,999.999620,999.999649,999.999681,999.999716,999.999755,999.999797,999.999842,999.999890,999.999940,999.999994,1000.000052,1000.000114,1000.000179,1000.000247,1000.000318,1000.000391,1000.000467,1000.000546,1000.000628,1000.000713,1000.000802,1000.000894,1000.000989,1000.001088,1000.001191,1000.001292,1000.001397,1000.001515,0.000000,0.000000,0.000000,0.000000,0.000000,0.000000,0.000000,0.000000,0.000000,0.000000,0.000000,0.000000,0.000000,0.000000,0.000000,0.000000,0.000000
0.000000,0.000000,0.000000,0.000000,0.000000,0.000000,0.000000,0.000000,0.000000,0.000000,0.000000,0.000000,0.000000,0.000000,0.000000,0.000000,0.000000,0.000000,1000.001599,1000.001467,1000.001350,1000.001238,1000.001127,1000.001020,1000.000919,1000.000823,1000.000732,1000.000644,1000.000561,1000.000481,1000.000405,1000.000332,1000.000262,1000.000196,1000.000134,1000.000076,1000.000022,999.999973,999.999928,999.999888,999.999851,999.999818,999.999788,999.999762,999.999739,999.999720,999.999703,999.999691,999.999682,999.999676,999.999672,999.999670,999.999671,999.999674,999.999682,999.999694,999.999710,999.999730,999.999755,999.999783,999.999815,999.999850,999.999888,999.999930,999.999975,1000.000022,1000.000072,1000.000127,1000.000186,1000.000248,1000.000313,1000.000381,1000.000450,1000.000522,1000.000597,1000.000675,1000.000757,1000.000842,1000.000931,1000.001022,1000.001116,1000.001214,1000.001310,1000.001409,1000.001518,0.000000,0.000000,0.000000,0.000000,0.000000,0.000000,0.000000,0.000000,0.000000,0.000000,0.000000,0.000000,0.000000,0.000000,0.000000,0.000000,0.000000,0.000000
0.000000,0.000000,0.000000,0.000000,0.000000,0.000000,0.000000,0.000000,0.000000,0.000000,0.000000,0.000000,0.000000,0.000000,0.000000,0.000000,0.000000,0.000000,0.000000,1000.001609,1000.001483,1000.001370,1000.001261,1000.001153,1000.001050,1000.000953,1000.000863,1000.000776,1000.000693,1000.000614,1000.000539,1000.000467,1000.000397,1000.000331,1000.000269,1000.000211,1000.000156,1000.000106,1000.000060,1000.000020,999.999984,999.999951,999.999921,999.999895,999.999872,999.999853,999.999837,999.999824,999.999816,999.999811,999.999809,999.999809,999.999811,999.999815,999.999823,999.999834,999.999849,999.999869,999.999894,999.999922,999.999953,999.999987,1000.000025,1000.000067,1000.000112,1000.000159,1000.000210,1000.000266,1000.000325,1000.000387,1000.000452,1000.000518,1000.000586,1000.000656,1000.000730,1000.000808,1000.000889,1000.000974,1000.001063,1000.001153,1000.001248,1000.001340,1000.001436,1000.001541,0.000000,0.000000,0.000000,0.000000,0.000000,0.000000,0.000000,0.000000,0.000000,0.000000,0.000000,0.000000,0.000000,0.000000,0.000000,0.000000,0.000000,0.000000,0.000000
0.000000,0.000000,0.000000,0.000000,0.000000,0.000000,0.000000,0.000000,0.000000,0.000000,0.000000,0.000000,0.000000,0.000000,0.000000,0.000000,0.000000,0.000000,0.000000,0.000000,1000.001633,1000.001509,1000.001398,1000.001290,1000.001187,1000.001089,1000.000997,1000.000910,1000.000827,1000.000748,1000.000674,1000.000604,1000.000536,1000.000471,1000.000409,1000.000350,1000.000294,1000.000243,1000.000197,1000.000156,1000.000120,1000.000087,1000.000058,1000.000031,1000.000008,999.999989,999.999974,999.999962,999.999954,999.999949,999.999947,999.999948,999.999952,999.999957,999.999966,999.999977,999.999993,1000.000012,1000.000036,1000.000064,1000.000095,1000.000129,1000.000168,1000.000209,1000.000254,1000.000302,1000.000354,1000.000409,1000.000468,1000.000530,1000.000594,1000.000658,1000.000724,1000.000794,1000.000867,1000.000945,1000.001026,1000.001113,1000.001202,1000.001291,1000.001380,1000.001471,1000.001581,0.000000,0.000000,0.000000,0.000000,0.000000,0.000000,0.000000,0.000000,0.000000,0.000000,0.000000,0.000000,0.000000,0.000000,0.000000,0.000000,0.000000,0.000000,0.000000,0.000000
0.000000,0.000000,0.000000,0.000000,0.000000,0.000000,0.000000,0.000000,0.000000,0.000000,0.000000,0.000000,0.000000,0.000000,0.000000,0.000000,0.000000,0.000000,0.000000,0.000000,0.000000,1000.001669,1000.001549,1000.001430,1000.001327,1000.001231,1000.001137,1000.001049,1000.000966,1000.000887,1000.000814,1000.000745,1000.000678,1000.000615,1000.000553,1000.000494,1000.000438,1000.000386,1000.000339,1000.000297,1000.000260,1000.000227,1000.000198,1000.000171,1000.000148,1000.000129,1000.000114,1000.000102,1000.000093,1000.000088,1000.000087,1000.000088,1000.000093,1000.000101,1000.000111,1000.000123,1000.000139,1000.000159,1000.000183,1000.000210,1000.000241,1000.000276,1000.000314,1000.000356,1000.000401,1000.000449,1000.000501,1000.000557,1000.000615,1000.000676,1000.000738,1000.000801,1000.000866,1000.000935,1000.001008,1000.001085,1000.001168,1000.001257,1000.001346,1000.001434,1000.001510,1000.001619,0.000000,0.000000,0.000000,0.000000,0.000000,0.000000,0.000000,0.000000,0.000000,0.000000,0.000000,0.000000,0.000000,0.000000,0.000000,0.000000,0.000000,0.000000,0.000000,0.000000,0.000000
0.000000,0.000000,0.000000,0.000000,0.000000,0.000000,0.000000,0.000000,0.000000,0.000000,0.000000,0.000000,0.000000,0.000000,0.000000,0.000000,0.000000,0.000000,0.000000,0.000000,0.000000,0.000000,0.000000,1000.001589,1000.001474,1000.001377,1000.001283,1000.001195,1000.001111,1000.001032,1000.000959,1000.000890,1000.000825,1000.000762,1000.000702,1000.000643,1000.000587,1000.000535,1000.000486,1000.000443,1000.000404,1000.000371,1000.000341,1000.000314,1000.000292,1000.000272,1000.000257,1000.000245,1000.000236,1000.000231,1000.000229,1000.000231,1000.000236,1000.000245,1000.000256,1000.000271,1000.000288,1000.000308,1000.000332,1000.000359,1000.000390,1000.000425,1000.000463,1000.000505,1000.000550,1000.000598,1000.000650,1000.000705,1000.000763,1000.000822,1000.000882,1000.000944,1000.001009,1000.001077,1000.001150,1000.001230,1000.001313,1000.001400,1000.001490,1000.001599,0.000000,0.000000,0.000000,0.000000,0.000000,0.000000,0.000000,0.000000,0.000000,0.000000,0.000000,0.000000,0.000000,0.000000,0.000000,0.000000,0.000000,0.000000,0.000000,0.000000,0.000000,0.000000,0.000000
0.000000,0.000000,0.000000,0.000000,0.000000,0.000000,0.000000,0.000000,0.000000,0.000000,0.000000,0.000000,0.000000,0.000000,0.000000,0.000000,0.000000,0.000000,0.000000,0.000000,0.000000,0.000000,0.000000,0.000000,1000.001639,1000.001532,1000.001433,1000.001347,1000.001263,1000.001186,1000.001111,1000.001042,1000.000977,1000.000914,1000.000854,1000.000796,1000.000741,1000.000688,1000.000639,1000.000594,1000.000554,1000.000519,1000.000488,1000.000461,1000.000438,1000.000419,1000.000402,1000.000390,1000.000381,1000.000376,1000.000374,1000.000377,1000.000382,1000.000391,1000.000404,1000.000419,1000.000438,1000.000460,1000.000483,1000.000510,1000.000541,1000.000576,1000.000614,1000.000655,1000.000700,1000.000747,1000.000799,1000.000853,1000.000909,1000.000966,1000.001025,1000.001086,1000.001150,1000.001219,1000.001293,1000.001373,1000.001455,1000.001543,1000.001652,0.000000,0.000000,0.000000,0.000000,0.000000,0.000000,0.000000,0.000000,0.000000,0.000000,0.000000,0.000000,0.000000,0.000000,0.000000,0.000000,0.000000,0.000000,0.000000,0.000000,0.000000,0.000000,0.000000,0.000000
0.000000,0.000000,0.000000,0.000000,0.000000,0.000000,0.000000,0.000000,0.000000,0.000000,0.000000,0.000000,0.000000,0.000000,0.000000,0.000000,0.000000,0.000000,0.000000,0.000000,0.000000,0.000000,0.000000,0.000000,0.000000,0.000000,1000.001605,1000.001506,1000.001420,1000.001344,1000.001269,1000.001199,1000.001133,1000.001070,1000.001011,1000.000953,1000.000897,1000.000845,1000.000795,1000.000750,1000.000709,1000.000672,1000.000640,1000.000612,1000.000588,1000.000567,1000.000551,1000.000538,1000.000529,1000.000524,1000.000522,1000.000525,1000.000531,1000.000540,1000.000554,1000.000571,1000.000591,1000.000613,1000.000637,1000.000665,1000.000695,1000.000730,1000.000767,1000.000808,1000.000851,1000.000897,1000.000947,1000.000999,1000.001053,1000.001108,1000.001166,1000.001227,1000.001290,1000.001359,1000.001430,1000.001510,1000.001612,0.000000,0.000000,0.000000,0.000000,0.000000,0.000000,0.000000,0.000000,0.000000,0.000000,0.000000,0.000000,0.000000,0.000000,0.000000,0.000000,0.000000,0.000000,0.000000,0.000000,0.000000,0.000000,0.000000,0.000000,0.000000,0.000000
0.000000,0.000000,0.000000,0.000000,0.000000,0.000000,0.000000,0.000000,0.000000,0.000000,0.000000,0.000000,0.000000,0.000000,0.000000,0.000000,0.000000,0.000000,0.000000,0.000000,0.000000,0.000000,0.000000,0.000000,0.000000,0.000000,0.000000,0.000000,1000.001598,1000.001504,1000.001428,1000.001361,1000.001295,1000.001233,1000.001172,1000.001114,1000.001059,1000.001006,1000.000956,1000.000909,1000.000867,1000.000829,1000.000795,1000.000765,1000.000739,1000.000718,1000.000701,1000.000688,1000.000679,1000.000674,1000.000673,1000.000675,1000.000682,1000.000693,1000.000708,1000.000726,1000.000747,1000.000770,1000.000795,1000.000822,1000.000853,1000.000886,1000.000923,1000.000962,1000.001004,1000.001048,1000.001095,1000.001145,1000.001197,1000.001252,1000.001308,1000.001367,1000.001427,1000.001492,1000.001579,0.000000,0.000000,0.000000,0.000000,0.000000,0.000000,0.000000,0.000000,0.000000,0.000000,0.000000,0.000000,0.000000,0.000000,0.000000,0.000000,0.000000,0.000000,0.000000,0.000000,0.000000,0.000000,0.000000,0.000000,0.000000,0.000000,0.000000,0.000000
0.000000,0.000000,0.000000,0.000000,0.000000,0.000000,0.000000,0.000000,0.000000,0.000000,0.000000,0.000000,0.000000,0.000000,0.000000,0.000000,0.000000,0.000000,0.000000,0.000000,0.000000,0.000000,0.000000,0.000000,0.000000,0.000000,0.000000,0.000000,0.000000,0.000000,1000.001606,1000.001521,1000.001458,1000.001399,1000.001340,1000.001281,1000.001224,1000.001170,1000.001119,1000.001072,1000.001029,1000.000989,1000.000953,1000.000921,1000.000894,1000.000872,1000.000854,1000.000841,1000.000832,1000.000827,1000.000826,1000.000830,1000.000837,1000.000849,1000.000865,1000.000884,1000.000906,1000.000930,1000.000955,1000.000983,1000.001013,1000.001045,1000.001080,1000.001118,1000.001158,1000.001200,1000.001246,1000.001295,1000.001346,1000.001398,1000.001450,1000.001503,1000.001578,0.000000,0.000000,0.000000,0.000000,0.000000,0.000000,0.000000,0.000000,0.000000,0.000000,0.000000,0.000000,0.000000,0.000000,0.000000,0.000000,0.000000,0.000000,0.000000,0.000000,0.000000,0.000000,0.000000,0.000000,0.000000,0.000000,0.000000,0.000000,0.000000,0.000000
0.000000,0.000000,0.000000,0.000000,0.000000,0.000000,0.000000,0.000000,0.000000,0.000000,0.000000,0.000000,0.000000,0.000000,0.000000,0.000000,0.000000,0.000000,0.000000,0.000000,0.000000,0.000000,0.000000,0.000000,0.000000,0.000000,0.000000,0.000000,0.000000,0.000000,0.000000,0.000000,1000.001638,1000.001565,1000.001508,1000.001450,1000.001395,1000.001340,1000.001287,1000.001238,1000.001193,1000.001152,1000.001115,1000.001082,1000.001053,1000.001029,1000.001011,1000.000998,1000.000989,1000.000985,1000.000985,1000.000989,1000.000998,1000.001011,1000.001028,1000.001047,1000.001068,1000.001092,1000.001117,1000.001145,1000.001175,1000.001206,1000.001240,1000.001275,1000.001314,1000.001355,1000.001400,1000.001445,1000.001495,1000.001543,1000.001609,0.000000,0.000000,0.000000,0.000000,0.000000,0.000000,0.000000,0.000000,0.000000,0.000000,0.000000,0.000000,0.000000,0.000000,0.000000,0.000000,0.000000,0.000000,0.000000,0.000000,0.000000,0.000000,0.000000,0.000000,0.000000,0.000000,0.000000,0.000000,0.000000,0.000000,0.000000,0.000000
0.000000,0.000000,0.000000,0.000000,0.000000,0.000000,0.000000,0.000000,0.000000,0.000000,0.000000,0.000000,0.000000,0.000000,0.000000,0.000000,0.000000,0.000000,0.000000,0.000000,0.000000,0.000000,0.000000,0.000000,0.000000,0.000000,0.000000,0.000000,0.000000,0.000000,0.000000,0.000000,0.000000,0.000000,1000.001690,1000.001621,1000.001568,1000.001511,1000.001459,1000.001408,1000.001360,1000.001318,1000.001280,1000.001246,1000.001216,1000.001192,1000.001173,1000.001160,1000.001152,1000.001148,1000.001149,1000.001155,1000.001164,1000.001179,1000.001195,1000.001214,1000.001234,1000.001257,1000.001282,1000.001310,1000.001340,1000.001371,1000.001401,1000.001435,1000.001472,1000.001513,1000.001553,1000.001595,1000.001656,0.000000,0.000000,0.000000,0.000000,0.000000,0.000000,0.000000,0.000000,0.000000,0.000000,0.000000,0.000000,0.000000,0.000000,0.000000,0.000000,0.000000,0.000000,0.000000,0.000000,0.000000,0.000000,0.000000,0.000000,0.000000,0.000000,0.000000,0.000000,0.000000,0.000000,0.000000,0.000000,0.000000,0.000000
0.000000,0.000000,0.000000,0.000000,0.000000,0.000000,0.000000,0.000000,0.000000,0.000000,0.000000,0.000000,0.000000,0.000000,0.000000,0.000000,0.000000,0.000000,0.000000,0.000000,0.000000,0.000000,0.000000,0.000000,0.000000,0.000000,0.000000,0.000000,0.000000,0.000000,0.000000,0.000000,0.000000,0.000000,0.000000,0.000000,0.000000,1000.001694,1000.001632,1000.001578,1000.001530,1000.001488,1000.001446,1000.001414,1000.001385,1000.001360,1000.001340,1000.001325,1000.001316,1000.001314,1000.001321,1000.001326,1000.001337,1000.001352,1000.001368,1000.001385,1000.001404,1000.001426,1000.001451,1000.001479,1000.001509,1000.001545,1000.001569,1000.001594,1000.001628,1000.001682,0.000000,0.000000,0.000000,0.000000,0.000000,0.000000,0.000000,0.000000,0.000000,0.000000,0.000000,0.000000,0.000000,0.000000,0.000000,0.000000,0.000000,0.000000,0.000000,0.000000,0.000000,0.000000,0.000000,0.000000,0.000000,0.000000,0.000000,0.000000,0.000000,0.000000,0.000000,0.000000,0.000000,0.000000,0.000000,0.000000,0.000000
0.000000,0.000000,0.000000,0.000000,0.000000,0.000000,0.000000,0.000000,0.000000,0.000000,0.000000,0.000000,0.000000,0.000000,0.000000,0.000000,0.000000,0.000000,0.000000,0.000000,0.000000,0.000000,0.000000,0.000000,0.000000,0.000000,0.000000,0.000000,0.000000,0.000000,0.000000,0.000000,0.000000,0.000000,0.000000,0.000000,0.000000,0.000000,0.000000,0.000000,0.000000,0.000000,1000.001626,1000.001588,1000.001558,1000.001531,1000.001507,1000.001489,1000.001481,1000.001486,1000.001498,1000.001499,1000.001519,1000.001532,1000.001544,1000.001559,1000.001577,1000.001599,1000.001624,1000.001654,1000.001691,0.000000,0.000000,0.000000,0.000000,0.000000,0.000000,0.000000,0.000000,0.000000,0.000000,0.000000,0.000000,0.000000,0.000000,0.000000,0.000000,0.000000,0.000000,0.000000,0.000000,0.000000,0.000000,0.000000,0.000000,0.000000,0.000000,0.000000,0.000000,0.000000,0.000000,0.000000,0.000000,0.000000,0.000000,0.000000,0.000000,0.000000,0.000000,0.000000,0.000000,0.000000,0.000000
0.000000,0.000000,0.000000,0.000000,0.000000,0.000000,0.000000,0.000000,0.000000,0.000000,0.000000,0.000000,0.000000,0.000000,0.000000,0.000000,0.000000,0.000000,0.000000,0.000000,0.000000,0.000000,0.000000,0.000000,0.000000,0.000000,0.000000,0.000000,0.000000,0.000000,0.000000,0.000000,0.000000,0.000000,0.000000,0.000000,0.000000,0.000000,0.000000,0.000000,0.000000,0.000000,0.000000,0.000000,0.000000,0.000000,0.000000,0.000000,0.000000,0.000000,0.000000,1000.001692,0.000000,0.000000,0.000000,0.000000,0.000000,0.000000,0.000000,0.000000,0.000000,0.000000,0.000000,0.000000,0.000000,0.000000,0.000000,0.000000,0.000000,0.000000,0.000000,0.000000,0.000000,0.000000,0.000000,0.000000,0.000000,0.000000,0.000000,0.000000,0.000000,0.000000,0.000000,0.000000,0.000000,0.000000,0.000000,0.000000,0.000000,0.000000,0.000000,0.000000,0.000000,0.000000,0.000000,0.000000,0.000000,0.000000,0.000000,0.000000,0.000000,0.000000,0.000000
0.000000,0.000000,0.000000,0.000000,0.000000,0.000000,0.000000,0.000000,0.000000,0.000000,0.000000,0.000000,0.000000,0.000000,0.000000,0.000000,0.000000,0.000000,0.000000,0.000000,0.000000,0.000000,0.000000,0.000000,0.000000,0.000000,0.000000,0.000000,0.000000,0.000000,0.000000,0.000000,0.000000,0.000000,0.000000,0.000000,0.000000,0.000000,0.000000,0.000000,0.000000,0.000000,0.000000,0.000000,0.000000,0.000000,0.000000,0.000000,0.000000,0.000000,0.000000,0.000000,0.000000,0.000000,0.000000,0.000000,0.000000,0.000000,0.000000,0.000000,0.000000,0.000000,0.000000,0.000000,0.000000,0.000000,0.000000,0.000000,0.000000,0.000000,0.000000,0.000000,0.000000,0.000000,0.000000,0.000000,0.000000,0.000000,0.000000,0.000000,0.000000,0.000000,0.000000,0.000000,0.000000,0.000000,0.000000,0.000000,0.000000,0.000000,0.000000,0.000000,0.000000,0.000000,0.000000,0.000000,0.000000,0.000000,0.000000,0.000000,0.000000,0.000000,0.000000
